n: 16
Median: 111.5
Mean: 124.7890625
Std: 71.74865551263727
Number of terminated evaluations (iters > n ^ 3): 0
[ 96, 139, 120, 237,  86, 233, 296,  59,  71,  61, 146,  31,  82, 107,  51,
 148, 104, 132,  75, 280,  72,  90,  71, 157,  85,  57, 124, 234, 229,  72,
 375,  62,  71, 126, 208,  82, 120,  33,  94,  80, 342,  36, 106,  51,  52,
 124,  21, 312, 144,  95, 239,  88, 219, 263,  67, 117,  49,  81, 115, 120,
  52, 155,  33,  54, 164, 129, 168,  71, 125, 146, 242,  76,  58,  88, 100,
 253,  90,  68, 133, 229, 259,  60, 142, 156, 130, 225, 149, 114, 111, 194,
  28,  56, 208, 162, 112, 176, 112,  71, 226, 114, 102,  65,  29, 154,  60,
  71, 200, 118, 111,  96, 175, 134, 148,  47, 133, 111,  74,  24,  93, 181,
  34,  80,  99, 242, 117, 208, 144,  47]