n: 128
lambda: 4
Median: 152.5
Mean: 159.1796875
Std: 29.984744452843746
Number of terminated evaluations (iters > n ^ 2): 0
[197, 159, 145, 126, 150, 153, 156, 206, 149, 195, 141, 138, 166, 140, 144,
 169, 208, 205, 116, 143, 172, 198, 135, 182, 143, 187, 169, 134, 145, 185,
 125, 199, 154, 163, 141, 153, 164, 135, 140, 146, 163, 167, 148, 111, 153,
 142, 175, 273, 132, 156, 129, 144, 129, 213, 199, 150, 168, 124, 174, 166,
 190, 171,  99, 124, 130, 138, 213, 138, 146, 183, 149, 252, 154, 147, 124,
 234, 123, 151, 133, 194, 196, 132, 205, 186, 143, 149, 215, 146, 174, 148,
 201, 176, 170, 115, 116, 135, 127, 175, 144, 146, 136, 188, 152, 201, 191,
 196, 108, 133, 164, 156, 163, 138, 132, 172, 109, 161, 147, 138, 152, 182,
 157, 185, 145, 111, 159, 151, 177, 187]