n: 128
lambda: 25
Median: 48.0
Mean: 47.4375
Std: 4.847276941747809
Number of terminated evaluations (iters > n ^ 2): 0
[46, 44, 51, 57, 50, 45, 50, 45, 57, 49, 42, 43, 51, 53, 57, 55, 51, 45,
 53, 49, 50, 47, 47, 50, 49, 48, 37, 48, 49, 51, 45, 42, 49, 39, 43, 48,
 54, 53, 48, 48, 48, 43, 41, 53, 53, 48, 49, 49, 39, 48, 46, 50, 39, 47,
 50, 51, 49, 45, 41, 44, 49, 40, 49, 48, 43, 50, 44, 41, 44, 40, 54, 47,
 42, 45, 41, 50, 55, 42, 49, 45, 46, 49, 41, 53, 48, 52, 37, 50, 48, 52,
 43, 45, 46, 45, 46, 56, 37, 52, 46, 50, 42, 47, 47, 41, 55, 49, 51, 44,
 48, 61, 55, 46, 54, 46, 46, 43, 48, 47, 53, 45, 43, 57, 35, 45, 53, 48,
 51, 41]