n: 2048
lambda: 161
Median: 510.5
Mean: 510.71875
Std: 9.77236017743411
Number of terminated evaluations (iters > n ^ 2): 0
[517, 508, 503, 506, 520, 510, 509, 507, 517, 510, 501, 498, 519, 522, 504,
 508, 520, 492, 513, 505, 517, 510, 506, 507, 502, 507, 519, 524, 501, 492,
 507, 492, 506, 521, 508, 518, 514, 507, 527, 499, 526, 530, 514, 517, 514,
 537, 511, 516, 521, 501, 517, 515, 523, 531, 521, 503, 515, 527, 507, 516,
 520, 520, 501, 504, 499, 507, 511, 507, 511, 510, 518, 509, 512, 490, 522,
 518, 528, 513, 512, 507, 511, 511, 522, 530, 515, 502, 511, 515, 502, 501,
 520, 497, 518, 504, 502, 525, 497, 507, 493, 515, 506, 505, 509, 513, 514,
 509, 494, 491, 515, 517, 496, 504, 508, 509, 506, 512, 500, 504, 501, 512,
 514, 511, 483, 530, 518, 529, 510, 500]