n: 256
lambda: 40
Median: 84.0
Mean: 83.9296875
Std: 6.424055856882298
Number of terminated evaluations (iters > n ^ 2): 0
[ 87,  84,  78,  86,  84,  81,  85,  76,  85,  92,  80,  78,  87,  89,  86,
  86,  83,  83,  90,  81,  73,  89, 100,  81,  75,  84,  75,  96,  94,  84,
  93,  94,  69, 103,  76,  88,  83,  79,  88,  93,  89,  90,  77,  81,  84,
  91,  83,  80,  82,  80,  85,  81,  87,  92,  71,  89,  93,  85,  79,  84,
  94,  69,  90,  91,  90,  82,  79,  78,  86,  85,  79,  74,  77,  77,  82,
  87,  80,  75,  88,  85,  87,  82,  91,  80,  82,  90,  87,  83,  87,  79,
  75,  90,  80,  97,  85,  84,  89,  86,  77,  83,  78,  83,  89,  81,  95,
  87,  84,  80,  85,  85,  78,  90,  80,  81,  68,  76,  87,  95,  73,  85,
  82,  85,  79,  88,  93,  77,  74,  82]