n: 512
lambda: 63
Median: 150.0
Mean: 150.8515625
Std: 6.821484721715189
Number of terminated evaluations (iters > n ^ 2): 0
[143, 147, 155, 165, 144, 148, 147, 148, 155, 144, 144, 138, 146, 153, 145,
 154, 140, 153, 151, 151, 152, 152, 161, 158, 150, 163, 148, 155, 150, 157,
 147, 152, 142, 149, 149, 148, 156, 150, 150, 157, 148, 158, 152, 136, 158,
 149, 153, 158, 154, 147, 157, 157, 150, 145, 150, 154, 155, 143, 137, 157,
 160, 147, 133, 149, 142, 151, 158, 160, 147, 152, 160, 148, 150, 142, 149,
 150, 150, 145, 163, 137, 150, 138, 148, 166, 150, 154, 145, 143, 151, 155,
 149, 151, 149, 154, 154, 148, 141, 134, 155, 153, 159, 149, 164, 158, 138,
 152, 152, 149, 162, 162, 145, 156, 149, 145, 157, 157, 153, 152, 145, 163,
 142, 164, 164, 156, 149, 146, 152, 153]