n: 64
lambda: 4
Median: 68.0
Mean: 71.6328125
Std: 18.76036009355481
Number of terminated evaluations (iters > n ^ 2): 0
[ 66,  68,  53,  52,  60, 117,  60,  69,  64,  99,  85,  85,  52,  63,  91,
  66,  76,  77,  44,  74,  79,  64,  52,  66,  64,  75, 121,  66,  91,  52,
 110,  77,  78,  62,  49,  79,  68, 102,  96,  85,  68,  76,  62,  55,  36,
  92,  71,  73, 148,  59,  79,  48,  40,  47, 152,  57,  84,  54,  72,  64,
  99,  46,  80,  68,  91,  64,  78,  75,  70,  50,  58,  61,  70,  56,  95,
  61,  89,  83,  54,  61,  73,  66,  72,  55,  60,  68,  74,  65,  73,  58,
  54,  68,  51,  80,  62,  68,  99,  58,  76,  51,  68,  97,  66,  67,  63,
  62,  57,  48,  87,  76,  68,  54,  63, 100,  85, 107,  69,  78,  72,  76,
  86,  89,  77,  49,  89,  63,  63,  56]