l: 69
Real fitness of mutation winner: 363.0
Noisy fitness of mutation winner: 363.0
Crossover offspring real fitness: [385.0, 383.0, 384.0, 382.0, 384.0, 384.0, 384.0, 384.0, 384.0, 383.0, 385.0, 383.0, 383.0, 385.0, 381.0, 383.0, 384.0, 384.0, 386.0, 385.0, 383.0, 385.0, 384.0, 383.0, 381.0, 384.0, 383.0, 384.0, 382.0, 384.0, 383.0, 382.0, 383.0, 384.0, 385.0, 383.0, 384.0, 383.0, 384.0, 383.0, 384.0, 383.0, 383.0, 385.0, 384.0, 385.0, 382.0, 384.0, 383.0, 385.0, 383.0, 382.0, 384.0, 385.0, 384.0, 382.0, 384.0, 383.0, 383.0, 384.0, 382.0, 382.0, 384.0]
Crossover offspring noisy fitness: [385.0, 383.0, 384.0, 381.0, 384.0, 384.0, 384.0, 384.0, 384.0, 383.0, 385.0, 383.0, 383.0, 385.0, 381.0, 382.0, 384.0, 384.0, 386.0, 385.0, 383.0, 385.0, 384.0, 383.0, 381.0, 384.0, 383.0, 384.0, 382.0, 384.0, 382.0, 382.0, 383.0, 384.0, 385.0, 383.0, 384.0, 383.0, 384.0, 383.0, 384.0, 383.0, 383.0, 385.0, 384.0, 384.0, 382.0, 384.0, 383.0, 385.0, 383.0, 382.0, 384.0, 385.0, 383.0, 382.0, 384.0, 383.0, 383.0, 384.0, 381.0, 382.0, 384.0]
Is bad individual winner: 0
Is good individual winner: 1
Real fitness of best good: 386.0
Noisy fitness of best good: 386.0
Real fitness of best bad: 383.0
Noisy fitness of best bad: 383.0

l: 71
Real fitness of mutation winner: 363.0
Noisy fitness of mutation winner: 363.0
Crossover offspring real fitness: [382.0, 383.0, 384.0, 383.0, 385.0, 383.0, 382.0, 383.0, 384.0, 383.0, 383.0, 383.0, 384.0, 385.0, 385.0, 383.0, 382.0, 386.0, 384.0, 384.0, 383.0, 383.0, 384.0, 383.0, 384.0, 386.0, 383.0, 384.0, 383.0, 384.0, 384.0, 383.0, 384.0, 383.0, 385.0, 383.0, 386.0, 383.0, 385.0, 382.0, 384.0, 383.0, 384.0, 385.0, 382.0, 383.0, 384.0, 385.0, 383.0, 385.0, 384.0, 385.0, 384.0, 385.0, 384.0, 382.0, 384.0, 384.0, 385.0, 384.0, 384.0, 384.0, 384.0]
Crossover offspring noisy fitness: [382.0, 383.0, 384.0, 383.0, 385.0, 383.0, 382.0, 383.0, 384.0, 383.0, 383.0, 383.0, 384.0, 386.0, 385.0, 383.0, 382.0, 386.0, 384.0, 384.0, 383.0, 383.0, 384.0, 383.0, 384.0, 386.0, 383.0, 384.0, 383.0, 384.0, 384.0, 383.0, 384.0, 383.0, 385.0, 383.0, 386.0, 383.0, 385.0, 382.0, 384.0, 383.0, 384.0, 385.0, 382.0, 383.0, 384.0, 385.0, 383.0, 385.0, 384.0, 385.0, 384.0, 385.0, 384.0, 382.0, 384.0, 384.0, 385.0, 384.0, 384.0, 384.0, 384.0]
Is bad individual winner: 0
Is good individual winner: 1
Real fitness of best good: 386.0
Noisy fitness of best good: 386.0
Real fitness of best bad: 383.0
Noisy fitness of best bad: 383.0

l: 64
Real fitness of mutation winner: 370.0
Noisy fitness of mutation winner: 370.0
Crossover offspring real fitness: [384.0, 383.0, 383.0, 384.0, 384.0, 382.0, 385.0, 382.0, 385.0, 382.0, 382.0, 384.0, 384.0, 384.0, 384.0, 384.0, 383.0, 385.0, 384.0, 385.0, 382.0, 384.0, 385.0, 382.0, 383.0, 384.0, 384.0, 382.0, 384.0, 384.0, 385.0, 384.0, 384.0, 384.0, 383.0, 384.0, 384.0, 383.0, 380.0, 384.0, 385.0, 384.0, 383.0, 385.0, 383.0, 383.0, 387.0, 382.0, 383.0, 386.0, 383.0, 384.0, 385.0, 385.0, 384.0, 384.0, 382.0, 383.0, 385.0, 384.0, 384.0, 384.0, 383.0]
Crossover offspring noisy fitness: [384.0, 383.0, 384.0, 384.0, 384.0, 382.0, 385.0, 382.0, 385.0, 382.0, 382.0, 384.0, 384.0, 384.0, 384.0, 384.0, 383.0, 385.0, 384.0, 385.0, 382.0, 383.0, 385.0, 382.0, 383.0, 384.0, 384.0, 382.0, 384.0, 383.0, 385.0, 384.0, 384.0, 384.0, 383.0, 384.0, 384.0, 383.0, 380.0, 384.0, 385.0, 383.0, 383.0, 385.0, 383.0, 383.0, 387.0, 382.0, 383.0, 386.0, 383.0, 384.0, 385.0, 385.0, 384.0, 384.0, 382.0, 383.0, 385.0, 384.0, 384.0, 384.0, 383.0]
Is bad individual winner: 0
Is good individual winner: 1
Real fitness of best good: 387.0
Noisy fitness of best good: 387.0
Real fitness of best bad: 383.0
Noisy fitness of best bad: 384.0

l: 66
Real fitness of mutation winner: 372.0
Noisy fitness of mutation winner: 372.0
Crossover offspring real fitness: [385.0, 384.0, 383.0, 384.0, 384.0, 383.0, 384.0, 384.0, 384.0, 385.0, 384.0, 384.0, 385.0, 383.0, 383.0, 383.0, 383.0, 384.0, 385.0, 384.0, 386.0, 383.0, 384.0, 383.0, 384.0, 385.0, 385.0, 385.0, 382.0, 385.0, 384.0, 384.0, 384.0, 383.0, 384.0, 383.0, 384.0, 383.0, 386.0, 384.0, 384.0, 382.0, 384.0, 384.0, 384.0, 383.0, 384.0, 386.0, 384.0, 384.0, 382.0, 384.0, 385.0, 383.0, 383.0, 384.0, 383.0, 384.0, 384.0, 384.0, 385.0, 384.0, 386.0]
Crossover offspring noisy fitness: [385.0, 384.0, 383.0, 384.0, 383.0, 383.0, 384.0, 384.0, 384.0, 385.0, 384.0, 384.0, 385.0, 383.0, 383.0, 383.0, 383.0, 383.0, 385.0, 384.0, 386.0, 383.0, 384.0, 383.0, 384.0, 385.0, 385.0, 385.0, 382.0, 384.0, 384.0, 384.0, 384.0, 383.0, 383.0, 383.0, 385.0, 383.0, 386.0, 384.0, 384.0, 382.0, 384.0, 383.0, 384.0, 382.0, 385.0, 386.0, 384.0, 384.0, 382.0, 384.0, 385.0, 383.0, 383.0, 384.0, 383.0, 384.0, 384.0, 384.0, 385.0, 384.0, 386.0]
Is bad individual winner: 0
Is good individual winner: 1
Real fitness of best good: 386.0
Noisy fitness of best good: 386.0
Real fitness of best bad: 383.0
Noisy fitness of best bad: 383.0

l: 65
Real fitness of mutation winner: 369.0
Noisy fitness of mutation winner: 369.0
Crossover offspring real fitness: [383.0, 384.0, 384.0, 384.0, 384.0, 384.0, 382.0, 384.0, 385.0, 384.0, 384.0, 384.0, 386.0, 383.0, 383.0, 383.0, 386.0, 385.0, 383.0, 383.0, 384.0, 384.0, 386.0, 382.0, 383.0, 384.0, 384.0, 385.0, 385.0, 382.0, 385.0, 384.0, 383.0, 382.0, 385.0, 384.0, 384.0, 384.0, 385.0, 385.0, 385.0, 383.0, 384.0, 382.0, 385.0, 384.0, 383.0, 383.0, 385.0, 382.0, 384.0, 384.0, 384.0, 386.0, 384.0, 384.0, 384.0, 384.0, 385.0, 384.0, 384.0, 384.0, 384.0]
Crossover offspring noisy fitness: [383.0, 384.0, 384.0, 384.0, 384.0, 384.0, 382.0, 384.0, 385.0, 384.0, 384.0, 384.0, 386.0, 383.0, 383.0, 383.0, 386.0, 385.0, 383.0, 383.0, 384.0, 384.0, 386.0, 382.0, 383.0, 384.0, 384.0, 385.0, 385.0, 382.0, 385.0, 384.0, 383.0, 382.0, 385.0, 384.0, 384.0, 384.0, 385.0, 385.0, 385.0, 383.0, 384.0, 382.0, 385.0, 385.0, 383.0, 383.0, 385.0, 382.0, 384.0, 384.0, 384.0, 386.0, 384.0, 384.0, 384.0, 384.0, 385.0, 384.0, 384.0, 384.0, 384.0]
Is bad individual winner: 0
Is good individual winner: 1
Real fitness of best good: 386.0
Noisy fitness of best good: 386.0
Real fitness of best bad: 383.0
Noisy fitness of best bad: 383.0

l: 54
Real fitness of mutation winner: 370.0
Noisy fitness of mutation winner: 370.0
Crossover offspring real fitness: [384.0, 384.0, 384.0, 384.0, 384.0, 384.0, 384.0, 384.0, 385.0, 385.0, 384.0, 384.0, 384.0, 383.0, 385.0, 384.0, 384.0, 384.0, 383.0, 384.0, 382.0, 385.0, 384.0, 385.0, 382.0, 382.0, 383.0, 384.0, 384.0, 383.0, 384.0, 383.0, 385.0, 383.0, 384.0, 382.0, 383.0, 383.0, 384.0, 384.0, 384.0, 384.0, 384.0, 385.0, 386.0, 384.0, 384.0, 384.0, 384.0, 386.0, 385.0, 382.0, 384.0, 385.0, 383.0, 384.0, 383.0, 385.0, 384.0, 384.0, 384.0, 386.0, 384.0]
Crossover offspring noisy fitness: [384.0, 384.0, 383.0, 384.0, 384.0, 384.0, 384.0, 384.0, 385.0, 385.0, 384.0, 384.0, 384.0, 383.0, 385.0, 384.0, 383.0, 384.0, 383.0, 384.0, 382.0, 385.0, 384.0, 385.0, 382.0, 382.0, 383.0, 384.0, 384.0, 383.0, 384.0, 383.0, 385.0, 383.0, 384.0, 382.0, 383.0, 383.0, 384.0, 384.0, 384.0, 384.0, 384.0, 385.0, 386.0, 384.0, 384.0, 384.0, 384.0, 386.0, 385.0, 382.0, 384.0, 385.0, 383.0, 384.0, 383.0, 385.0, 384.0, 384.0, 384.0, 386.0, 384.0]
Is bad individual winner: 0
Is good individual winner: 1
Real fitness of best good: 386.0
Noisy fitness of best good: 386.0
Real fitness of best bad: 383.0
Noisy fitness of best bad: 383.0

l: 66
Real fitness of mutation winner: 364.0
Noisy fitness of mutation winner: 364.0
Crossover offspring real fitness: [383.0, 381.0, 383.0, 386.0, 385.0, 384.0, 383.0, 385.0, 383.0, 383.0, 382.0, 384.0, 383.0, 386.0, 385.0, 382.0, 383.0, 383.0, 384.0, 385.0, 385.0, 384.0, 384.0, 385.0, 384.0, 383.0, 385.0, 384.0, 384.0, 384.0, 384.0, 384.0, 383.0, 384.0, 384.0, 384.0, 383.0, 384.0, 384.0, 384.0, 383.0, 385.0, 384.0, 385.0, 383.0, 384.0, 384.0, 384.0, 383.0, 384.0, 384.0, 384.0, 382.0, 384.0, 383.0, 384.0, 384.0, 383.0, 386.0, 383.0, 384.0, 385.0, 382.0]
Crossover offspring noisy fitness: [383.0, 381.0, 382.0, 386.0, 385.0, 384.0, 383.0, 385.0, 383.0, 383.0, 382.0, 384.0, 383.0, 386.0, 385.0, 382.0, 383.0, 383.0, 384.0, 385.0, 385.0, 384.0, 384.0, 386.0, 384.0, 383.0, 385.0, 384.0, 384.0, 384.0, 384.0, 384.0, 383.0, 384.0, 384.0, 384.0, 383.0, 384.0, 384.0, 384.0, 383.0, 385.0, 384.0, 385.0, 382.0, 385.0, 384.0, 384.0, 383.0, 384.0, 384.0, 384.0, 382.0, 384.0, 383.0, 384.0, 384.0, 383.0, 386.0, 383.0, 384.0, 386.0, 381.0]
Is bad individual winner: 0
Is good individual winner: 1
Real fitness of best good: 386.0
Noisy fitness of best good: 386.0
Real fitness of best bad: 383.0
Noisy fitness of best bad: 383.0

l: 50
Real fitness of mutation winner: 372.0
Noisy fitness of mutation winner: 372.0
Crossover offspring real fitness: [383.0, 384.0, 382.0, 384.0, 383.0, 384.0, 384.0, 383.0, 384.0, 382.0, 384.0, 384.0, 385.0, 383.0, 382.0, 385.0, 384.0, 384.0, 384.0, 384.0, 382.0, 384.0, 386.0, 384.0, 383.0, 383.0, 384.0, 385.0, 384.0, 384.0, 382.0, 382.0, 383.0, 384.0, 384.0, 384.0, 384.0, 381.0, 385.0, 383.0, 384.0, 384.0, 384.0, 384.0, 384.0, 384.0, 383.0, 383.0, 387.0, 383.0, 384.0, 384.0, 384.0, 383.0, 383.0, 385.0, 384.0, 384.0, 384.0, 385.0, 384.0, 383.0, 384.0]
Crossover offspring noisy fitness: [383.0, 384.0, 382.0, 384.0, 383.0, 384.0, 384.0, 383.0, 384.0, 382.0, 384.0, 384.0, 385.0, 383.0, 382.0, 385.0, 384.0, 384.0, 384.0, 384.0, 382.0, 384.0, 386.0, 384.0, 383.0, 383.0, 384.0, 385.0, 384.0, 384.0, 382.0, 382.0, 383.0, 384.0, 384.0, 384.0, 384.0, 380.0, 385.0, 383.0, 384.0, 384.0, 384.0, 384.0, 385.0, 384.0, 383.0, 383.0, 387.0, 383.0, 384.0, 384.0, 384.0, 383.0, 383.0, 385.0, 384.0, 384.0, 384.0, 385.0, 384.0, 383.0, 385.0]
Is bad individual winner: 0
Is good individual winner: 1
Real fitness of best good: 387.0
Noisy fitness of best good: 387.0
Real fitness of best bad: 383.0
Noisy fitness of best bad: 383.0

l: 64
Real fitness of mutation winner: 366.0
Noisy fitness of mutation winner: 366.0
Crossover offspring real fitness: [381.0, 385.0, 383.0, 384.0, 382.0, 385.0, 384.0, 383.0, 384.0, 384.0, 385.0, 383.0, 385.0, 383.0, 383.0, 383.0, 384.0, 384.0, 383.0, 385.0, 384.0, 385.0, 382.0, 383.0, 385.0, 385.0, 385.0, 384.0, 384.0, 381.0, 383.0, 383.0, 383.0, 384.0, 384.0, 382.0, 382.0, 383.0, 384.0, 384.0, 384.0, 384.0, 383.0, 385.0, 384.0, 384.0, 384.0, 386.0, 384.0, 386.0, 383.0, 385.0, 384.0, 384.0, 385.0, 386.0, 384.0, 384.0, 382.0, 383.0, 383.0, 384.0, 386.0]
Crossover offspring noisy fitness: [381.0, 385.0, 383.0, 384.0, 382.0, 385.0, 384.0, 383.0, 384.0, 384.0, 385.0, 383.0, 385.0, 383.0, 383.0, 383.0, 384.0, 384.0, 383.0, 385.0, 384.0, 386.0, 382.0, 383.0, 385.0, 385.0, 385.0, 384.0, 384.0, 381.0, 383.0, 383.0, 383.0, 384.0, 384.0, 382.0, 382.0, 383.0, 384.0, 384.0, 384.0, 384.0, 382.0, 385.0, 384.0, 384.0, 384.0, 386.0, 384.0, 386.0, 383.0, 385.0, 384.0, 384.0, 385.0, 386.0, 384.0, 384.0, 382.0, 383.0, 383.0, 384.0, 386.0]
Is bad individual winner: 0
Is good individual winner: 1
Real fitness of best good: 386.0
Noisy fitness of best good: 386.0
Real fitness of best bad: 383.0
Noisy fitness of best bad: 383.0

l: 70
Real fitness of mutation winner: 368.0
Noisy fitness of mutation winner: 368.0
Crossover offspring real fitness: [383.0, 384.0, 385.0, 383.0, 384.0, 383.0, 385.0, 384.0, 383.0, 384.0, 385.0, 383.0, 384.0, 386.0, 384.0, 384.0, 384.0, 382.0, 383.0, 383.0, 384.0, 384.0, 385.0, 384.0, 384.0, 384.0, 383.0, 384.0, 386.0, 384.0, 382.0, 384.0, 384.0, 383.0, 384.0, 383.0, 383.0, 384.0, 384.0, 384.0, 383.0, 384.0, 381.0, 385.0, 384.0, 383.0, 384.0, 383.0, 384.0, 384.0, 384.0, 385.0, 384.0, 383.0, 384.0, 380.0, 384.0, 383.0, 383.0, 384.0, 384.0, 383.0, 383.0]
Crossover offspring noisy fitness: [383.0, 384.0, 385.0, 383.0, 384.0, 383.0, 385.0, 384.0, 383.0, 384.0, 385.0, 383.0, 383.0, 386.0, 384.0, 384.0, 384.0, 382.0, 383.0, 383.0, 384.0, 384.0, 385.0, 384.0, 383.0, 384.0, 383.0, 384.0, 386.0, 384.0, 382.0, 384.0, 384.0, 383.0, 384.0, 383.0, 383.0, 384.0, 384.0, 384.0, 383.0, 384.0, 381.0, 385.0, 384.0, 382.0, 384.0, 383.0, 384.0, 384.0, 384.0, 385.0, 384.0, 383.0, 384.0, 380.0, 384.0, 383.0, 383.0, 384.0, 384.0, 383.0, 383.0]
Is bad individual winner: 0
Is good individual winner: 1
Real fitness of best good: 386.0
Noisy fitness of best good: 386.0
Real fitness of best bad: 383.0
Noisy fitness of best bad: 383.0

l: 69
Real fitness of mutation winner: 367.0
Noisy fitness of mutation winner: 367.0
Crossover offspring real fitness: [384.0, 384.0, 384.0, 385.0, 384.0, 385.0, 383.0, 386.0, 382.0, 382.0, 383.0, 384.0, 384.0, 384.0, 385.0, 384.0, 385.0, 385.0, 383.0, 382.0, 382.0, 384.0, 384.0, 383.0, 384.0, 382.0, 384.0, 386.0, 383.0, 384.0, 385.0, 383.0, 383.0, 383.0, 384.0, 385.0, 386.0, 386.0, 383.0, 384.0, 381.0, 383.0, 384.0, 382.0, 384.0, 382.0, 383.0, 384.0, 382.0, 384.0, 384.0, 384.0, 384.0, 383.0, 383.0, 384.0, 383.0, 383.0, 384.0, 384.0, 385.0, 384.0, 384.0]
Crossover offspring noisy fitness: [383.0, 384.0, 384.0, 385.0, 384.0, 385.0, 383.0, 386.0, 382.0, 382.0, 383.0, 384.0, 384.0, 384.0, 385.0, 384.0, 385.0, 385.0, 383.0, 382.0, 382.0, 384.0, 384.0, 383.0, 384.0, 382.0, 384.0, 386.0, 383.0, 384.0, 385.0, 383.0, 383.0, 383.0, 384.0, 385.0, 386.0, 386.0, 383.0, 384.0, 381.0, 383.0, 384.0, 382.0, 384.0, 382.0, 383.0, 384.0, 382.0, 384.0, 384.0, 384.0, 384.0, 383.0, 383.0, 384.0, 382.0, 383.0, 384.0, 384.0, 385.0, 384.0, 384.0]
Is bad individual winner: 0
Is good individual winner: 1
Real fitness of best good: 386.0
Noisy fitness of best good: 386.0
Real fitness of best bad: 383.0
Noisy fitness of best bad: 383.0

l: 58
Real fitness of mutation winner: 372.0
Noisy fitness of mutation winner: 372.0
Crossover offspring real fitness: [383.0, 382.0, 384.0, 385.0, 384.0, 383.0, 386.0, 383.0, 384.0, 385.0, 384.0, 384.0, 383.0, 385.0, 384.0, 383.0, 382.0, 384.0, 383.0, 383.0, 384.0, 384.0, 383.0, 383.0, 382.0, 384.0, 383.0, 384.0, 384.0, 384.0, 384.0, 384.0, 384.0, 383.0, 386.0, 384.0, 385.0, 383.0, 383.0, 384.0, 385.0, 385.0, 385.0, 385.0, 384.0, 384.0, 385.0, 383.0, 384.0, 384.0, 384.0, 384.0, 384.0, 384.0, 384.0, 385.0, 383.0, 385.0, 385.0, 383.0, 381.0, 385.0, 382.0]
Crossover offspring noisy fitness: [383.0, 382.0, 384.0, 385.0, 384.0, 383.0, 386.0, 383.0, 384.0, 385.0, 384.0, 384.0, 383.0, 385.0, 384.0, 383.0, 382.0, 384.0, 383.0, 383.0, 383.0, 384.0, 383.0, 383.0, 382.0, 384.0, 382.0, 384.0, 384.0, 384.0, 384.0, 384.0, 384.0, 383.0, 386.0, 384.0, 385.0, 383.0, 383.0, 384.0, 385.0, 385.0, 385.0, 385.0, 384.0, 384.0, 385.0, 383.0, 384.0, 384.0, 384.0, 384.0, 384.0, 384.0, 384.0, 385.0, 383.0, 385.0, 385.0, 383.0, 381.0, 385.0, 382.0]
Is bad individual winner: 0
Is good individual winner: 1
Real fitness of best good: 386.0
Noisy fitness of best good: 386.0
Real fitness of best bad: 383.0
Noisy fitness of best bad: 383.0

l: 69
Real fitness of mutation winner: 367.0
Noisy fitness of mutation winner: 367.0
Crossover offspring real fitness: [384.0, 383.0, 384.0, 384.0, 382.0, 384.0, 383.0, 383.0, 386.0, 383.0, 383.0, 384.0, 384.0, 382.0, 385.0, 384.0, 383.0, 383.0, 383.0, 384.0, 384.0, 385.0, 384.0, 385.0, 384.0, 385.0, 384.0, 383.0, 384.0, 383.0, 385.0, 384.0, 385.0, 382.0, 384.0, 383.0, 384.0, 384.0, 383.0, 383.0, 383.0, 384.0, 383.0, 384.0, 385.0, 383.0, 382.0, 384.0, 384.0, 382.0, 384.0, 383.0, 385.0, 384.0, 381.0, 383.0, 384.0, 383.0, 383.0, 384.0, 383.0, 382.0, 385.0]
Crossover offspring noisy fitness: [384.0, 384.0, 384.0, 384.0, 382.0, 383.0, 383.0, 383.0, 386.0, 383.0, 383.0, 384.0, 384.0, 382.0, 385.0, 384.0, 383.0, 383.0, 383.0, 384.0, 384.0, 385.0, 384.0, 385.0, 384.0, 385.0, 384.0, 383.0, 384.0, 383.0, 385.0, 384.0, 385.0, 382.0, 384.0, 383.0, 384.0, 384.0, 383.0, 383.0, 383.0, 384.0, 383.0, 384.0, 385.0, 383.0, 382.0, 384.0, 384.0, 382.0, 384.0, 383.0, 385.0, 384.0, 381.0, 383.0, 384.0, 383.0, 383.0, 384.0, 383.0, 382.0, 385.0]
Is bad individual winner: 0
Is good individual winner: 1
Real fitness of best good: 386.0
Noisy fitness of best good: 386.0
Real fitness of best bad: 383.0
Noisy fitness of best bad: 384.0

l: 65
Real fitness of mutation winner: 363.0
Noisy fitness of mutation winner: 363.0
Crossover offspring real fitness: [379.0, 384.0, 383.0, 384.0, 382.0, 381.0, 384.0, 384.0, 385.0, 383.0, 385.0, 382.0, 384.0, 384.0, 383.0, 382.0, 383.0, 383.0, 384.0, 383.0, 384.0, 385.0, 382.0, 384.0, 383.0, 384.0, 384.0, 382.0, 384.0, 385.0, 385.0, 384.0, 384.0, 384.0, 385.0, 384.0, 382.0, 384.0, 384.0, 385.0, 382.0, 383.0, 387.0, 384.0, 384.0, 384.0, 384.0, 383.0, 382.0, 383.0, 384.0, 384.0, 385.0, 384.0, 384.0, 383.0, 383.0, 385.0, 384.0, 385.0, 384.0, 384.0, 384.0]
Crossover offspring noisy fitness: [379.0, 384.0, 383.0, 384.0, 382.0, 381.0, 385.0, 384.0, 385.0, 383.0, 385.0, 382.0, 384.0, 384.0, 383.0, 382.0, 383.0, 383.0, 383.0, 383.0, 384.0, 384.0, 382.0, 383.0, 383.0, 384.0, 384.0, 382.0, 384.0, 385.0, 385.0, 384.0, 384.0, 384.0, 385.0, 384.0, 382.0, 384.0, 384.0, 385.0, 382.0, 383.0, 387.0, 384.0, 384.0, 384.0, 384.0, 383.0, 382.0, 383.0, 384.0, 384.0, 385.0, 383.0, 384.0, 382.0, 383.0, 385.0, 383.0, 385.0, 384.0, 383.0, 384.0]
Is bad individual winner: 0
Is good individual winner: 1
Real fitness of best good: 387.0
Noisy fitness of best good: 387.0
Real fitness of best bad: 383.0
Noisy fitness of best bad: 383.0

l: 69
Real fitness of mutation winner: 361.0
Noisy fitness of mutation winner: 361.0
Crossover offspring real fitness: [385.0, 384.0, 384.0, 384.0, 384.0, 385.0, 382.0, 384.0, 383.0, 383.0, 384.0, 384.0, 382.0, 383.0, 384.0, 385.0, 384.0, 385.0, 384.0, 385.0, 385.0, 384.0, 385.0, 381.0, 382.0, 381.0, 383.0, 384.0, 385.0, 384.0, 384.0, 384.0, 386.0, 382.0, 384.0, 383.0, 384.0, 384.0, 384.0, 384.0, 384.0, 384.0, 384.0, 384.0, 382.0, 384.0, 381.0, 383.0, 381.0, 384.0, 384.0, 384.0, 383.0, 385.0, 385.0, 383.0, 383.0, 383.0, 384.0, 383.0, 381.0, 384.0, 381.0]
Crossover offspring noisy fitness: [385.0, 384.0, 384.0, 384.0, 384.0, 385.0, 382.0, 384.0, 382.0, 384.0, 384.0, 384.0, 382.0, 382.0, 384.0, 385.0, 384.0, 385.0, 384.0, 385.0, 385.0, 384.0, 385.0, 381.0, 381.0, 381.0, 384.0, 383.0, 385.0, 384.0, 384.0, 384.0, 386.0, 382.0, 384.0, 383.0, 384.0, 384.0, 384.0, 384.0, 384.0, 384.0, 384.0, 384.0, 382.0, 384.0, 381.0, 383.0, 381.0, 384.0, 384.0, 384.0, 383.0, 385.0, 385.0, 383.0, 383.0, 383.0, 384.0, 383.0, 380.0, 384.0, 381.0]
Is bad individual winner: 0
Is good individual winner: 1
Real fitness of best good: 386.0
Noisy fitness of best good: 386.0
Real fitness of best bad: 383.0
Noisy fitness of best bad: 384.0

l: 63
Real fitness of mutation winner: 365.0
Noisy fitness of mutation winner: 365.0
Crossover offspring real fitness: [383.0, 384.0, 383.0, 383.0, 384.0, 383.0, 383.0, 384.0, 384.0, 384.0, 384.0, 384.0, 383.0, 384.0, 384.0, 382.0, 383.0, 384.0, 383.0, 383.0, 385.0, 385.0, 382.0, 387.0, 383.0, 385.0, 382.0, 385.0, 382.0, 384.0, 385.0, 383.0, 383.0, 384.0, 385.0, 383.0, 385.0, 384.0, 383.0, 384.0, 384.0, 384.0, 384.0, 384.0, 383.0, 384.0, 382.0, 384.0, 383.0, 383.0, 384.0, 384.0, 384.0, 382.0, 383.0, 382.0, 383.0, 383.0, 385.0, 384.0, 384.0, 384.0, 385.0]
Crossover offspring noisy fitness: [383.0, 384.0, 383.0, 383.0, 384.0, 383.0, 383.0, 384.0, 384.0, 384.0, 384.0, 384.0, 383.0, 384.0, 384.0, 382.0, 383.0, 384.0, 384.0, 383.0, 385.0, 385.0, 382.0, 387.0, 382.0, 385.0, 382.0, 385.0, 382.0, 384.0, 385.0, 383.0, 383.0, 384.0, 385.0, 383.0, 385.0, 384.0, 383.0, 384.0, 384.0, 384.0, 384.0, 384.0, 383.0, 384.0, 382.0, 385.0, 383.0, 383.0, 385.0, 384.0, 384.0, 382.0, 383.0, 382.0, 383.0, 383.0, 385.0, 384.0, 384.0, 384.0, 385.0]
Is bad individual winner: 0
Is good individual winner: 1
Real fitness of best good: 387.0
Noisy fitness of best good: 387.0
Real fitness of best bad: 383.0
Noisy fitness of best bad: 384.0

l: 76
Real fitness of mutation winner: 372.0
Noisy fitness of mutation winner: 372.0
Crossover offspring real fitness: [382.0, 385.0, 384.0, 384.0, 384.0, 383.0, 382.0, 384.0, 383.0, 385.0, 383.0, 384.0, 384.0, 384.0, 383.0, 384.0, 384.0, 384.0, 384.0, 385.0, 382.0, 383.0, 383.0, 383.0, 385.0, 383.0, 385.0, 383.0, 383.0, 384.0, 384.0, 385.0, 383.0, 384.0, 383.0, 384.0, 384.0, 383.0, 384.0, 383.0, 383.0, 386.0, 384.0, 385.0, 383.0, 384.0, 383.0, 383.0, 383.0, 385.0, 383.0, 382.0, 384.0, 384.0, 384.0, 385.0, 386.0, 383.0, 383.0, 382.0, 383.0, 383.0, 383.0]
Crossover offspring noisy fitness: [382.0, 385.0, 384.0, 384.0, 384.0, 383.0, 382.0, 383.0, 383.0, 384.0, 383.0, 384.0, 384.0, 383.0, 382.0, 384.0, 384.0, 384.0, 384.0, 385.0, 382.0, 383.0, 383.0, 383.0, 385.0, 383.0, 385.0, 383.0, 383.0, 384.0, 384.0, 385.0, 383.0, 384.0, 383.0, 383.0, 383.0, 383.0, 384.0, 383.0, 383.0, 386.0, 384.0, 385.0, 383.0, 384.0, 383.0, 383.0, 383.0, 385.0, 383.0, 382.0, 384.0, 384.0, 384.0, 385.0, 385.0, 383.0, 383.0, 382.0, 383.0, 383.0, 383.0]
Is bad individual winner: 0
Is good individual winner: 1
Real fitness of best good: 386.0
Noisy fitness of best good: 386.0
Real fitness of best bad: 383.0
Noisy fitness of best bad: 383.0

l: 59
Real fitness of mutation winner: 369.0
Noisy fitness of mutation winner: 369.0
Crossover offspring real fitness: [383.0, 384.0, 384.0, 382.0, 384.0, 383.0, 386.0, 383.0, 385.0, 384.0, 383.0, 384.0, 383.0, 384.0, 384.0, 385.0, 384.0, 384.0, 384.0, 384.0, 385.0, 384.0, 384.0, 385.0, 384.0, 383.0, 383.0, 385.0, 385.0, 383.0, 383.0, 385.0, 384.0, 384.0, 383.0, 385.0, 384.0, 384.0, 384.0, 384.0, 384.0, 384.0, 384.0, 383.0, 384.0, 384.0, 382.0, 384.0, 385.0, 383.0, 384.0, 383.0, 384.0, 382.0, 384.0, 384.0, 385.0, 384.0, 384.0, 382.0, 384.0, 383.0, 384.0]
Crossover offspring noisy fitness: [383.0, 384.0, 384.0, 382.0, 384.0, 383.0, 386.0, 383.0, 385.0, 384.0, 383.0, 384.0, 383.0, 384.0, 384.0, 385.0, 384.0, 384.0, 384.0, 385.0, 385.0, 384.0, 384.0, 385.0, 384.0, 383.0, 382.0, 385.0, 385.0, 383.0, 383.0, 385.0, 384.0, 384.0, 383.0, 385.0, 384.0, 384.0, 384.0, 383.0, 384.0, 384.0, 384.0, 383.0, 383.0, 384.0, 382.0, 384.0, 385.0, 383.0, 384.0, 383.0, 384.0, 382.0, 384.0, 384.0, 385.0, 384.0, 384.0, 382.0, 384.0, 383.0, 384.0]
Is bad individual winner: 0
Is good individual winner: 1
Real fitness of best good: 386.0
Noisy fitness of best good: 386.0
Real fitness of best bad: 383.0
Noisy fitness of best bad: 383.0

l: 47
Real fitness of mutation winner: 373.0
Noisy fitness of mutation winner: 373.0
Crossover offspring real fitness: [384.0, 384.0, 382.0, 384.0, 383.0, 385.0, 384.0, 384.0, 383.0, 384.0, 384.0, 384.0, 384.0, 384.0, 385.0, 382.0, 383.0, 384.0, 383.0, 384.0, 385.0, 383.0, 383.0, 383.0, 384.0, 384.0, 384.0, 382.0, 384.0, 384.0, 384.0, 383.0, 384.0, 383.0, 383.0, 383.0, 384.0, 384.0, 384.0, 384.0, 384.0, 385.0, 384.0, 382.0, 385.0, 384.0, 384.0, 384.0, 382.0, 383.0, 384.0, 384.0, 384.0, 385.0, 384.0, 384.0, 383.0, 382.0, 384.0, 384.0, 383.0, 384.0, 384.0]
Crossover offspring noisy fitness: [384.0, 382.0, 382.0, 384.0, 383.0, 385.0, 384.0, 384.0, 383.0, 384.0, 384.0, 384.0, 384.0, 384.0, 385.0, 382.0, 383.0, 384.0, 383.0, 384.0, 385.0, 383.0, 383.0, 383.0, 384.0, 384.0, 384.0, 382.0, 384.0, 384.0, 383.0, 383.0, 384.0, 382.0, 383.0, 383.0, 384.0, 384.0, 384.0, 384.0, 383.0, 385.0, 384.0, 382.0, 385.0, 384.0, 384.0, 385.0, 382.0, 383.0, 384.0, 384.0, 384.0, 385.0, 384.0, 384.0, 383.0, 382.0, 384.0, 384.0, 383.0, 384.0, 384.0]
Is bad individual winner: 0
Is good individual winner: 1
Real fitness of best good: 385.0
Noisy fitness of best good: 385.0
Real fitness of best bad: 383.0
Noisy fitness of best bad: 383.0

l: 65
Real fitness of mutation winner: 369.0
Noisy fitness of mutation winner: 369.0
Crossover offspring real fitness: [385.0, 384.0, 385.0, 383.0, 384.0, 386.0, 384.0, 384.0, 385.0, 384.0, 385.0, 384.0, 386.0, 383.0, 384.0, 384.0, 385.0, 384.0, 384.0, 384.0, 384.0, 384.0, 384.0, 385.0, 385.0, 384.0, 385.0, 384.0, 384.0, 383.0, 381.0, 383.0, 383.0, 385.0, 383.0, 384.0, 383.0, 382.0, 384.0, 384.0, 382.0, 385.0, 384.0, 382.0, 383.0, 382.0, 384.0, 383.0, 384.0, 382.0, 384.0, 384.0, 383.0, 385.0, 384.0, 382.0, 384.0, 386.0, 384.0, 385.0, 384.0, 386.0, 384.0]
Crossover offspring noisy fitness: [385.0, 384.0, 385.0, 383.0, 384.0, 386.0, 384.0, 384.0, 385.0, 385.0, 385.0, 384.0, 386.0, 382.0, 384.0, 384.0, 385.0, 384.0, 384.0, 383.0, 384.0, 384.0, 384.0, 385.0, 385.0, 383.0, 385.0, 385.0, 384.0, 383.0, 381.0, 384.0, 383.0, 385.0, 383.0, 384.0, 383.0, 382.0, 384.0, 384.0, 382.0, 385.0, 384.0, 382.0, 383.0, 382.0, 384.0, 382.0, 384.0, 382.0, 384.0, 384.0, 383.0, 385.0, 384.0, 382.0, 384.0, 386.0, 384.0, 385.0, 384.0, 386.0, 384.0]
Is bad individual winner: 0
Is good individual winner: 1
Real fitness of best good: 386.0
Noisy fitness of best good: 386.0
Real fitness of best bad: 383.0
Noisy fitness of best bad: 384.0

l: 63
Real fitness of mutation winner: 369.0
Noisy fitness of mutation winner: 369.0
Crossover offspring real fitness: [384.0, 384.0, 383.0, 386.0, 385.0, 385.0, 384.0, 387.0, 383.0, 382.0, 386.0, 383.0, 386.0, 386.0, 383.0, 385.0, 382.0, 382.0, 384.0, 385.0, 385.0, 385.0, 381.0, 384.0, 385.0, 381.0, 383.0, 383.0, 384.0, 385.0, 383.0, 384.0, 384.0, 384.0, 383.0, 383.0, 383.0, 384.0, 385.0, 384.0, 383.0, 384.0, 384.0, 382.0, 385.0, 383.0, 383.0, 385.0, 386.0, 384.0, 384.0, 385.0, 384.0, 382.0, 384.0, 385.0, 382.0, 384.0, 384.0, 385.0, 384.0, 387.0, 384.0]
Crossover offspring noisy fitness: [384.0, 384.0, 383.0, 385.0, 385.0, 385.0, 384.0, 387.0, 383.0, 382.0, 386.0, 383.0, 386.0, 386.0, 383.0, 384.0, 382.0, 382.0, 384.0, 385.0, 385.0, 385.0, 381.0, 384.0, 385.0, 381.0, 383.0, 383.0, 384.0, 385.0, 383.0, 384.0, 384.0, 384.0, 383.0, 383.0, 383.0, 385.0, 385.0, 384.0, 383.0, 384.0, 384.0, 382.0, 385.0, 383.0, 383.0, 385.0, 386.0, 384.0, 384.0, 385.0, 383.0, 382.0, 384.0, 385.0, 382.0, 384.0, 384.0, 385.0, 384.0, 387.0, 384.0]
Is bad individual winner: 0
Is good individual winner: 1
Real fitness of best good: 387.0
Noisy fitness of best good: 387.0
Real fitness of best bad: 383.0
Noisy fitness of best bad: 383.0

l: 56
Real fitness of mutation winner: 370.0
Noisy fitness of mutation winner: 370.0
Crossover offspring real fitness: [384.0, 386.0, 384.0, 383.0, 382.0, 385.0, 383.0, 383.0, 383.0, 384.0, 383.0, 384.0, 384.0, 384.0, 384.0, 381.0, 384.0, 384.0, 383.0, 384.0, 384.0, 385.0, 384.0, 384.0, 383.0, 382.0, 383.0, 385.0, 382.0, 384.0, 383.0, 382.0, 382.0, 384.0, 384.0, 385.0, 384.0, 384.0, 385.0, 384.0, 385.0, 384.0, 384.0, 384.0, 382.0, 384.0, 384.0, 385.0, 384.0, 384.0, 385.0, 384.0, 383.0, 383.0, 383.0, 384.0, 383.0, 385.0, 384.0, 383.0, 384.0, 385.0, 383.0]
Crossover offspring noisy fitness: [384.0, 386.0, 384.0, 383.0, 382.0, 385.0, 383.0, 383.0, 383.0, 384.0, 383.0, 384.0, 383.0, 384.0, 384.0, 381.0, 384.0, 384.0, 383.0, 384.0, 384.0, 385.0, 384.0, 384.0, 383.0, 382.0, 383.0, 385.0, 381.0, 384.0, 383.0, 382.0, 382.0, 383.0, 384.0, 385.0, 384.0, 384.0, 385.0, 384.0, 384.0, 384.0, 384.0, 384.0, 382.0, 384.0, 384.0, 385.0, 384.0, 384.0, 384.0, 384.0, 383.0, 383.0, 383.0, 384.0, 383.0, 385.0, 384.0, 383.0, 384.0, 385.0, 383.0]
Is bad individual winner: 0
Is good individual winner: 1
Real fitness of best good: 386.0
Noisy fitness of best good: 386.0
Real fitness of best bad: 383.0
Noisy fitness of best bad: 383.0

l: 61
Real fitness of mutation winner: 371.0
Noisy fitness of mutation winner: 371.0
Crossover offspring real fitness: [384.0, 383.0, 383.0, 382.0, 385.0, 385.0, 384.0, 383.0, 384.0, 384.0, 386.0, 383.0, 383.0, 384.0, 384.0, 383.0, 383.0, 383.0, 384.0, 383.0, 383.0, 384.0, 383.0, 383.0, 383.0, 383.0, 384.0, 384.0, 384.0, 384.0, 385.0, 383.0, 386.0, 384.0, 385.0, 382.0, 384.0, 385.0, 384.0, 384.0, 384.0, 385.0, 383.0, 384.0, 384.0, 385.0, 384.0, 384.0, 382.0, 382.0, 383.0, 384.0, 384.0, 383.0, 383.0, 383.0, 384.0, 386.0, 383.0, 384.0, 385.0, 384.0, 384.0]
Crossover offspring noisy fitness: [384.0, 383.0, 383.0, 382.0, 385.0, 385.0, 384.0, 383.0, 384.0, 384.0, 386.0, 383.0, 383.0, 384.0, 383.0, 383.0, 383.0, 383.0, 384.0, 383.0, 383.0, 384.0, 383.0, 383.0, 383.0, 383.0, 384.0, 384.0, 384.0, 384.0, 385.0, 383.0, 386.0, 384.0, 385.0, 382.0, 384.0, 385.0, 384.0, 384.0, 384.0, 385.0, 383.0, 384.0, 384.0, 385.0, 384.0, 384.0, 382.0, 382.0, 383.0, 384.0, 384.0, 383.0, 383.0, 383.0, 384.0, 386.0, 383.0, 385.0, 385.0, 384.0, 384.0]
Is bad individual winner: 0
Is good individual winner: 1
Real fitness of best good: 386.0
Noisy fitness of best good: 386.0
Real fitness of best bad: 383.0
Noisy fitness of best bad: 383.0

l: 70
Real fitness of mutation winner: 366.0
Noisy fitness of mutation winner: 366.0
Crossover offspring real fitness: [384.0, 384.0, 383.0, 385.0, 385.0, 384.0, 384.0, 386.0, 383.0, 385.0, 384.0, 384.0, 382.0, 381.0, 384.0, 384.0, 384.0, 384.0, 384.0, 384.0, 384.0, 383.0, 384.0, 385.0, 384.0, 384.0, 385.0, 385.0, 384.0, 384.0, 384.0, 383.0, 384.0, 383.0, 383.0, 384.0, 384.0, 385.0, 384.0, 384.0, 383.0, 383.0, 384.0, 385.0, 385.0, 385.0, 380.0, 384.0, 383.0, 385.0, 384.0, 383.0, 383.0, 385.0, 385.0, 383.0, 384.0, 383.0, 384.0, 384.0, 384.0, 383.0, 383.0]
Crossover offspring noisy fitness: [383.0, 384.0, 383.0, 385.0, 385.0, 384.0, 384.0, 385.0, 383.0, 385.0, 384.0, 383.0, 382.0, 381.0, 384.0, 383.0, 384.0, 384.0, 384.0, 384.0, 384.0, 383.0, 384.0, 385.0, 384.0, 384.0, 385.0, 385.0, 384.0, 384.0, 384.0, 383.0, 384.0, 383.0, 383.0, 384.0, 384.0, 385.0, 384.0, 384.0, 383.0, 383.0, 384.0, 385.0, 385.0, 385.0, 380.0, 384.0, 383.0, 385.0, 384.0, 383.0, 383.0, 385.0, 385.0, 383.0, 384.0, 383.0, 384.0, 384.0, 384.0, 383.0, 383.0]
Is bad individual winner: 0
Is good individual winner: 1
Real fitness of best good: 386.0
Noisy fitness of best good: 385.0
Real fitness of best bad: 383.0
Noisy fitness of best bad: 383.0

l: 68
Real fitness of mutation winner: 364.0
Noisy fitness of mutation winner: 364.0
Crossover offspring real fitness: [382.0, 383.0, 384.0, 383.0, 383.0, 383.0, 384.0, 384.0, 384.0, 383.0, 385.0, 383.0, 385.0, 383.0, 384.0, 384.0, 383.0, 383.0, 383.0, 383.0, 382.0, 383.0, 384.0, 382.0, 384.0, 383.0, 382.0, 385.0, 385.0, 383.0, 384.0, 384.0, 384.0, 384.0, 384.0, 383.0, 383.0, 383.0, 385.0, 383.0, 383.0, 383.0, 383.0, 384.0, 383.0, 383.0, 385.0, 384.0, 384.0, 384.0, 384.0, 384.0, 384.0, 383.0, 384.0, 384.0, 385.0, 384.0, 382.0, 382.0, 383.0, 384.0, 382.0]
Crossover offspring noisy fitness: [382.0, 383.0, 384.0, 383.0, 383.0, 383.0, 384.0, 384.0, 384.0, 383.0, 385.0, 383.0, 385.0, 383.0, 384.0, 385.0, 383.0, 383.0, 383.0, 383.0, 382.0, 383.0, 384.0, 382.0, 384.0, 383.0, 382.0, 385.0, 385.0, 383.0, 384.0, 384.0, 384.0, 384.0, 384.0, 383.0, 384.0, 383.0, 385.0, 383.0, 383.0, 383.0, 383.0, 384.0, 383.0, 383.0, 386.0, 384.0, 384.0, 384.0, 384.0, 384.0, 384.0, 383.0, 384.0, 384.0, 385.0, 384.0, 382.0, 382.0, 383.0, 384.0, 382.0]
Is bad individual winner: 0
Is good individual winner: 1
Real fitness of best good: 385.0
Noisy fitness of best good: 386.0
Real fitness of best bad: 383.0
Noisy fitness of best bad: 384.0

l: 61
Real fitness of mutation winner: 371.0
Noisy fitness of mutation winner: 371.0
Crossover offspring real fitness: [383.0, 383.0, 385.0, 383.0, 383.0, 383.0, 384.0, 382.0, 385.0, 383.0, 383.0, 385.0, 383.0, 384.0, 384.0, 384.0, 383.0, 382.0, 384.0, 384.0, 384.0, 385.0, 384.0, 383.0, 385.0, 384.0, 383.0, 384.0, 384.0, 384.0, 383.0, 384.0, 383.0, 383.0, 383.0, 383.0, 383.0, 384.0, 384.0, 383.0, 385.0, 383.0, 384.0, 384.0, 384.0, 385.0, 384.0, 384.0, 384.0, 384.0, 384.0, 384.0, 384.0, 383.0, 383.0, 383.0, 381.0, 383.0, 384.0, 384.0, 384.0, 385.0, 382.0]
Crossover offspring noisy fitness: [383.0, 383.0, 385.0, 383.0, 383.0, 383.0, 384.0, 382.0, 385.0, 383.0, 383.0, 385.0, 383.0, 384.0, 384.0, 384.0, 383.0, 382.0, 384.0, 384.0, 384.0, 385.0, 384.0, 383.0, 385.0, 384.0, 383.0, 384.0, 384.0, 384.0, 383.0, 384.0, 383.0, 383.0, 383.0, 383.0, 382.0, 384.0, 384.0, 383.0, 385.0, 383.0, 384.0, 384.0, 384.0, 384.0, 384.0, 384.0, 384.0, 384.0, 384.0, 384.0, 384.0, 383.0, 383.0, 383.0, 381.0, 383.0, 384.0, 384.0, 384.0, 385.0, 382.0]
Is bad individual winner: 0
Is good individual winner: 1
Real fitness of best good: 385.0
Noisy fitness of best good: 385.0
Real fitness of best bad: 383.0
Noisy fitness of best bad: 383.0

l: 53
Real fitness of mutation winner: 371.0
Noisy fitness of mutation winner: 371.0
Crossover offspring real fitness: [383.0, 384.0, 385.0, 383.0, 384.0, 383.0, 384.0, 384.0, 384.0, 384.0, 385.0, 383.0, 381.0, 383.0, 381.0, 383.0, 385.0, 384.0, 384.0, 384.0, 384.0, 384.0, 384.0, 383.0, 382.0, 384.0, 385.0, 382.0, 385.0, 384.0, 383.0, 384.0, 384.0, 385.0, 384.0, 384.0, 385.0, 384.0, 383.0, 384.0, 383.0, 382.0, 384.0, 383.0, 384.0, 386.0, 385.0, 386.0, 384.0, 385.0, 383.0, 384.0, 383.0, 383.0, 382.0, 384.0, 384.0, 384.0, 384.0, 384.0, 385.0, 384.0, 385.0]
Crossover offspring noisy fitness: [383.0, 384.0, 385.0, 383.0, 384.0, 383.0, 384.0, 384.0, 384.0, 384.0, 385.0, 383.0, 381.0, 383.0, 381.0, 383.0, 385.0, 384.0, 384.0, 384.0, 384.0, 384.0, 384.0, 383.0, 382.0, 384.0, 385.0, 382.0, 385.0, 384.0, 383.0, 384.0, 384.0, 385.0, 383.0, 384.0, 385.0, 385.0, 383.0, 384.0, 382.0, 382.0, 384.0, 383.0, 384.0, 386.0, 385.0, 386.0, 384.0, 385.0, 383.0, 384.0, 383.0, 383.0, 381.0, 384.0, 384.0, 384.0, 384.0, 384.0, 385.0, 384.0, 385.0]
Is bad individual winner: 0
Is good individual winner: 1
Real fitness of best good: 386.0
Noisy fitness of best good: 386.0
Real fitness of best bad: 383.0
Noisy fitness of best bad: 383.0

l: 60
Real fitness of mutation winner: 370.0
Noisy fitness of mutation winner: 370.0
Crossover offspring real fitness: [384.0, 383.0, 384.0, 383.0, 382.0, 382.0, 384.0, 382.0, 385.0, 383.0, 382.0, 385.0, 383.0, 384.0, 384.0, 386.0, 385.0, 385.0, 387.0, 384.0, 385.0, 385.0, 384.0, 384.0, 385.0, 384.0, 383.0, 383.0, 384.0, 384.0, 384.0, 384.0, 383.0, 384.0, 384.0, 385.0, 384.0, 383.0, 384.0, 385.0, 384.0, 383.0, 385.0, 382.0, 384.0, 383.0, 384.0, 383.0, 383.0, 384.0, 384.0, 383.0, 384.0, 384.0, 385.0, 381.0, 384.0, 383.0, 383.0, 382.0, 386.0, 382.0, 383.0]
Crossover offspring noisy fitness: [384.0, 383.0, 384.0, 383.0, 382.0, 382.0, 384.0, 382.0, 385.0, 383.0, 382.0, 385.0, 383.0, 384.0, 384.0, 385.0, 385.0, 385.0, 387.0, 384.0, 385.0, 385.0, 384.0, 384.0, 385.0, 384.0, 382.0, 383.0, 384.0, 384.0, 384.0, 385.0, 383.0, 384.0, 384.0, 385.0, 384.0, 383.0, 384.0, 384.0, 384.0, 383.0, 385.0, 382.0, 384.0, 383.0, 384.0, 383.0, 383.0, 384.0, 384.0, 383.0, 384.0, 384.0, 385.0, 381.0, 384.0, 383.0, 383.0, 382.0, 386.0, 382.0, 383.0]
Is bad individual winner: 0
Is good individual winner: 1
Real fitness of best good: 387.0
Noisy fitness of best good: 387.0
Real fitness of best bad: 383.0
Noisy fitness of best bad: 383.0

l: 68
Real fitness of mutation winner: 366.0
Noisy fitness of mutation winner: 366.0
Crossover offspring real fitness: [384.0, 384.0, 383.0, 385.0, 384.0, 384.0, 384.0, 385.0, 383.0, 384.0, 384.0, 385.0, 384.0, 386.0, 384.0, 382.0, 385.0, 384.0, 384.0, 384.0, 387.0, 384.0, 383.0, 383.0, 385.0, 384.0, 383.0, 384.0, 382.0, 384.0, 382.0, 384.0, 382.0, 383.0, 384.0, 383.0, 383.0, 385.0, 380.0, 383.0, 383.0, 383.0, 383.0, 384.0, 385.0, 385.0, 383.0, 384.0, 386.0, 382.0, 384.0, 383.0, 384.0, 384.0, 384.0, 384.0, 384.0, 384.0, 384.0, 384.0, 383.0, 384.0, 384.0]
Crossover offspring noisy fitness: [384.0, 384.0, 383.0, 385.0, 384.0, 384.0, 384.0, 385.0, 382.0, 384.0, 384.0, 384.0, 385.0, 387.0, 384.0, 382.0, 385.0, 384.0, 384.0, 384.0, 387.0, 384.0, 383.0, 383.0, 385.0, 384.0, 383.0, 384.0, 382.0, 384.0, 382.0, 384.0, 381.0, 383.0, 384.0, 383.0, 383.0, 385.0, 380.0, 383.0, 383.0, 383.0, 383.0, 384.0, 385.0, 385.0, 383.0, 384.0, 386.0, 382.0, 384.0, 383.0, 383.0, 384.0, 384.0, 384.0, 384.0, 384.0, 384.0, 384.0, 383.0, 384.0, 383.0]
Is bad individual winner: 0
Is good individual winner: 1
Real fitness of best good: 387.0
Noisy fitness of best good: 387.0
Real fitness of best bad: 383.0
Noisy fitness of best bad: 383.0

l: 54
Real fitness of mutation winner: 368.0
Noisy fitness of mutation winner: 368.0
Crossover offspring real fitness: [384.0, 386.0, 384.0, 385.0, 384.0, 382.0, 384.0, 384.0, 384.0, 384.0, 382.0, 383.0, 384.0, 384.0, 384.0, 384.0, 384.0, 382.0, 383.0, 384.0, 384.0, 383.0, 383.0, 385.0, 385.0, 384.0, 383.0, 385.0, 382.0, 385.0, 383.0, 384.0, 384.0, 384.0, 384.0, 383.0, 385.0, 385.0, 384.0, 384.0, 382.0, 383.0, 382.0, 385.0, 384.0, 385.0, 384.0, 383.0, 383.0, 385.0, 383.0, 384.0, 384.0, 384.0, 384.0, 384.0, 384.0, 383.0, 383.0, 384.0, 384.0, 383.0, 383.0]
Crossover offspring noisy fitness: [384.0, 386.0, 384.0, 385.0, 384.0, 382.0, 384.0, 384.0, 384.0, 384.0, 382.0, 383.0, 384.0, 384.0, 384.0, 384.0, 384.0, 382.0, 383.0, 385.0, 384.0, 383.0, 383.0, 385.0, 385.0, 383.0, 385.0, 385.0, 382.0, 385.0, 384.0, 385.0, 384.0, 384.0, 384.0, 383.0, 385.0, 385.0, 384.0, 383.0, 382.0, 383.0, 382.0, 385.0, 384.0, 385.0, 384.0, 383.0, 383.0, 384.0, 383.0, 384.0, 384.0, 384.0, 383.0, 384.0, 384.0, 383.0, 383.0, 384.0, 384.0, 383.0, 383.0]
Is bad individual winner: 0
Is good individual winner: 1
Real fitness of best good: 386.0
Noisy fitness of best good: 386.0
Real fitness of best bad: 383.0
Noisy fitness of best bad: 385.0

l: 72
Real fitness of mutation winner: 364.0
Noisy fitness of mutation winner: 364.0
Crossover offspring real fitness: [384.0, 382.0, 383.0, 385.0, 384.0, 383.0, 384.0, 384.0, 384.0, 383.0, 384.0, 386.0, 384.0, 384.0, 383.0, 385.0, 385.0, 383.0, 384.0, 384.0, 383.0, 384.0, 384.0, 383.0, 382.0, 384.0, 384.0, 382.0, 382.0, 382.0, 382.0, 385.0, 386.0, 384.0, 384.0, 384.0, 384.0, 384.0, 384.0, 383.0, 384.0, 383.0, 383.0, 387.0, 382.0, 384.0, 384.0, 387.0, 384.0, 384.0, 384.0, 384.0, 384.0, 383.0, 384.0, 384.0, 385.0, 384.0, 384.0, 385.0, 384.0, 384.0, 383.0]
Crossover offspring noisy fitness: [384.0, 382.0, 383.0, 385.0, 384.0, 383.0, 384.0, 384.0, 384.0, 383.0, 384.0, 386.0, 384.0, 384.0, 383.0, 385.0, 385.0, 383.0, 384.0, 384.0, 384.0, 384.0, 384.0, 383.0, 382.0, 384.0, 384.0, 382.0, 382.0, 382.0, 382.0, 385.0, 386.0, 384.0, 384.0, 384.0, 384.0, 384.0, 384.0, 383.0, 384.0, 383.0, 383.0, 387.0, 382.0, 384.0, 384.0, 386.0, 384.0, 383.0, 384.0, 384.0, 384.0, 383.0, 384.0, 384.0, 385.0, 384.0, 383.0, 385.0, 384.0, 384.0, 383.0]
Is bad individual winner: 0
Is good individual winner: 1
Real fitness of best good: 387.0
Noisy fitness of best good: 387.0
Real fitness of best bad: 383.0
Noisy fitness of best bad: 384.0

l: 78
Real fitness of mutation winner: 368.0
Noisy fitness of mutation winner: 368.0
Crossover offspring real fitness: [384.0, 384.0, 384.0, 383.0, 382.0, 383.0, 384.0, 384.0, 384.0, 384.0, 384.0, 381.0, 384.0, 384.0, 384.0, 385.0, 384.0, 380.0, 383.0, 383.0, 384.0, 384.0, 385.0, 385.0, 382.0, 384.0, 384.0, 383.0, 384.0, 384.0, 383.0, 385.0, 382.0, 384.0, 384.0, 383.0, 384.0, 384.0, 385.0, 383.0, 384.0, 383.0, 383.0, 384.0, 385.0, 386.0, 384.0, 384.0, 385.0, 382.0, 384.0, 384.0, 385.0, 383.0, 385.0, 384.0, 382.0, 383.0, 385.0, 385.0, 384.0, 384.0, 384.0]
Crossover offspring noisy fitness: [384.0, 384.0, 384.0, 383.0, 382.0, 383.0, 384.0, 384.0, 384.0, 384.0, 383.0, 381.0, 384.0, 384.0, 384.0, 385.0, 384.0, 380.0, 383.0, 383.0, 384.0, 384.0, 385.0, 385.0, 382.0, 384.0, 384.0, 383.0, 384.0, 384.0, 383.0, 385.0, 382.0, 384.0, 384.0, 383.0, 384.0, 384.0, 385.0, 383.0, 384.0, 383.0, 383.0, 384.0, 385.0, 386.0, 384.0, 384.0, 385.0, 382.0, 384.0, 384.0, 385.0, 383.0, 385.0, 384.0, 382.0, 383.0, 385.0, 385.0, 384.0, 383.0, 384.0]
Is bad individual winner: 0
Is good individual winner: 1
Real fitness of best good: 386.0
Noisy fitness of best good: 386.0
Real fitness of best bad: 383.0
Noisy fitness of best bad: 383.0

