l: 101
Real fitness of mutation winner: 529.0
Noisy fitness of mutation winner: 530.0
Crossover offspring real fitness: [512.0, 513.0, 512.0, 512.0, 512.0, 512.0, 512.0, 512.0, 512.0, 512.0, 513.0, 512.0, 513.0, 513.0, 512.0, 513.0, 512.0, 512.0, 515.0, 513.0, 512.0, 511.0, 511.0, 514.0, 511.0, 512.0, 511.0, 511.0, 513.0, 513.0, 513.0, 512.0, 511.0, 513.0, 513.0, 512.0, 514.0, 513.0, 511.0, 511.0, 511.0, 512.0, 511.0, 512.0, 512.0, 514.0, 512.0, 512.0, 511.0, 513.0, 512.0, 513.0, 512.0, 512.0, 512.0, 512.0, 513.0, 512.0, 512.0, 511.0, 512.0, 513.0, 513.0, 512.0, 511.0, 513.0, 512.0, 513.0, 512.0, 513.0, 512.0, 511.0, 512.0, 511.0, 512.0, 512.0, 512.0, 512.0, 511.0, 511.0, 511.0, 511.0, 513.0, 514.0, 512.0, 513.0, 512.0, 512.0, 513.0, 514.0, 513.0, 512.0, 512.0, 513.0, 511.0, 512.0, 512.0, 512.0, 512.0, 512.0, 513.0]
Crossover offspring noisy fitness: [512.0, 513.0, 512.0, 512.0, 512.0, 512.0, 512.0, 512.0, 512.0, 512.0, 513.0, 512.0, 513.0, 512.0, 512.0, 513.0, 512.0, 512.0, 515.0, 513.0, 512.0, 511.0, 511.0, 514.0, 510.0, 512.0, 511.0, 511.0, 513.0, 513.0, 513.0, 512.0, 511.0, 513.0, 513.0, 512.0, 514.0, 513.0, 511.0, 511.0, 511.0, 512.0, 511.0, 512.0, 512.0, 514.0, 512.0, 512.0, 511.0, 513.0, 512.0, 513.0, 512.0, 512.0, 512.0, 512.0, 513.0, 512.0, 512.0, 511.0, 512.0, 513.0, 513.0, 512.0, 511.0, 513.0, 512.0, 513.0, 512.0, 513.0, 512.0, 511.0, 512.0, 511.0, 512.0, 512.0, 512.0, 512.0, 511.0, 511.0, 511.0, 511.0, 513.0, 514.0, 512.0, 513.0, 513.0, 512.0, 513.0, 514.0, 513.0, 512.0, 512.0, 513.0, 511.0, 512.0, 512.0, 512.0, 512.0, 512.0, 513.0]
Is bad individual winner: 0
Is good individual winner: 1
Real fitness of best good: 515.0
Noisy fitness of best good: 515.0
Real fitness of best bad: 511.0
Noisy fitness of best bad: 511.0

l: 93
Real fitness of mutation winner: 531.0
Noisy fitness of mutation winner: 531.0
Crossover offspring real fitness: [511.0, 512.0, 511.0, 512.0, 514.0, 513.0, 513.0, 512.0, 512.0, 511.0, 512.0, 510.0, 513.0, 511.0, 514.0, 512.0, 512.0, 512.0, 512.0, 512.0, 512.0, 513.0, 512.0, 513.0, 511.0, 512.0, 511.0, 513.0, 513.0, 512.0, 513.0, 514.0, 513.0, 510.0, 512.0, 515.0, 511.0, 512.0, 513.0, 512.0, 512.0, 513.0, 514.0, 512.0, 513.0, 512.0, 512.0, 512.0, 512.0, 511.0, 511.0, 514.0, 512.0, 511.0, 512.0, 512.0, 512.0, 512.0, 514.0, 514.0, 512.0, 512.0, 512.0, 513.0, 512.0, 512.0, 512.0, 514.0, 512.0, 512.0, 512.0, 511.0, 511.0, 511.0, 512.0, 512.0, 512.0, 513.0, 512.0, 511.0, 513.0, 514.0, 511.0, 513.0, 512.0, 512.0, 513.0, 513.0, 512.0, 512.0, 512.0, 513.0, 513.0, 513.0, 512.0, 512.0, 512.0, 512.0, 512.0, 512.0, 513.0]
Crossover offspring noisy fitness: [511.0, 512.0, 511.0, 512.0, 514.0, 513.0, 513.0, 512.0, 511.0, 511.0, 512.0, 510.0, 513.0, 511.0, 514.0, 512.0, 512.0, 512.0, 512.0, 512.0, 512.0, 513.0, 512.0, 513.0, 511.0, 512.0, 510.0, 513.0, 513.0, 512.0, 513.0, 514.0, 513.0, 510.0, 512.0, 515.0, 511.0, 512.0, 513.0, 512.0, 512.0, 512.0, 514.0, 512.0, 513.0, 512.0, 512.0, 512.0, 512.0, 511.0, 511.0, 514.0, 512.0, 511.0, 512.0, 512.0, 512.0, 512.0, 514.0, 514.0, 512.0, 512.0, 512.0, 513.0, 512.0, 512.0, 512.0, 514.0, 512.0, 512.0, 512.0, 511.0, 511.0, 511.0, 512.0, 512.0, 512.0, 513.0, 512.0, 511.0, 513.0, 514.0, 511.0, 513.0, 512.0, 512.0, 513.0, 513.0, 512.0, 512.0, 512.0, 513.0, 513.0, 513.0, 512.0, 512.0, 512.0, 512.0, 512.0, 512.0, 513.0]
Is bad individual winner: 0
Is good individual winner: 1
Real fitness of best good: 515.0
Noisy fitness of best good: 515.0
Real fitness of best bad: 511.0
Noisy fitness of best bad: 511.0

l: 94
Real fitness of mutation winner: 532.0
Noisy fitness of mutation winner: 532.0
Crossover offspring real fitness: [512.0, 512.0, 513.0, 512.0, 511.0, 512.0, 512.0, 512.0, 513.0, 512.0, 512.0, 513.0, 511.0, 514.0, 512.0, 512.0, 512.0, 513.0, 513.0, 511.0, 511.0, 514.0, 512.0, 512.0, 512.0, 513.0, 513.0, 511.0, 513.0, 513.0, 512.0, 513.0, 512.0, 511.0, 512.0, 513.0, 512.0, 512.0, 512.0, 512.0, 512.0, 512.0, 511.0, 513.0, 512.0, 512.0, 512.0, 514.0, 514.0, 512.0, 512.0, 510.0, 512.0, 511.0, 512.0, 513.0, 512.0, 513.0, 512.0, 512.0, 513.0, 513.0, 512.0, 513.0, 512.0, 511.0, 513.0, 513.0, 512.0, 512.0, 513.0, 513.0, 513.0, 512.0, 512.0, 512.0, 512.0, 512.0, 511.0, 512.0, 513.0, 512.0, 513.0, 513.0, 513.0, 512.0, 511.0, 512.0, 513.0, 512.0, 512.0, 512.0, 512.0, 512.0, 515.0, 512.0, 512.0, 512.0, 512.0, 512.0, 513.0]
Crossover offspring noisy fitness: [512.0, 512.0, 513.0, 512.0, 511.0, 512.0, 512.0, 512.0, 513.0, 512.0, 512.0, 513.0, 512.0, 514.0, 512.0, 512.0, 512.0, 513.0, 513.0, 511.0, 511.0, 514.0, 511.0, 512.0, 512.0, 513.0, 513.0, 511.0, 513.0, 513.0, 512.0, 513.0, 512.0, 511.0, 512.0, 513.0, 512.0, 512.0, 512.0, 512.0, 512.0, 512.0, 511.0, 513.0, 512.0, 512.0, 512.0, 514.0, 514.0, 512.0, 512.0, 510.0, 512.0, 511.0, 512.0, 512.0, 512.0, 513.0, 512.0, 512.0, 512.0, 513.0, 512.0, 513.0, 512.0, 511.0, 513.0, 513.0, 512.0, 512.0, 513.0, 513.0, 513.0, 512.0, 512.0, 512.0, 512.0, 512.0, 511.0, 512.0, 513.0, 512.0, 513.0, 513.0, 513.0, 512.0, 511.0, 512.0, 513.0, 512.0, 512.0, 512.0, 512.0, 512.0, 515.0, 512.0, 512.0, 512.0, 512.0, 512.0, 513.0]
Is bad individual winner: 0
Is good individual winner: 1
Real fitness of best good: 515.0
Noisy fitness of best good: 515.0
Real fitness of best bad: 511.0
Noisy fitness of best bad: 512.0

l: 96
Real fitness of mutation winner: 534.0
Noisy fitness of mutation winner: 534.0
Crossover offspring real fitness: [514.0, 511.0, 512.0, 512.0, 512.0, 512.0, 513.0, 512.0, 512.0, 513.0, 512.0, 513.0, 512.0, 514.0, 512.0, 511.0, 513.0, 511.0, 513.0, 512.0, 512.0, 513.0, 512.0, 512.0, 511.0, 511.0, 511.0, 511.0, 512.0, 513.0, 511.0, 512.0, 512.0, 511.0, 512.0, 512.0, 513.0, 513.0, 512.0, 516.0, 512.0, 513.0, 512.0, 511.0, 513.0, 512.0, 513.0, 512.0, 513.0, 513.0, 514.0, 512.0, 513.0, 514.0, 512.0, 512.0, 513.0, 512.0, 512.0, 512.0, 514.0, 514.0, 512.0, 513.0, 510.0, 512.0, 512.0, 512.0, 511.0, 511.0, 510.0, 512.0, 511.0, 512.0, 512.0, 512.0, 513.0, 513.0, 512.0, 513.0, 514.0, 511.0, 514.0, 514.0, 511.0, 513.0, 512.0, 511.0, 512.0, 513.0, 513.0, 513.0, 512.0, 513.0, 513.0, 511.0, 512.0, 513.0, 511.0, 514.0, 513.0]
Crossover offspring noisy fitness: [515.0, 511.0, 512.0, 512.0, 512.0, 512.0, 513.0, 512.0, 512.0, 513.0, 512.0, 513.0, 512.0, 514.0, 512.0, 511.0, 513.0, 511.0, 513.0, 512.0, 512.0, 513.0, 512.0, 512.0, 512.0, 511.0, 511.0, 511.0, 512.0, 513.0, 511.0, 512.0, 512.0, 511.0, 512.0, 512.0, 513.0, 513.0, 512.0, 516.0, 512.0, 513.0, 512.0, 511.0, 513.0, 512.0, 514.0, 512.0, 514.0, 513.0, 514.0, 512.0, 513.0, 514.0, 512.0, 512.0, 513.0, 512.0, 512.0, 512.0, 514.0, 514.0, 512.0, 513.0, 510.0, 512.0, 512.0, 512.0, 511.0, 511.0, 510.0, 512.0, 511.0, 511.0, 512.0, 512.0, 513.0, 513.0, 512.0, 513.0, 514.0, 511.0, 515.0, 514.0, 511.0, 513.0, 512.0, 511.0, 512.0, 512.0, 513.0, 513.0, 512.0, 513.0, 513.0, 511.0, 512.0, 513.0, 511.0, 514.0, 513.0]
Is bad individual winner: 0
Is good individual winner: 1
Real fitness of best good: 516.0
Noisy fitness of best good: 516.0
Real fitness of best bad: 511.0
Noisy fitness of best bad: 512.0

l: 102
Real fitness of mutation winner: 534.0
Noisy fitness of mutation winner: 534.0
Crossover offspring real fitness: [512.0, 512.0, 512.0, 511.0, 512.0, 513.0, 514.0, 515.0, 511.0, 514.0, 512.0, 512.0, 513.0, 515.0, 510.0, 512.0, 513.0, 514.0, 512.0, 514.0, 512.0, 512.0, 513.0, 514.0, 512.0, 512.0, 514.0, 513.0, 512.0, 512.0, 513.0, 513.0, 510.0, 512.0, 512.0, 513.0, 509.0, 512.0, 511.0, 515.0, 513.0, 511.0, 512.0, 512.0, 512.0, 512.0, 512.0, 514.0, 512.0, 509.0, 511.0, 512.0, 514.0, 512.0, 513.0, 511.0, 512.0, 514.0, 514.0, 510.0, 513.0, 515.0, 512.0, 512.0, 513.0, 512.0, 512.0, 512.0, 513.0, 513.0, 512.0, 514.0, 511.0, 513.0, 513.0, 512.0, 513.0, 512.0, 511.0, 512.0, 511.0, 511.0, 511.0, 511.0, 513.0, 512.0, 512.0, 511.0, 513.0, 512.0, 511.0, 513.0, 512.0, 511.0, 513.0, 512.0, 512.0, 512.0, 512.0, 513.0, 512.0]
Crossover offspring noisy fitness: [512.0, 512.0, 512.0, 511.0, 512.0, 513.0, 514.0, 515.0, 511.0, 514.0, 512.0, 512.0, 513.0, 515.0, 510.0, 512.0, 513.0, 514.0, 512.0, 514.0, 512.0, 512.0, 513.0, 514.0, 512.0, 512.0, 514.0, 513.0, 512.0, 512.0, 513.0, 513.0, 510.0, 512.0, 512.0, 513.0, 509.0, 512.0, 511.0, 515.0, 514.0, 511.0, 511.0, 512.0, 511.0, 512.0, 512.0, 514.0, 512.0, 509.0, 511.0, 512.0, 514.0, 512.0, 513.0, 511.0, 512.0, 514.0, 514.0, 510.0, 513.0, 515.0, 512.0, 512.0, 513.0, 512.0, 512.0, 512.0, 513.0, 513.0, 512.0, 514.0, 511.0, 513.0, 513.0, 512.0, 512.0, 512.0, 511.0, 512.0, 511.0, 511.0, 511.0, 511.0, 513.0, 512.0, 512.0, 511.0, 513.0, 512.0, 511.0, 513.0, 512.0, 511.0, 513.0, 512.0, 512.0, 512.0, 512.0, 513.0, 512.0]
Is bad individual winner: 0
Is good individual winner: 1
Real fitness of best good: 515.0
Noisy fitness of best good: 515.0
Real fitness of best bad: 511.0
Noisy fitness of best bad: 511.0

l: 103
Real fitness of mutation winner: 535.0
Noisy fitness of mutation winner: 535.0
Crossover offspring real fitness: [511.0, 513.0, 512.0, 511.0, 515.0, 512.0, 511.0, 512.0, 512.0, 512.0, 511.0, 510.0, 512.0, 513.0, 511.0, 514.0, 512.0, 513.0, 513.0, 512.0, 512.0, 513.0, 512.0, 512.0, 511.0, 512.0, 515.0, 511.0, 512.0, 512.0, 511.0, 512.0, 513.0, 513.0, 513.0, 512.0, 512.0, 511.0, 510.0, 512.0, 512.0, 512.0, 510.0, 512.0, 513.0, 511.0, 512.0, 512.0, 513.0, 515.0, 514.0, 512.0, 512.0, 512.0, 512.0, 512.0, 513.0, 511.0, 513.0, 513.0, 512.0, 515.0, 511.0, 513.0, 512.0, 511.0, 512.0, 514.0, 511.0, 512.0, 511.0, 511.0, 511.0, 511.0, 513.0, 512.0, 512.0, 513.0, 513.0, 512.0, 513.0, 510.0, 512.0, 512.0, 514.0, 512.0, 512.0, 512.0, 512.0, 512.0, 512.0, 513.0, 510.0, 511.0, 512.0, 515.0, 512.0, 512.0, 512.0, 510.0, 514.0]
Crossover offspring noisy fitness: [511.0, 514.0, 512.0, 511.0, 515.0, 512.0, 511.0, 512.0, 512.0, 512.0, 511.0, 510.0, 512.0, 513.0, 511.0, 514.0, 512.0, 514.0, 513.0, 512.0, 512.0, 513.0, 512.0, 512.0, 511.0, 512.0, 515.0, 511.0, 512.0, 512.0, 511.0, 512.0, 513.0, 513.0, 513.0, 512.0, 513.0, 511.0, 510.0, 512.0, 512.0, 512.0, 510.0, 512.0, 513.0, 511.0, 512.0, 512.0, 514.0, 515.0, 514.0, 512.0, 512.0, 512.0, 512.0, 512.0, 513.0, 511.0, 513.0, 513.0, 512.0, 515.0, 511.0, 513.0, 512.0, 511.0, 512.0, 514.0, 511.0, 512.0, 511.0, 511.0, 511.0, 511.0, 513.0, 512.0, 512.0, 513.0, 513.0, 512.0, 514.0, 510.0, 512.0, 512.0, 514.0, 512.0, 511.0, 512.0, 512.0, 512.0, 512.0, 513.0, 510.0, 511.0, 512.0, 515.0, 512.0, 512.0, 512.0, 510.0, 514.0]
Is bad individual winner: 0
Is good individual winner: 1
Real fitness of best good: 515.0
Noisy fitness of best good: 515.0
Real fitness of best bad: 511.0
Noisy fitness of best bad: 511.0

l: 96
Real fitness of mutation winner: 532.0
Noisy fitness of mutation winner: 532.0
Crossover offspring real fitness: [513.0, 512.0, 513.0, 513.0, 512.0, 512.0, 513.0, 512.0, 513.0, 515.0, 512.0, 512.0, 511.0, 512.0, 511.0, 511.0, 511.0, 511.0, 512.0, 512.0, 512.0, 512.0, 512.0, 511.0, 513.0, 513.0, 511.0, 513.0, 514.0, 512.0, 511.0, 512.0, 511.0, 513.0, 512.0, 514.0, 514.0, 513.0, 511.0, 512.0, 513.0, 512.0, 512.0, 513.0, 512.0, 512.0, 513.0, 512.0, 512.0, 513.0, 512.0, 511.0, 512.0, 514.0, 514.0, 512.0, 513.0, 512.0, 513.0, 511.0, 514.0, 511.0, 513.0, 511.0, 511.0, 511.0, 513.0, 513.0, 511.0, 513.0, 513.0, 512.0, 512.0, 512.0, 512.0, 512.0, 512.0, 512.0, 512.0, 512.0, 512.0, 514.0, 512.0, 512.0, 514.0, 511.0, 512.0, 512.0, 512.0, 513.0, 512.0, 514.0, 512.0, 512.0, 513.0, 513.0, 511.0, 512.0, 512.0, 512.0, 512.0]
Crossover offspring noisy fitness: [513.0, 512.0, 513.0, 513.0, 512.0, 512.0, 513.0, 512.0, 514.0, 515.0, 512.0, 512.0, 511.0, 512.0, 511.0, 512.0, 511.0, 511.0, 512.0, 512.0, 512.0, 512.0, 512.0, 510.0, 513.0, 513.0, 511.0, 513.0, 514.0, 512.0, 511.0, 512.0, 511.0, 513.0, 512.0, 514.0, 514.0, 513.0, 511.0, 512.0, 513.0, 512.0, 512.0, 513.0, 512.0, 512.0, 513.0, 512.0, 512.0, 513.0, 512.0, 511.0, 512.0, 514.0, 514.0, 512.0, 513.0, 512.0, 513.0, 511.0, 514.0, 511.0, 513.0, 511.0, 511.0, 511.0, 513.0, 513.0, 511.0, 513.0, 513.0, 512.0, 512.0, 511.0, 512.0, 512.0, 513.0, 511.0, 512.0, 512.0, 512.0, 514.0, 512.0, 512.0, 514.0, 511.0, 512.0, 512.0, 512.0, 513.0, 512.0, 514.0, 512.0, 512.0, 513.0, 513.0, 511.0, 512.0, 512.0, 512.0, 512.0]
Is bad individual winner: 0
Is good individual winner: 1
Real fitness of best good: 515.0
Noisy fitness of best good: 515.0
Real fitness of best bad: 511.0
Noisy fitness of best bad: 512.0

l: 107
Real fitness of mutation winner: 539.0
Noisy fitness of mutation winner: 539.0
Crossover offspring real fitness: [513.0, 512.0, 516.0, 512.0, 512.0, 512.0, 512.0, 511.0, 512.0, 514.0, 512.0, 512.0, 511.0, 511.0, 514.0, 513.0, 513.0, 512.0, 514.0, 512.0, 512.0, 512.0, 512.0, 513.0, 512.0, 513.0, 511.0, 513.0, 512.0, 514.0, 511.0, 513.0, 512.0, 512.0, 512.0, 511.0, 512.0, 512.0, 510.0, 513.0, 511.0, 512.0, 514.0, 512.0, 512.0, 511.0, 511.0, 513.0, 512.0, 511.0, 512.0, 514.0, 512.0, 511.0, 512.0, 514.0, 511.0, 514.0, 514.0, 514.0, 513.0, 512.0, 510.0, 512.0, 513.0, 511.0, 513.0, 512.0, 511.0, 512.0, 512.0, 511.0, 511.0, 512.0, 514.0, 512.0, 516.0, 512.0, 513.0, 513.0, 513.0, 510.0, 512.0, 514.0, 512.0, 512.0, 512.0, 512.0, 512.0, 511.0, 513.0, 512.0, 512.0, 512.0, 512.0, 514.0, 512.0, 513.0, 513.0, 512.0, 512.0]
Crossover offspring noisy fitness: [513.0, 512.0, 515.0, 512.0, 512.0, 512.0, 512.0, 511.0, 512.0, 514.0, 512.0, 512.0, 511.0, 511.0, 514.0, 513.0, 513.0, 512.0, 514.0, 512.0, 512.0, 513.0, 512.0, 513.0, 512.0, 513.0, 511.0, 513.0, 512.0, 513.0, 511.0, 513.0, 512.0, 512.0, 512.0, 511.0, 512.0, 512.0, 510.0, 513.0, 511.0, 512.0, 514.0, 512.0, 512.0, 511.0, 511.0, 513.0, 511.0, 511.0, 512.0, 514.0, 512.0, 511.0, 512.0, 514.0, 511.0, 514.0, 514.0, 514.0, 514.0, 512.0, 510.0, 512.0, 513.0, 511.0, 513.0, 512.0, 511.0, 512.0, 512.0, 511.0, 511.0, 512.0, 514.0, 512.0, 516.0, 512.0, 513.0, 513.0, 513.0, 510.0, 512.0, 514.0, 512.0, 512.0, 512.0, 512.0, 512.0, 511.0, 513.0, 512.0, 512.0, 512.0, 512.0, 515.0, 512.0, 513.0, 513.0, 512.0, 512.0]
Is bad individual winner: 0
Is good individual winner: 1
Real fitness of best good: 516.0
Noisy fitness of best good: 516.0
Real fitness of best bad: 511.0
Noisy fitness of best bad: 511.0

l: 97
Real fitness of mutation winner: 533.0
Noisy fitness of mutation winner: 533.0
Crossover offspring real fitness: [513.0, 513.0, 512.0, 513.0, 512.0, 512.0, 513.0, 512.0, 514.0, 509.0, 511.0, 512.0, 512.0, 512.0, 510.0, 514.0, 512.0, 512.0, 512.0, 513.0, 513.0, 512.0, 513.0, 516.0, 512.0, 512.0, 513.0, 512.0, 514.0, 512.0, 513.0, 514.0, 513.0, 511.0, 514.0, 512.0, 514.0, 512.0, 513.0, 511.0, 512.0, 512.0, 514.0, 515.0, 512.0, 513.0, 512.0, 512.0, 511.0, 512.0, 513.0, 514.0, 513.0, 512.0, 513.0, 512.0, 513.0, 514.0, 512.0, 512.0, 511.0, 512.0, 513.0, 512.0, 512.0, 512.0, 512.0, 513.0, 513.0, 511.0, 512.0, 512.0, 512.0, 513.0, 513.0, 512.0, 512.0, 513.0, 511.0, 512.0, 513.0, 513.0, 511.0, 511.0, 512.0, 511.0, 515.0, 512.0, 511.0, 515.0, 512.0, 512.0, 514.0, 512.0, 510.0, 512.0, 511.0, 512.0, 512.0, 513.0, 512.0]
Crossover offspring noisy fitness: [513.0, 513.0, 512.0, 513.0, 512.0, 512.0, 513.0, 512.0, 514.0, 510.0, 511.0, 512.0, 512.0, 512.0, 510.0, 514.0, 512.0, 512.0, 512.0, 513.0, 513.0, 512.0, 514.0, 516.0, 512.0, 513.0, 513.0, 511.0, 514.0, 512.0, 513.0, 514.0, 513.0, 511.0, 514.0, 512.0, 514.0, 512.0, 513.0, 511.0, 512.0, 512.0, 514.0, 515.0, 512.0, 513.0, 512.0, 512.0, 511.0, 512.0, 513.0, 514.0, 513.0, 512.0, 513.0, 512.0, 513.0, 514.0, 512.0, 512.0, 511.0, 512.0, 513.0, 512.0, 512.0, 512.0, 512.0, 512.0, 513.0, 511.0, 512.0, 512.0, 512.0, 513.0, 513.0, 512.0, 512.0, 513.0, 510.0, 512.0, 513.0, 513.0, 511.0, 511.0, 513.0, 511.0, 515.0, 512.0, 511.0, 515.0, 512.0, 512.0, 514.0, 512.0, 510.0, 512.0, 511.0, 512.0, 512.0, 513.0, 512.0]
Is bad individual winner: 0
Is good individual winner: 1
Real fitness of best good: 516.0
Noisy fitness of best good: 516.0
Real fitness of best bad: 511.0
Noisy fitness of best bad: 511.0

l: 86
Real fitness of mutation winner: 532.0
Noisy fitness of mutation winner: 532.0
Crossover offspring real fitness: [512.0, 513.0, 513.0, 512.0, 514.0, 514.0, 513.0, 512.0, 512.0, 513.0, 513.0, 513.0, 513.0, 512.0, 512.0, 512.0, 513.0, 512.0, 512.0, 513.0, 513.0, 513.0, 512.0, 513.0, 513.0, 513.0, 512.0, 514.0, 513.0, 511.0, 511.0, 511.0, 511.0, 511.0, 510.0, 512.0, 512.0, 512.0, 513.0, 513.0, 512.0, 514.0, 512.0, 512.0, 512.0, 513.0, 513.0, 513.0, 512.0, 512.0, 512.0, 513.0, 512.0, 512.0, 512.0, 512.0, 514.0, 513.0, 512.0, 512.0, 514.0, 512.0, 512.0, 512.0, 514.0, 512.0, 513.0, 512.0, 513.0, 513.0, 514.0, 512.0, 512.0, 513.0, 512.0, 511.0, 513.0, 513.0, 514.0, 510.0, 512.0, 515.0, 512.0, 512.0, 512.0, 512.0, 512.0, 512.0, 512.0, 514.0, 512.0, 512.0, 513.0, 512.0, 513.0, 511.0, 513.0, 511.0, 511.0, 512.0, 512.0]
Crossover offspring noisy fitness: [512.0, 513.0, 514.0, 512.0, 514.0, 514.0, 513.0, 512.0, 512.0, 513.0, 513.0, 513.0, 513.0, 512.0, 512.0, 512.0, 513.0, 512.0, 512.0, 513.0, 513.0, 513.0, 512.0, 513.0, 513.0, 513.0, 512.0, 514.0, 513.0, 511.0, 511.0, 512.0, 511.0, 511.0, 510.0, 512.0, 512.0, 512.0, 514.0, 513.0, 512.0, 514.0, 512.0, 512.0, 512.0, 513.0, 513.0, 513.0, 511.0, 512.0, 512.0, 513.0, 512.0, 512.0, 512.0, 512.0, 514.0, 513.0, 512.0, 511.0, 514.0, 512.0, 512.0, 512.0, 514.0, 512.0, 513.0, 512.0, 513.0, 513.0, 514.0, 512.0, 512.0, 513.0, 512.0, 511.0, 513.0, 513.0, 514.0, 510.0, 512.0, 515.0, 512.0, 512.0, 512.0, 512.0, 512.0, 512.0, 512.0, 514.0, 512.0, 512.0, 513.0, 512.0, 513.0, 511.0, 513.0, 511.0, 511.0, 513.0, 512.0]
Is bad individual winner: 0
Is good individual winner: 1
Real fitness of best good: 515.0
Noisy fitness of best good: 515.0
Real fitness of best bad: 511.0
Noisy fitness of best bad: 512.0

l: 98
Real fitness of mutation winner: 530.0
Noisy fitness of mutation winner: 531.0
Crossover offspring real fitness: [512.0, 512.0, 512.0, 512.0, 511.0, 512.0, 512.0, 513.0, 512.0, 512.0, 512.0, 512.0, 513.0, 512.0, 511.0, 512.0, 514.0, 513.0, 512.0, 513.0, 513.0, 513.0, 512.0, 512.0, 512.0, 513.0, 512.0, 512.0, 511.0, 513.0, 511.0, 513.0, 513.0, 514.0, 512.0, 512.0, 512.0, 513.0, 512.0, 513.0, 512.0, 512.0, 512.0, 512.0, 512.0, 511.0, 513.0, 510.0, 512.0, 512.0, 513.0, 514.0, 513.0, 512.0, 512.0, 512.0, 512.0, 512.0, 513.0, 512.0, 513.0, 511.0, 513.0, 513.0, 513.0, 511.0, 513.0, 512.0, 512.0, 514.0, 513.0, 512.0, 513.0, 512.0, 512.0, 512.0, 514.0, 511.0, 512.0, 513.0, 511.0, 512.0, 513.0, 510.0, 514.0, 512.0, 512.0, 512.0, 513.0, 511.0, 513.0, 511.0, 511.0, 513.0, 514.0, 512.0, 512.0, 512.0, 512.0, 511.0, 513.0]
Crossover offspring noisy fitness: [512.0, 512.0, 512.0, 512.0, 511.0, 512.0, 512.0, 513.0, 512.0, 512.0, 512.0, 512.0, 513.0, 512.0, 511.0, 512.0, 514.0, 513.0, 512.0, 513.0, 513.0, 513.0, 512.0, 513.0, 512.0, 512.0, 512.0, 512.0, 511.0, 513.0, 511.0, 513.0, 513.0, 514.0, 512.0, 512.0, 512.0, 513.0, 512.0, 513.0, 512.0, 512.0, 512.0, 512.0, 512.0, 511.0, 513.0, 510.0, 512.0, 512.0, 513.0, 514.0, 513.0, 512.0, 512.0, 512.0, 512.0, 512.0, 513.0, 512.0, 513.0, 510.0, 513.0, 513.0, 513.0, 511.0, 513.0, 512.0, 512.0, 514.0, 513.0, 512.0, 513.0, 512.0, 512.0, 512.0, 514.0, 511.0, 511.0, 513.0, 511.0, 512.0, 513.0, 510.0, 514.0, 512.0, 512.0, 512.0, 513.0, 511.0, 513.0, 511.0, 511.0, 513.0, 514.0, 512.0, 512.0, 512.0, 512.0, 511.0, 513.0]
Is bad individual winner: 0
Is good individual winner: 1
Real fitness of best good: 514.0
Noisy fitness of best good: 514.0
Real fitness of best bad: 511.0
Noisy fitness of best bad: 511.0

l: 116
Real fitness of mutation winner: 536.0
Noisy fitness of mutation winner: 536.0
Crossover offspring real fitness: [512.0, 512.0, 512.0, 512.0, 510.0, 511.0, 514.0, 512.0, 512.0, 512.0, 511.0, 512.0, 512.0, 513.0, 514.0, 512.0, 514.0, 512.0, 512.0, 512.0, 512.0, 512.0, 512.0, 513.0, 512.0, 512.0, 512.0, 512.0, 510.0, 511.0, 514.0, 516.0, 513.0, 512.0, 513.0, 510.0, 513.0, 510.0, 512.0, 512.0, 512.0, 513.0, 513.0, 512.0, 512.0, 511.0, 513.0, 513.0, 512.0, 512.0, 513.0, 512.0, 513.0, 513.0, 513.0, 514.0, 513.0, 512.0, 512.0, 512.0, 510.0, 511.0, 512.0, 512.0, 512.0, 513.0, 511.0, 513.0, 513.0, 512.0, 512.0, 512.0, 511.0, 511.0, 512.0, 512.0, 512.0, 512.0, 512.0, 512.0, 513.0, 512.0, 513.0, 512.0, 509.0, 513.0, 514.0, 512.0, 511.0, 512.0, 512.0, 512.0, 512.0, 512.0, 512.0, 513.0, 513.0, 513.0, 511.0, 511.0, 512.0]
Crossover offspring noisy fitness: [512.0, 512.0, 512.0, 512.0, 510.0, 511.0, 514.0, 512.0, 512.0, 512.0, 511.0, 512.0, 512.0, 513.0, 514.0, 512.0, 514.0, 512.0, 512.0, 512.0, 513.0, 512.0, 512.0, 513.0, 512.0, 512.0, 512.0, 512.0, 510.0, 510.0, 514.0, 516.0, 513.0, 512.0, 513.0, 510.0, 513.0, 510.0, 512.0, 512.0, 512.0, 513.0, 513.0, 512.0, 512.0, 511.0, 513.0, 513.0, 512.0, 512.0, 513.0, 512.0, 513.0, 513.0, 513.0, 514.0, 513.0, 512.0, 512.0, 512.0, 510.0, 511.0, 512.0, 512.0, 512.0, 513.0, 511.0, 513.0, 512.0, 512.0, 512.0, 512.0, 511.0, 510.0, 512.0, 512.0, 512.0, 512.0, 512.0, 512.0, 513.0, 512.0, 513.0, 512.0, 509.0, 513.0, 514.0, 512.0, 511.0, 512.0, 512.0, 512.0, 512.0, 512.0, 512.0, 513.0, 513.0, 513.0, 511.0, 511.0, 512.0]
Is bad individual winner: 0
Is good individual winner: 1
Real fitness of best good: 516.0
Noisy fitness of best good: 516.0
Real fitness of best bad: 511.0
Noisy fitness of best bad: 511.0

l: 97
Real fitness of mutation winner: 529.0
Noisy fitness of mutation winner: 529.0
Crossover offspring real fitness: [511.0, 512.0, 513.0, 511.0, 513.0, 512.0, 511.0, 512.0, 515.0, 513.0, 512.0, 513.0, 512.0, 512.0, 512.0, 512.0, 513.0, 511.0, 512.0, 513.0, 515.0, 514.0, 511.0, 511.0, 515.0, 512.0, 514.0, 513.0, 513.0, 511.0, 512.0, 512.0, 513.0, 512.0, 512.0, 511.0, 512.0, 512.0, 513.0, 512.0, 512.0, 512.0, 512.0, 512.0, 512.0, 512.0, 512.0, 507.0, 514.0, 511.0, 512.0, 514.0, 512.0, 513.0, 511.0, 513.0, 514.0, 513.0, 512.0, 512.0, 512.0, 512.0, 514.0, 510.0, 512.0, 513.0, 512.0, 510.0, 513.0, 512.0, 513.0, 510.0, 512.0, 511.0, 512.0, 513.0, 512.0, 513.0, 512.0, 511.0, 513.0, 514.0, 513.0, 512.0, 512.0, 511.0, 511.0, 513.0, 512.0, 512.0, 512.0, 512.0, 512.0, 512.0, 513.0, 513.0, 513.0, 511.0, 512.0, 512.0, 512.0]
Crossover offspring noisy fitness: [511.0, 512.0, 513.0, 511.0, 513.0, 512.0, 511.0, 512.0, 515.0, 513.0, 512.0, 514.0, 512.0, 512.0, 512.0, 512.0, 513.0, 511.0, 512.0, 513.0, 515.0, 514.0, 511.0, 511.0, 515.0, 512.0, 514.0, 513.0, 513.0, 511.0, 512.0, 512.0, 513.0, 512.0, 512.0, 511.0, 512.0, 512.0, 513.0, 512.0, 512.0, 512.0, 512.0, 512.0, 512.0, 512.0, 512.0, 507.0, 514.0, 511.0, 512.0, 514.0, 512.0, 513.0, 511.0, 513.0, 514.0, 513.0, 512.0, 512.0, 512.0, 512.0, 514.0, 510.0, 512.0, 513.0, 512.0, 510.0, 513.0, 512.0, 513.0, 510.0, 512.0, 511.0, 512.0, 513.0, 512.0, 513.0, 512.0, 511.0, 513.0, 513.0, 513.0, 512.0, 512.0, 512.0, 511.0, 513.0, 512.0, 512.0, 512.0, 512.0, 512.0, 511.0, 513.0, 513.0, 514.0, 511.0, 512.0, 512.0, 512.0]
Is bad individual winner: 0
Is good individual winner: 1
Real fitness of best good: 515.0
Noisy fitness of best good: 515.0
Real fitness of best bad: 511.0
Noisy fitness of best bad: 512.0

l: 108
Real fitness of mutation winner: 536.0
Noisy fitness of mutation winner: 536.0
Crossover offspring real fitness: [513.0, 512.0, 511.0, 512.0, 511.0, 512.0, 511.0, 512.0, 512.0, 512.0, 512.0, 512.0, 510.0, 511.0, 512.0, 512.0, 512.0, 513.0, 513.0, 513.0, 513.0, 514.0, 511.0, 512.0, 514.0, 511.0, 513.0, 514.0, 512.0, 516.0, 513.0, 512.0, 512.0, 512.0, 510.0, 512.0, 512.0, 512.0, 512.0, 512.0, 513.0, 512.0, 513.0, 511.0, 511.0, 512.0, 511.0, 512.0, 512.0, 512.0, 511.0, 512.0, 510.0, 513.0, 513.0, 513.0, 512.0, 512.0, 512.0, 512.0, 512.0, 512.0, 513.0, 514.0, 510.0, 513.0, 512.0, 511.0, 512.0, 512.0, 513.0, 511.0, 513.0, 515.0, 512.0, 511.0, 512.0, 513.0, 513.0, 513.0, 511.0, 512.0, 512.0, 511.0, 512.0, 512.0, 511.0, 511.0, 512.0, 512.0, 513.0, 514.0, 513.0, 514.0, 512.0, 512.0, 512.0, 512.0, 513.0, 511.0, 512.0]
Crossover offspring noisy fitness: [513.0, 512.0, 511.0, 512.0, 511.0, 512.0, 511.0, 512.0, 512.0, 512.0, 512.0, 512.0, 510.0, 511.0, 512.0, 512.0, 512.0, 513.0, 513.0, 513.0, 513.0, 514.0, 511.0, 512.0, 514.0, 511.0, 512.0, 514.0, 512.0, 516.0, 513.0, 512.0, 512.0, 512.0, 510.0, 512.0, 512.0, 512.0, 512.0, 512.0, 513.0, 512.0, 513.0, 511.0, 511.0, 512.0, 511.0, 512.0, 512.0, 512.0, 511.0, 513.0, 510.0, 513.0, 513.0, 512.0, 512.0, 511.0, 513.0, 512.0, 511.0, 512.0, 513.0, 514.0, 510.0, 513.0, 512.0, 511.0, 512.0, 512.0, 513.0, 511.0, 513.0, 515.0, 512.0, 511.0, 512.0, 513.0, 513.0, 513.0, 511.0, 512.0, 512.0, 511.0, 512.0, 512.0, 511.0, 511.0, 512.0, 512.0, 513.0, 514.0, 513.0, 514.0, 512.0, 512.0, 512.0, 512.0, 513.0, 511.0, 512.0]
Is bad individual winner: 0
Is good individual winner: 1
Real fitness of best good: 516.0
Noisy fitness of best good: 516.0
Real fitness of best bad: 511.0
Noisy fitness of best bad: 511.0

l: 79
Real fitness of mutation winner: 537.0
Noisy fitness of mutation winner: 537.0
Crossover offspring real fitness: [514.0, 512.0, 512.0, 513.0, 513.0, 512.0, 514.0, 512.0, 512.0, 512.0, 513.0, 511.0, 511.0, 512.0, 512.0, 513.0, 512.0, 512.0, 513.0, 512.0, 512.0, 512.0, 512.0, 511.0, 512.0, 512.0, 513.0, 513.0, 512.0, 512.0, 513.0, 512.0, 512.0, 513.0, 513.0, 512.0, 511.0, 512.0, 512.0, 513.0, 512.0, 511.0, 512.0, 514.0, 512.0, 512.0, 512.0, 512.0, 512.0, 513.0, 512.0, 512.0, 513.0, 511.0, 512.0, 513.0, 513.0, 511.0, 512.0, 512.0, 512.0, 511.0, 513.0, 512.0, 512.0, 514.0, 513.0, 511.0, 513.0, 511.0, 513.0, 514.0, 513.0, 512.0, 512.0, 514.0, 511.0, 512.0, 512.0, 512.0, 513.0, 511.0, 512.0, 511.0, 512.0, 514.0, 512.0, 512.0, 513.0, 512.0, 512.0, 512.0, 513.0, 512.0, 512.0, 512.0, 511.0, 512.0, 514.0, 512.0, 511.0]
Crossover offspring noisy fitness: [514.0, 512.0, 512.0, 513.0, 513.0, 512.0, 514.0, 512.0, 512.0, 512.0, 513.0, 511.0, 511.0, 512.0, 512.0, 513.0, 512.0, 512.0, 513.0, 512.0, 512.0, 512.0, 512.0, 510.0, 512.0, 512.0, 513.0, 513.0, 512.0, 512.0, 513.0, 512.0, 512.0, 513.0, 513.0, 512.0, 511.0, 512.0, 512.0, 513.0, 512.0, 511.0, 512.0, 514.0, 512.0, 513.0, 512.0, 512.0, 512.0, 513.0, 512.0, 511.0, 513.0, 511.0, 512.0, 513.0, 513.0, 511.0, 512.0, 511.0, 512.0, 511.0, 513.0, 512.0, 512.0, 514.0, 513.0, 511.0, 514.0, 510.0, 513.0, 514.0, 513.0, 512.0, 512.0, 514.0, 511.0, 512.0, 512.0, 511.0, 513.0, 511.0, 512.0, 511.0, 512.0, 514.0, 512.0, 512.0, 513.0, 512.0, 512.0, 512.0, 513.0, 512.0, 512.0, 512.0, 511.0, 512.0, 514.0, 512.0, 511.0]
Is bad individual winner: 0
Is good individual winner: 1
Real fitness of best good: 514.0
Noisy fitness of best good: 514.0
Real fitness of best bad: 511.0
Noisy fitness of best bad: 511.0

l: 96
Real fitness of mutation winner: 532.0
Noisy fitness of mutation winner: 532.0
Crossover offspring real fitness: [512.0, 514.0, 511.0, 512.0, 512.0, 513.0, 512.0, 512.0, 512.0, 512.0, 514.0, 513.0, 513.0, 512.0, 512.0, 514.0, 513.0, 512.0, 512.0, 512.0, 513.0, 512.0, 511.0, 512.0, 512.0, 513.0, 511.0, 513.0, 513.0, 512.0, 512.0, 512.0, 512.0, 512.0, 513.0, 514.0, 515.0, 512.0, 513.0, 513.0, 513.0, 513.0, 513.0, 514.0, 513.0, 514.0, 512.0, 512.0, 513.0, 512.0, 512.0, 511.0, 512.0, 513.0, 512.0, 513.0, 512.0, 514.0, 512.0, 512.0, 513.0, 512.0, 514.0, 512.0, 512.0, 511.0, 511.0, 513.0, 511.0, 511.0, 511.0, 512.0, 512.0, 512.0, 511.0, 511.0, 512.0, 512.0, 513.0, 513.0, 511.0, 512.0, 514.0, 511.0, 513.0, 513.0, 512.0, 515.0, 512.0, 512.0, 512.0, 514.0, 513.0, 512.0, 512.0, 512.0, 513.0, 513.0, 512.0, 514.0, 512.0]
Crossover offspring noisy fitness: [512.0, 513.0, 511.0, 512.0, 512.0, 513.0, 512.0, 512.0, 512.0, 512.0, 514.0, 513.0, 513.0, 512.0, 512.0, 514.0, 513.0, 512.0, 512.0, 512.0, 513.0, 512.0, 511.0, 512.0, 512.0, 513.0, 511.0, 513.0, 513.0, 512.0, 512.0, 512.0, 514.0, 512.0, 513.0, 514.0, 515.0, 513.0, 513.0, 513.0, 512.0, 513.0, 513.0, 514.0, 513.0, 513.0, 512.0, 512.0, 513.0, 512.0, 513.0, 511.0, 512.0, 513.0, 512.0, 513.0, 512.0, 514.0, 512.0, 511.0, 513.0, 512.0, 514.0, 512.0, 512.0, 511.0, 511.0, 513.0, 511.0, 511.0, 511.0, 512.0, 512.0, 512.0, 511.0, 511.0, 512.0, 512.0, 513.0, 513.0, 511.0, 512.0, 514.0, 511.0, 513.0, 513.0, 512.0, 515.0, 512.0, 512.0, 512.0, 514.0, 513.0, 512.0, 512.0, 512.0, 513.0, 513.0, 512.0, 514.0, 512.0]
Is bad individual winner: 0
Is good individual winner: 1
Real fitness of best good: 515.0
Noisy fitness of best good: 515.0
Real fitness of best bad: 511.0
Noisy fitness of best bad: 511.0

l: 106
Real fitness of mutation winner: 534.0
Noisy fitness of mutation winner: 534.0
Crossover offspring real fitness: [514.0, 514.0, 513.0, 512.0, 513.0, 513.0, 513.0, 513.0, 511.0, 513.0, 513.0, 515.0, 512.0, 513.0, 513.0, 512.0, 511.0, 513.0, 512.0, 512.0, 511.0, 513.0, 512.0, 511.0, 511.0, 511.0, 511.0, 510.0, 512.0, 512.0, 512.0, 513.0, 513.0, 512.0, 511.0, 512.0, 512.0, 512.0, 510.0, 512.0, 511.0, 513.0, 512.0, 511.0, 512.0, 512.0, 511.0, 514.0, 510.0, 512.0, 509.0, 512.0, 513.0, 513.0, 513.0, 511.0, 511.0, 513.0, 510.0, 512.0, 511.0, 514.0, 511.0, 513.0, 512.0, 514.0, 511.0, 512.0, 511.0, 512.0, 511.0, 512.0, 513.0, 511.0, 512.0, 513.0, 511.0, 511.0, 515.0, 512.0, 512.0, 512.0, 511.0, 512.0, 511.0, 513.0, 512.0, 514.0, 512.0, 512.0, 514.0, 512.0, 512.0, 513.0, 512.0, 512.0, 512.0, 512.0, 512.0, 511.0, 513.0]
Crossover offspring noisy fitness: [514.0, 514.0, 513.0, 512.0, 513.0, 513.0, 513.0, 513.0, 511.0, 513.0, 513.0, 515.0, 512.0, 513.0, 513.0, 512.0, 511.0, 513.0, 512.0, 512.0, 511.0, 513.0, 512.0, 511.0, 511.0, 511.0, 511.0, 510.0, 512.0, 512.0, 512.0, 513.0, 513.0, 512.0, 511.0, 512.0, 512.0, 512.0, 510.0, 512.0, 511.0, 513.0, 512.0, 511.0, 512.0, 512.0, 511.0, 514.0, 511.0, 512.0, 509.0, 512.0, 513.0, 513.0, 513.0, 511.0, 510.0, 513.0, 510.0, 512.0, 511.0, 514.0, 510.0, 513.0, 512.0, 512.0, 511.0, 512.0, 511.0, 512.0, 511.0, 512.0, 513.0, 511.0, 512.0, 513.0, 511.0, 511.0, 515.0, 512.0, 512.0, 512.0, 511.0, 511.0, 511.0, 513.0, 512.0, 514.0, 512.0, 512.0, 514.0, 512.0, 512.0, 513.0, 512.0, 512.0, 512.0, 512.0, 512.0, 511.0, 513.0]
Is bad individual winner: 0
Is good individual winner: 1
Real fitness of best good: 515.0
Noisy fitness of best good: 515.0
Real fitness of best bad: 511.0
Noisy fitness of best bad: 511.0

l: 97
Real fitness of mutation winner: 531.0
Noisy fitness of mutation winner: 532.0
Crossover offspring real fitness: [511.0, 512.0, 514.0, 512.0, 512.0, 512.0, 511.0, 513.0, 512.0, 513.0, 511.0, 514.0, 511.0, 511.0, 512.0, 513.0, 512.0, 513.0, 511.0, 512.0, 512.0, 512.0, 514.0, 513.0, 512.0, 512.0, 513.0, 513.0, 512.0, 512.0, 511.0, 512.0, 514.0, 513.0, 513.0, 513.0, 511.0, 513.0, 513.0, 511.0, 512.0, 512.0, 512.0, 512.0, 511.0, 510.0, 513.0, 512.0, 512.0, 512.0, 510.0, 512.0, 511.0, 513.0, 510.0, 512.0, 513.0, 512.0, 513.0, 513.0, 514.0, 514.0, 511.0, 512.0, 511.0, 513.0, 514.0, 512.0, 511.0, 511.0, 512.0, 512.0, 513.0, 510.0, 512.0, 512.0, 512.0, 512.0, 513.0, 512.0, 511.0, 512.0, 511.0, 513.0, 512.0, 513.0, 513.0, 512.0, 510.0, 512.0, 512.0, 513.0, 515.0, 511.0, 513.0, 513.0, 512.0, 512.0, 512.0, 512.0, 511.0]
Crossover offspring noisy fitness: [511.0, 512.0, 514.0, 512.0, 512.0, 512.0, 511.0, 513.0, 512.0, 513.0, 511.0, 514.0, 511.0, 511.0, 512.0, 513.0, 512.0, 513.0, 511.0, 512.0, 512.0, 512.0, 514.0, 513.0, 512.0, 512.0, 514.0, 513.0, 512.0, 512.0, 511.0, 512.0, 514.0, 513.0, 513.0, 513.0, 511.0, 513.0, 513.0, 511.0, 512.0, 512.0, 512.0, 512.0, 511.0, 510.0, 513.0, 512.0, 512.0, 512.0, 510.0, 512.0, 511.0, 513.0, 510.0, 512.0, 513.0, 512.0, 513.0, 513.0, 514.0, 514.0, 511.0, 512.0, 512.0, 513.0, 514.0, 512.0, 511.0, 511.0, 512.0, 512.0, 513.0, 510.0, 513.0, 512.0, 512.0, 512.0, 513.0, 512.0, 511.0, 512.0, 511.0, 513.0, 512.0, 513.0, 513.0, 512.0, 510.0, 512.0, 512.0, 513.0, 515.0, 511.0, 513.0, 513.0, 512.0, 513.0, 513.0, 511.0, 511.0]
Is bad individual winner: 0
Is good individual winner: 1
Real fitness of best good: 515.0
Noisy fitness of best good: 515.0
Real fitness of best bad: 511.0
Noisy fitness of best bad: 512.0

l: 89
Real fitness of mutation winner: 531.0
Noisy fitness of mutation winner: 531.0
Crossover offspring real fitness: [512.0, 513.0, 512.0, 511.0, 513.0, 513.0, 513.0, 511.0, 512.0, 511.0, 513.0, 513.0, 511.0, 510.0, 511.0, 513.0, 512.0, 512.0, 513.0, 512.0, 512.0, 513.0, 512.0, 510.0, 512.0, 511.0, 514.0, 514.0, 512.0, 514.0, 512.0, 513.0, 512.0, 512.0, 511.0, 511.0, 513.0, 510.0, 512.0, 513.0, 512.0, 512.0, 513.0, 513.0, 512.0, 512.0, 512.0, 512.0, 513.0, 513.0, 513.0, 513.0, 513.0, 511.0, 513.0, 512.0, 510.0, 513.0, 510.0, 514.0, 511.0, 512.0, 513.0, 513.0, 511.0, 512.0, 512.0, 511.0, 512.0, 512.0, 512.0, 511.0, 512.0, 511.0, 512.0, 512.0, 512.0, 513.0, 512.0, 512.0, 512.0, 511.0, 513.0, 509.0, 511.0, 512.0, 512.0, 512.0, 512.0, 511.0, 513.0, 511.0, 514.0, 512.0, 512.0, 510.0, 512.0, 513.0, 512.0, 513.0, 512.0]
Crossover offspring noisy fitness: [512.0, 513.0, 512.0, 511.0, 513.0, 513.0, 513.0, 511.0, 512.0, 511.0, 513.0, 513.0, 511.0, 510.0, 511.0, 513.0, 512.0, 512.0, 513.0, 512.0, 512.0, 513.0, 512.0, 510.0, 512.0, 511.0, 514.0, 514.0, 512.0, 514.0, 512.0, 513.0, 512.0, 512.0, 511.0, 511.0, 513.0, 510.0, 512.0, 514.0, 512.0, 512.0, 513.0, 513.0, 512.0, 512.0, 512.0, 512.0, 513.0, 513.0, 513.0, 513.0, 513.0, 511.0, 513.0, 512.0, 510.0, 513.0, 511.0, 514.0, 511.0, 512.0, 513.0, 513.0, 511.0, 512.0, 512.0, 511.0, 512.0, 512.0, 512.0, 511.0, 512.0, 511.0, 513.0, 512.0, 512.0, 513.0, 512.0, 512.0, 512.0, 511.0, 513.0, 509.0, 511.0, 512.0, 512.0, 512.0, 512.0, 511.0, 513.0, 511.0, 514.0, 512.0, 512.0, 510.0, 512.0, 513.0, 512.0, 513.0, 512.0]
Is bad individual winner: 0
Is good individual winner: 1
Real fitness of best good: 514.0
Noisy fitness of best good: 514.0
Real fitness of best bad: 511.0
Noisy fitness of best bad: 511.0

l: 100
Real fitness of mutation winner: 528.0
Noisy fitness of mutation winner: 528.0
Crossover offspring real fitness: [512.0, 514.0, 512.0, 512.0, 513.0, 512.0, 511.0, 511.0, 512.0, 512.0, 512.0, 513.0, 512.0, 511.0, 513.0, 514.0, 513.0, 511.0, 513.0, 512.0, 513.0, 512.0, 512.0, 512.0, 512.0, 514.0, 513.0, 512.0, 512.0, 512.0, 511.0, 512.0, 513.0, 511.0, 511.0, 512.0, 512.0, 511.0, 512.0, 511.0, 510.0, 511.0, 512.0, 512.0, 512.0, 512.0, 512.0, 513.0, 513.0, 513.0, 512.0, 513.0, 511.0, 512.0, 512.0, 512.0, 511.0, 512.0, 512.0, 513.0, 512.0, 513.0, 512.0, 511.0, 512.0, 512.0, 512.0, 512.0, 512.0, 512.0, 513.0, 512.0, 512.0, 512.0, 513.0, 512.0, 510.0, 513.0, 513.0, 511.0, 511.0, 512.0, 511.0, 511.0, 513.0, 512.0, 512.0, 513.0, 512.0, 511.0, 513.0, 513.0, 513.0, 512.0, 512.0, 509.0, 512.0, 513.0, 512.0, 513.0, 514.0]
Crossover offspring noisy fitness: [513.0, 514.0, 512.0, 512.0, 513.0, 512.0, 511.0, 511.0, 512.0, 512.0, 512.0, 513.0, 512.0, 511.0, 513.0, 514.0, 513.0, 511.0, 513.0, 512.0, 513.0, 512.0, 511.0, 512.0, 512.0, 514.0, 513.0, 512.0, 511.0, 512.0, 511.0, 512.0, 512.0, 511.0, 511.0, 512.0, 513.0, 511.0, 512.0, 511.0, 510.0, 511.0, 512.0, 512.0, 512.0, 512.0, 512.0, 513.0, 513.0, 513.0, 512.0, 513.0, 511.0, 512.0, 512.0, 512.0, 511.0, 512.0, 512.0, 513.0, 512.0, 513.0, 512.0, 511.0, 512.0, 512.0, 512.0, 512.0, 512.0, 512.0, 514.0, 512.0, 512.0, 512.0, 513.0, 512.0, 510.0, 513.0, 513.0, 511.0, 511.0, 512.0, 511.0, 511.0, 513.0, 512.0, 512.0, 512.0, 512.0, 511.0, 513.0, 513.0, 513.0, 512.0, 512.0, 509.0, 512.0, 514.0, 512.0, 513.0, 514.0]
Is bad individual winner: 0
Is good individual winner: 1
Real fitness of best good: 514.0
Noisy fitness of best good: 514.0
Real fitness of best bad: 511.0
Noisy fitness of best bad: 511.0

l: 96
Real fitness of mutation winner: 534.0
Noisy fitness of mutation winner: 534.0
Crossover offspring real fitness: [512.0, 513.0, 513.0, 513.0, 511.0, 512.0, 512.0, 512.0, 513.0, 513.0, 511.0, 512.0, 513.0, 513.0, 511.0, 509.0, 513.0, 511.0, 512.0, 512.0, 512.0, 514.0, 512.0, 512.0, 512.0, 512.0, 512.0, 514.0, 512.0, 512.0, 511.0, 512.0, 513.0, 512.0, 512.0, 513.0, 510.0, 513.0, 514.0, 512.0, 511.0, 513.0, 513.0, 511.0, 512.0, 513.0, 513.0, 513.0, 510.0, 513.0, 511.0, 510.0, 512.0, 514.0, 512.0, 512.0, 513.0, 513.0, 514.0, 513.0, 514.0, 512.0, 511.0, 512.0, 512.0, 511.0, 514.0, 513.0, 512.0, 513.0, 512.0, 512.0, 513.0, 512.0, 513.0, 510.0, 513.0, 512.0, 511.0, 513.0, 511.0, 513.0, 514.0, 512.0, 510.0, 513.0, 514.0, 513.0, 512.0, 513.0, 512.0, 511.0, 513.0, 512.0, 510.0, 511.0, 510.0, 512.0, 513.0, 513.0, 512.0]
Crossover offspring noisy fitness: [512.0, 513.0, 513.0, 513.0, 511.0, 512.0, 512.0, 512.0, 513.0, 513.0, 511.0, 512.0, 513.0, 513.0, 511.0, 509.0, 513.0, 511.0, 512.0, 512.0, 512.0, 514.0, 512.0, 512.0, 512.0, 512.0, 512.0, 514.0, 512.0, 511.0, 511.0, 512.0, 513.0, 512.0, 512.0, 513.0, 510.0, 513.0, 514.0, 512.0, 511.0, 513.0, 513.0, 511.0, 512.0, 513.0, 513.0, 513.0, 510.0, 513.0, 511.0, 510.0, 513.0, 514.0, 512.0, 512.0, 513.0, 514.0, 514.0, 513.0, 514.0, 512.0, 511.0, 513.0, 512.0, 511.0, 514.0, 513.0, 512.0, 513.0, 512.0, 512.0, 513.0, 512.0, 513.0, 510.0, 513.0, 512.0, 511.0, 513.0, 511.0, 512.0, 514.0, 512.0, 510.0, 513.0, 514.0, 513.0, 512.0, 513.0, 512.0, 511.0, 513.0, 512.0, 510.0, 511.0, 509.0, 513.0, 513.0, 513.0, 512.0]
Is bad individual winner: 0
Is good individual winner: 1
Real fitness of best good: 514.0
Noisy fitness of best good: 514.0
Real fitness of best bad: 511.0
Noisy fitness of best bad: 511.0

l: 87
Real fitness of mutation winner: 537.0
Noisy fitness of mutation winner: 537.0
Crossover offspring real fitness: [512.0, 513.0, 512.0, 513.0, 512.0, 512.0, 512.0, 514.0, 512.0, 512.0, 513.0, 513.0, 511.0, 511.0, 512.0, 511.0, 513.0, 511.0, 512.0, 512.0, 513.0, 514.0, 512.0, 512.0, 513.0, 513.0, 513.0, 512.0, 512.0, 513.0, 512.0, 511.0, 512.0, 512.0, 512.0, 511.0, 511.0, 511.0, 512.0, 511.0, 513.0, 513.0, 512.0, 512.0, 513.0, 512.0, 514.0, 511.0, 513.0, 512.0, 513.0, 512.0, 513.0, 514.0, 511.0, 513.0, 513.0, 512.0, 512.0, 512.0, 511.0, 512.0, 514.0, 512.0, 512.0, 512.0, 513.0, 512.0, 512.0, 512.0, 512.0, 512.0, 513.0, 513.0, 513.0, 512.0, 511.0, 513.0, 510.0, 512.0, 513.0, 510.0, 511.0, 512.0, 512.0, 512.0, 512.0, 512.0, 512.0, 512.0, 512.0, 512.0, 512.0, 513.0, 512.0, 513.0, 512.0, 512.0, 512.0, 512.0, 512.0]
Crossover offspring noisy fitness: [512.0, 513.0, 512.0, 513.0, 512.0, 512.0, 512.0, 514.0, 512.0, 512.0, 513.0, 513.0, 511.0, 511.0, 512.0, 511.0, 513.0, 512.0, 512.0, 512.0, 513.0, 514.0, 512.0, 512.0, 513.0, 513.0, 513.0, 512.0, 512.0, 513.0, 512.0, 511.0, 512.0, 513.0, 512.0, 511.0, 511.0, 511.0, 512.0, 511.0, 512.0, 513.0, 512.0, 512.0, 513.0, 512.0, 514.0, 511.0, 513.0, 512.0, 513.0, 512.0, 513.0, 514.0, 511.0, 513.0, 513.0, 512.0, 512.0, 512.0, 511.0, 512.0, 515.0, 512.0, 512.0, 513.0, 513.0, 512.0, 512.0, 512.0, 512.0, 512.0, 513.0, 513.0, 513.0, 512.0, 511.0, 513.0, 510.0, 512.0, 513.0, 510.0, 511.0, 512.0, 512.0, 512.0, 512.0, 512.0, 512.0, 512.0, 512.0, 512.0, 512.0, 513.0, 512.0, 513.0, 512.0, 512.0, 512.0, 512.0, 512.0]
Is bad individual winner: 0
Is good individual winner: 1
Real fitness of best good: 514.0
Noisy fitness of best good: 515.0
Real fitness of best bad: 511.0
Noisy fitness of best bad: 512.0

l: 99
Real fitness of mutation winner: 531.0
Noisy fitness of mutation winner: 531.0
Crossover offspring real fitness: [513.0, 512.0, 510.0, 512.0, 512.0, 513.0, 512.0, 512.0, 511.0, 510.0, 512.0, 512.0, 510.0, 512.0, 514.0, 511.0, 512.0, 512.0, 512.0, 514.0, 513.0, 512.0, 512.0, 511.0, 514.0, 513.0, 512.0, 513.0, 513.0, 512.0, 512.0, 512.0, 512.0, 512.0, 514.0, 513.0, 512.0, 512.0, 512.0, 511.0, 514.0, 512.0, 515.0, 511.0, 509.0, 512.0, 513.0, 512.0, 511.0, 511.0, 511.0, 511.0, 513.0, 512.0, 513.0, 511.0, 511.0, 512.0, 515.0, 512.0, 513.0, 512.0, 511.0, 512.0, 511.0, 513.0, 513.0, 512.0, 511.0, 512.0, 512.0, 513.0, 515.0, 512.0, 513.0, 513.0, 514.0, 513.0, 512.0, 511.0, 511.0, 512.0, 512.0, 512.0, 512.0, 512.0, 512.0, 512.0, 513.0, 511.0, 515.0, 511.0, 513.0, 513.0, 512.0, 512.0, 513.0, 513.0, 511.0, 511.0, 513.0]
Crossover offspring noisy fitness: [513.0, 512.0, 510.0, 512.0, 512.0, 513.0, 512.0, 512.0, 511.0, 510.0, 512.0, 512.0, 510.0, 513.0, 514.0, 510.0, 512.0, 512.0, 513.0, 513.0, 513.0, 511.0, 513.0, 511.0, 514.0, 513.0, 512.0, 513.0, 513.0, 512.0, 512.0, 512.0, 512.0, 512.0, 514.0, 513.0, 512.0, 512.0, 512.0, 511.0, 514.0, 512.0, 515.0, 511.0, 509.0, 512.0, 513.0, 512.0, 511.0, 511.0, 511.0, 511.0, 513.0, 512.0, 513.0, 511.0, 511.0, 513.0, 515.0, 512.0, 513.0, 512.0, 511.0, 512.0, 511.0, 513.0, 513.0, 512.0, 511.0, 512.0, 512.0, 513.0, 515.0, 512.0, 513.0, 513.0, 514.0, 513.0, 512.0, 511.0, 511.0, 512.0, 513.0, 512.0, 512.0, 512.0, 512.0, 512.0, 513.0, 511.0, 515.0, 511.0, 513.0, 513.0, 512.0, 512.0, 513.0, 512.0, 511.0, 511.0, 513.0]
Is bad individual winner: 0
Is good individual winner: 1
Real fitness of best good: 515.0
Noisy fitness of best good: 515.0
Real fitness of best bad: 511.0
Noisy fitness of best bad: 511.0

l: 116
Real fitness of mutation winner: 536.0
Noisy fitness of mutation winner: 536.0
Crossover offspring real fitness: [513.0, 512.0, 512.0, 512.0, 512.0, 511.0, 512.0, 512.0, 513.0, 513.0, 513.0, 513.0, 512.0, 511.0, 511.0, 511.0, 514.0, 512.0, 512.0, 513.0, 512.0, 512.0, 512.0, 510.0, 513.0, 513.0, 512.0, 510.0, 513.0, 513.0, 511.0, 513.0, 512.0, 512.0, 512.0, 512.0, 511.0, 511.0, 512.0, 512.0, 512.0, 513.0, 512.0, 512.0, 513.0, 509.0, 513.0, 512.0, 514.0, 512.0, 512.0, 511.0, 513.0, 512.0, 513.0, 513.0, 512.0, 512.0, 511.0, 513.0, 513.0, 511.0, 513.0, 514.0, 513.0, 512.0, 510.0, 513.0, 512.0, 512.0, 513.0, 512.0, 512.0, 512.0, 512.0, 513.0, 512.0, 512.0, 510.0, 513.0, 512.0, 511.0, 512.0, 513.0, 513.0, 511.0, 512.0, 512.0, 512.0, 512.0, 512.0, 513.0, 511.0, 513.0, 511.0, 510.0, 512.0, 512.0, 511.0, 512.0, 513.0]
Crossover offspring noisy fitness: [514.0, 512.0, 512.0, 512.0, 512.0, 511.0, 512.0, 512.0, 514.0, 513.0, 513.0, 513.0, 512.0, 511.0, 511.0, 511.0, 514.0, 512.0, 512.0, 513.0, 512.0, 512.0, 512.0, 510.0, 513.0, 513.0, 512.0, 510.0, 513.0, 513.0, 511.0, 513.0, 512.0, 512.0, 512.0, 512.0, 511.0, 511.0, 512.0, 512.0, 512.0, 513.0, 512.0, 512.0, 513.0, 509.0, 513.0, 512.0, 514.0, 512.0, 512.0, 510.0, 513.0, 512.0, 513.0, 513.0, 512.0, 512.0, 511.0, 513.0, 513.0, 511.0, 513.0, 514.0, 513.0, 512.0, 510.0, 513.0, 512.0, 512.0, 513.0, 512.0, 512.0, 512.0, 512.0, 513.0, 512.0, 511.0, 510.0, 513.0, 512.0, 511.0, 512.0, 513.0, 513.0, 511.0, 512.0, 512.0, 512.0, 512.0, 512.0, 513.0, 511.0, 513.0, 511.0, 510.0, 512.0, 512.0, 511.0, 512.0, 512.0]
Is bad individual winner: 0
Is good individual winner: 1
Real fitness of best good: 514.0
Noisy fitness of best good: 514.0
Real fitness of best bad: 511.0
Noisy fitness of best bad: 511.0

l: 82
Real fitness of mutation winner: 532.0
Noisy fitness of mutation winner: 532.0
Crossover offspring real fitness: [513.0, 513.0, 513.0, 514.0, 512.0, 511.0, 512.0, 512.0, 512.0, 514.0, 512.0, 512.0, 512.0, 512.0, 512.0, 512.0, 513.0, 510.0, 512.0, 512.0, 512.0, 513.0, 513.0, 512.0, 512.0, 512.0, 512.0, 512.0, 512.0, 513.0, 513.0, 512.0, 512.0, 512.0, 513.0, 513.0, 513.0, 511.0, 511.0, 512.0, 514.0, 513.0, 513.0, 512.0, 513.0, 513.0, 512.0, 513.0, 512.0, 511.0, 513.0, 512.0, 512.0, 512.0, 512.0, 511.0, 511.0, 514.0, 512.0, 513.0, 512.0, 511.0, 512.0, 512.0, 511.0, 512.0, 511.0, 512.0, 511.0, 512.0, 512.0, 513.0, 511.0, 513.0, 510.0, 513.0, 513.0, 513.0, 514.0, 511.0, 512.0, 512.0, 512.0, 512.0, 513.0, 512.0, 513.0, 511.0, 512.0, 512.0, 511.0, 511.0, 511.0, 514.0, 512.0, 512.0, 512.0, 512.0, 513.0, 512.0, 513.0]
Crossover offspring noisy fitness: [513.0, 513.0, 513.0, 514.0, 512.0, 511.0, 513.0, 512.0, 512.0, 514.0, 512.0, 512.0, 511.0, 512.0, 512.0, 512.0, 513.0, 510.0, 512.0, 512.0, 512.0, 513.0, 513.0, 512.0, 512.0, 512.0, 512.0, 512.0, 512.0, 513.0, 513.0, 512.0, 512.0, 512.0, 513.0, 513.0, 513.0, 511.0, 511.0, 512.0, 514.0, 513.0, 513.0, 512.0, 513.0, 513.0, 512.0, 513.0, 512.0, 511.0, 514.0, 512.0, 512.0, 512.0, 512.0, 511.0, 511.0, 514.0, 512.0, 513.0, 512.0, 511.0, 512.0, 512.0, 511.0, 513.0, 511.0, 512.0, 511.0, 512.0, 512.0, 513.0, 511.0, 513.0, 510.0, 513.0, 513.0, 513.0, 514.0, 511.0, 512.0, 512.0, 513.0, 512.0, 514.0, 512.0, 513.0, 511.0, 512.0, 512.0, 511.0, 511.0, 511.0, 513.0, 512.0, 512.0, 512.0, 512.0, 513.0, 512.0, 513.0]
Is bad individual winner: 0
Is good individual winner: 1
Real fitness of best good: 514.0
Noisy fitness of best good: 514.0
Real fitness of best bad: 511.0
Noisy fitness of best bad: 511.0

l: 98
Real fitness of mutation winner: 532.0
Noisy fitness of mutation winner: 532.0
Crossover offspring real fitness: [512.0, 514.0, 513.0, 512.0, 512.0, 512.0, 513.0, 511.0, 512.0, 513.0, 512.0, 514.0, 513.0, 512.0, 512.0, 512.0, 512.0, 512.0, 512.0, 514.0, 514.0, 511.0, 513.0, 512.0, 512.0, 511.0, 512.0, 512.0, 512.0, 512.0, 512.0, 514.0, 511.0, 512.0, 511.0, 512.0, 513.0, 513.0, 512.0, 512.0, 512.0, 512.0, 512.0, 513.0, 511.0, 513.0, 514.0, 510.0, 512.0, 513.0, 512.0, 512.0, 512.0, 514.0, 512.0, 513.0, 510.0, 514.0, 512.0, 510.0, 513.0, 512.0, 513.0, 512.0, 512.0, 511.0, 512.0, 513.0, 510.0, 512.0, 512.0, 512.0, 511.0, 512.0, 514.0, 512.0, 514.0, 513.0, 514.0, 512.0, 512.0, 512.0, 511.0, 513.0, 512.0, 512.0, 513.0, 511.0, 513.0, 513.0, 513.0, 513.0, 512.0, 512.0, 512.0, 513.0, 512.0, 512.0, 512.0, 513.0, 514.0]
Crossover offspring noisy fitness: [512.0, 514.0, 513.0, 512.0, 512.0, 512.0, 513.0, 511.0, 512.0, 513.0, 512.0, 514.0, 513.0, 512.0, 512.0, 513.0, 513.0, 512.0, 512.0, 515.0, 514.0, 511.0, 513.0, 512.0, 512.0, 511.0, 512.0, 512.0, 512.0, 511.0, 512.0, 514.0, 511.0, 512.0, 511.0, 512.0, 513.0, 513.0, 512.0, 512.0, 512.0, 512.0, 512.0, 513.0, 511.0, 513.0, 514.0, 509.0, 512.0, 513.0, 512.0, 512.0, 512.0, 514.0, 512.0, 513.0, 510.0, 514.0, 512.0, 509.0, 513.0, 512.0, 513.0, 512.0, 512.0, 511.0, 512.0, 513.0, 510.0, 512.0, 512.0, 512.0, 511.0, 511.0, 514.0, 512.0, 514.0, 513.0, 514.0, 512.0, 512.0, 512.0, 511.0, 513.0, 512.0, 512.0, 513.0, 511.0, 513.0, 513.0, 513.0, 513.0, 512.0, 512.0, 512.0, 513.0, 512.0, 512.0, 512.0, 513.0, 514.0]
Is bad individual winner: 0
Is good individual winner: 1
Real fitness of best good: 514.0
Noisy fitness of best good: 515.0
Real fitness of best bad: 511.0
Noisy fitness of best bad: 511.0

l: 89
Real fitness of mutation winner: 541.0
Noisy fitness of mutation winner: 541.0
Crossover offspring real fitness: [511.0, 512.0, 514.0, 512.0, 512.0, 514.0, 514.0, 512.0, 513.0, 512.0, 512.0, 512.0, 514.0, 512.0, 511.0, 511.0, 512.0, 513.0, 512.0, 511.0, 514.0, 512.0, 513.0, 513.0, 512.0, 514.0, 512.0, 512.0, 512.0, 513.0, 511.0, 513.0, 511.0, 512.0, 511.0, 513.0, 513.0, 512.0, 513.0, 511.0, 512.0, 512.0, 513.0, 512.0, 514.0, 511.0, 512.0, 512.0, 512.0, 513.0, 512.0, 512.0, 514.0, 513.0, 509.0, 512.0, 513.0, 511.0, 512.0, 512.0, 511.0, 512.0, 513.0, 513.0, 511.0, 512.0, 514.0, 513.0, 512.0, 512.0, 513.0, 514.0, 511.0, 513.0, 513.0, 513.0, 512.0, 512.0, 512.0, 513.0, 515.0, 512.0, 512.0, 512.0, 512.0, 512.0, 512.0, 512.0, 513.0, 513.0, 511.0, 513.0, 514.0, 513.0, 510.0, 513.0, 512.0, 511.0, 516.0, 513.0, 512.0]
Crossover offspring noisy fitness: [511.0, 512.0, 514.0, 513.0, 512.0, 514.0, 514.0, 512.0, 513.0, 512.0, 512.0, 512.0, 514.0, 512.0, 511.0, 511.0, 512.0, 513.0, 512.0, 511.0, 514.0, 512.0, 513.0, 513.0, 512.0, 514.0, 512.0, 512.0, 512.0, 514.0, 511.0, 513.0, 511.0, 512.0, 511.0, 513.0, 513.0, 512.0, 513.0, 511.0, 512.0, 512.0, 513.0, 512.0, 514.0, 511.0, 512.0, 513.0, 512.0, 513.0, 512.0, 512.0, 514.0, 513.0, 509.0, 512.0, 513.0, 511.0, 512.0, 512.0, 511.0, 512.0, 513.0, 513.0, 511.0, 512.0, 514.0, 514.0, 512.0, 511.0, 513.0, 514.0, 511.0, 513.0, 513.0, 513.0, 512.0, 512.0, 512.0, 513.0, 515.0, 512.0, 511.0, 512.0, 512.0, 512.0, 512.0, 512.0, 514.0, 512.0, 511.0, 513.0, 514.0, 513.0, 510.0, 513.0, 512.0, 511.0, 516.0, 513.0, 512.0]
Is bad individual winner: 0
Is good individual winner: 1
Real fitness of best good: 516.0
Noisy fitness of best good: 516.0
Real fitness of best bad: 511.0
Noisy fitness of best bad: 511.0

l: 97
Real fitness of mutation winner: 535.0
Noisy fitness of mutation winner: 535.0
Crossover offspring real fitness: [514.0, 512.0, 512.0, 514.0, 512.0, 513.0, 512.0, 514.0, 513.0, 512.0, 513.0, 512.0, 512.0, 513.0, 513.0, 512.0, 512.0, 512.0, 512.0, 512.0, 513.0, 512.0, 512.0, 513.0, 513.0, 512.0, 512.0, 511.0, 512.0, 512.0, 512.0, 512.0, 514.0, 513.0, 512.0, 513.0, 511.0, 513.0, 512.0, 511.0, 511.0, 513.0, 512.0, 512.0, 512.0, 513.0, 511.0, 512.0, 512.0, 512.0, 513.0, 513.0, 513.0, 514.0, 512.0, 512.0, 511.0, 513.0, 512.0, 512.0, 513.0, 512.0, 511.0, 512.0, 513.0, 512.0, 510.0, 512.0, 514.0, 512.0, 512.0, 511.0, 513.0, 511.0, 512.0, 514.0, 514.0, 513.0, 511.0, 512.0, 512.0, 512.0, 511.0, 512.0, 512.0, 510.0, 511.0, 513.0, 512.0, 513.0, 512.0, 512.0, 513.0, 512.0, 510.0, 509.0, 513.0, 514.0, 511.0, 512.0, 512.0]
Crossover offspring noisy fitness: [514.0, 512.0, 512.0, 514.0, 512.0, 513.0, 512.0, 514.0, 513.0, 512.0, 513.0, 512.0, 511.0, 513.0, 513.0, 512.0, 512.0, 512.0, 512.0, 512.0, 512.0, 512.0, 512.0, 513.0, 513.0, 512.0, 512.0, 511.0, 512.0, 512.0, 512.0, 512.0, 514.0, 513.0, 512.0, 513.0, 512.0, 513.0, 512.0, 511.0, 511.0, 513.0, 513.0, 512.0, 512.0, 513.0, 511.0, 512.0, 512.0, 512.0, 513.0, 513.0, 513.0, 514.0, 512.0, 512.0, 511.0, 513.0, 512.0, 512.0, 514.0, 512.0, 511.0, 512.0, 513.0, 512.0, 510.0, 512.0, 514.0, 512.0, 512.0, 511.0, 513.0, 511.0, 512.0, 514.0, 514.0, 513.0, 511.0, 512.0, 512.0, 513.0, 511.0, 512.0, 512.0, 510.0, 511.0, 513.0, 512.0, 513.0, 512.0, 512.0, 513.0, 512.0, 510.0, 509.0, 513.0, 514.0, 511.0, 512.0, 512.0]
Is bad individual winner: 0
Is good individual winner: 1
Real fitness of best good: 514.0
Noisy fitness of best good: 514.0
Real fitness of best bad: 511.0
Noisy fitness of best bad: 512.0

l: 102
Real fitness of mutation winner: 532.0
Noisy fitness of mutation winner: 532.0
Crossover offspring real fitness: [513.0, 513.0, 512.0, 514.0, 512.0, 513.0, 512.0, 512.0, 512.0, 513.0, 512.0, 513.0, 512.0, 512.0, 511.0, 511.0, 514.0, 512.0, 512.0, 512.0, 513.0, 514.0, 512.0, 513.0, 512.0, 512.0, 512.0, 512.0, 513.0, 512.0, 511.0, 510.0, 512.0, 513.0, 512.0, 512.0, 513.0, 512.0, 512.0, 512.0, 512.0, 513.0, 512.0, 513.0, 514.0, 513.0, 511.0, 513.0, 513.0, 511.0, 510.0, 510.0, 513.0, 513.0, 513.0, 511.0, 510.0, 511.0, 512.0, 512.0, 511.0, 513.0, 512.0, 511.0, 512.0, 511.0, 512.0, 512.0, 512.0, 513.0, 513.0, 511.0, 512.0, 513.0, 512.0, 513.0, 513.0, 513.0, 512.0, 511.0, 514.0, 512.0, 512.0, 512.0, 511.0, 514.0, 513.0, 513.0, 512.0, 513.0, 513.0, 512.0, 512.0, 510.0, 512.0, 512.0, 512.0, 511.0, 512.0, 512.0, 512.0]
Crossover offspring noisy fitness: [513.0, 513.0, 512.0, 514.0, 512.0, 513.0, 512.0, 512.0, 512.0, 513.0, 512.0, 513.0, 512.0, 513.0, 511.0, 511.0, 514.0, 512.0, 512.0, 512.0, 513.0, 514.0, 512.0, 513.0, 512.0, 512.0, 512.0, 512.0, 513.0, 512.0, 511.0, 510.0, 512.0, 513.0, 512.0, 512.0, 513.0, 512.0, 512.0, 512.0, 512.0, 513.0, 512.0, 513.0, 514.0, 513.0, 511.0, 513.0, 513.0, 511.0, 510.0, 511.0, 513.0, 513.0, 513.0, 511.0, 510.0, 511.0, 512.0, 512.0, 511.0, 513.0, 512.0, 511.0, 512.0, 511.0, 512.0, 513.0, 511.0, 513.0, 513.0, 510.0, 512.0, 513.0, 512.0, 513.0, 513.0, 513.0, 512.0, 511.0, 515.0, 512.0, 512.0, 512.0, 511.0, 514.0, 513.0, 513.0, 512.0, 513.0, 513.0, 512.0, 512.0, 510.0, 512.0, 512.0, 512.0, 511.0, 512.0, 513.0, 512.0]
Is bad individual winner: 0
Is good individual winner: 1
Real fitness of best good: 514.0
Noisy fitness of best good: 515.0
Real fitness of best bad: 511.0
Noisy fitness of best bad: 511.0

l: 100
Real fitness of mutation winner: 536.0
Noisy fitness of mutation winner: 536.0
Crossover offspring real fitness: [512.0, 512.0, 512.0, 512.0, 512.0, 512.0, 512.0, 512.0, 513.0, 513.0, 514.0, 513.0, 512.0, 513.0, 515.0, 513.0, 512.0, 512.0, 510.0, 511.0, 511.0, 512.0, 512.0, 512.0, 512.0, 512.0, 515.0, 512.0, 512.0, 511.0, 512.0, 512.0, 514.0, 511.0, 512.0, 512.0, 512.0, 512.0, 512.0, 511.0, 513.0, 513.0, 512.0, 512.0, 512.0, 511.0, 513.0, 512.0, 512.0, 513.0, 513.0, 512.0, 512.0, 510.0, 510.0, 514.0, 511.0, 512.0, 512.0, 513.0, 512.0, 511.0, 511.0, 513.0, 513.0, 511.0, 513.0, 512.0, 512.0, 511.0, 513.0, 511.0, 511.0, 512.0, 513.0, 511.0, 513.0, 512.0, 512.0, 513.0, 512.0, 513.0, 513.0, 511.0, 509.0, 511.0, 511.0, 512.0, 513.0, 511.0, 513.0, 512.0, 511.0, 514.0, 512.0, 514.0, 512.0, 512.0, 512.0, 510.0, 511.0]
Crossover offspring noisy fitness: [512.0, 511.0, 512.0, 512.0, 512.0, 512.0, 512.0, 512.0, 513.0, 513.0, 514.0, 513.0, 511.0, 513.0, 515.0, 513.0, 512.0, 512.0, 509.0, 511.0, 511.0, 512.0, 512.0, 512.0, 512.0, 512.0, 515.0, 512.0, 512.0, 511.0, 511.0, 512.0, 514.0, 510.0, 512.0, 512.0, 512.0, 512.0, 512.0, 511.0, 513.0, 513.0, 512.0, 512.0, 512.0, 511.0, 513.0, 512.0, 512.0, 513.0, 513.0, 512.0, 512.0, 510.0, 510.0, 514.0, 510.0, 512.0, 512.0, 513.0, 512.0, 511.0, 511.0, 513.0, 513.0, 511.0, 513.0, 512.0, 512.0, 511.0, 513.0, 511.0, 511.0, 511.0, 512.0, 511.0, 513.0, 512.0, 512.0, 513.0, 512.0, 513.0, 513.0, 511.0, 509.0, 511.0, 511.0, 512.0, 513.0, 511.0, 513.0, 512.0, 511.0, 514.0, 511.0, 514.0, 512.0, 512.0, 512.0, 510.0, 511.0]
Is bad individual winner: 0
Is good individual winner: 1
Real fitness of best good: 515.0
Noisy fitness of best good: 515.0
Real fitness of best bad: 511.0
Noisy fitness of best bad: 511.0

l: 120
Real fitness of mutation winner: 538.0
Noisy fitness of mutation winner: 537.0
Crossover offspring real fitness: [511.0, 512.0, 511.0, 513.0, 512.0, 514.0, 514.0, 512.0, 514.0, 514.0, 511.0, 513.0, 512.0, 512.0, 512.0, 511.0, 513.0, 513.0, 514.0, 510.0, 514.0, 514.0, 511.0, 511.0, 511.0, 512.0, 513.0, 512.0, 511.0, 512.0, 513.0, 513.0, 511.0, 512.0, 513.0, 512.0, 512.0, 514.0, 514.0, 513.0, 512.0, 512.0, 513.0, 511.0, 513.0, 512.0, 512.0, 511.0, 513.0, 513.0, 512.0, 511.0, 511.0, 513.0, 512.0, 511.0, 512.0, 512.0, 512.0, 513.0, 512.0, 513.0, 510.0, 513.0, 512.0, 513.0, 512.0, 511.0, 512.0, 512.0, 512.0, 513.0, 513.0, 513.0, 513.0, 511.0, 513.0, 513.0, 513.0, 511.0, 512.0, 512.0, 512.0, 514.0, 512.0, 512.0, 512.0, 512.0, 513.0, 512.0, 512.0, 513.0, 511.0, 512.0, 511.0, 514.0, 512.0, 513.0, 511.0, 509.0, 512.0]
Crossover offspring noisy fitness: [511.0, 512.0, 511.0, 513.0, 512.0, 514.0, 514.0, 512.0, 514.0, 514.0, 511.0, 513.0, 512.0, 512.0, 512.0, 511.0, 513.0, 513.0, 514.0, 510.0, 514.0, 513.0, 511.0, 511.0, 511.0, 512.0, 513.0, 512.0, 511.0, 512.0, 513.0, 513.0, 511.0, 512.0, 513.0, 513.0, 512.0, 514.0, 514.0, 513.0, 512.0, 512.0, 513.0, 511.0, 513.0, 512.0, 512.0, 511.0, 513.0, 513.0, 512.0, 511.0, 511.0, 513.0, 512.0, 512.0, 512.0, 512.0, 512.0, 513.0, 512.0, 513.0, 510.0, 513.0, 512.0, 513.0, 512.0, 511.0, 512.0, 512.0, 512.0, 513.0, 513.0, 513.0, 513.0, 511.0, 513.0, 513.0, 513.0, 511.0, 512.0, 512.0, 512.0, 514.0, 512.0, 512.0, 512.0, 512.0, 513.0, 513.0, 512.0, 513.0, 511.0, 512.0, 511.0, 514.0, 512.0, 513.0, 511.0, 509.0, 512.0]
Is bad individual winner: 0
Is good individual winner: 1
Real fitness of best good: 514.0
Noisy fitness of best good: 514.0
Real fitness of best bad: 511.0
Noisy fitness of best bad: 512.0

l: 100
Real fitness of mutation winner: 536.0
Noisy fitness of mutation winner: 536.0
Crossover offspring real fitness: [513.0, 511.0, 513.0, 512.0, 512.0, 512.0, 512.0, 512.0, 510.0, 513.0, 512.0, 513.0, 511.0, 513.0, 514.0, 513.0, 513.0, 512.0, 512.0, 512.0, 511.0, 511.0, 511.0, 512.0, 511.0, 513.0, 511.0, 511.0, 513.0, 513.0, 513.0, 512.0, 512.0, 511.0, 513.0, 512.0, 512.0, 513.0, 513.0, 512.0, 512.0, 512.0, 512.0, 514.0, 512.0, 512.0, 514.0, 512.0, 512.0, 512.0, 512.0, 512.0, 513.0, 515.0, 513.0, 511.0, 512.0, 513.0, 511.0, 511.0, 512.0, 512.0, 512.0, 513.0, 511.0, 513.0, 512.0, 514.0, 513.0, 512.0, 512.0, 511.0, 511.0, 513.0, 514.0, 512.0, 512.0, 512.0, 512.0, 512.0, 511.0, 512.0, 510.0, 512.0, 512.0, 512.0, 512.0, 512.0, 511.0, 513.0, 512.0, 512.0, 511.0, 511.0, 513.0, 513.0, 511.0, 512.0, 513.0, 510.0, 512.0]
Crossover offspring noisy fitness: [512.0, 511.0, 513.0, 512.0, 512.0, 512.0, 512.0, 512.0, 510.0, 514.0, 512.0, 513.0, 510.0, 513.0, 514.0, 513.0, 513.0, 512.0, 512.0, 512.0, 511.0, 511.0, 511.0, 512.0, 511.0, 513.0, 511.0, 511.0, 513.0, 513.0, 513.0, 512.0, 512.0, 511.0, 513.0, 512.0, 512.0, 513.0, 513.0, 512.0, 512.0, 512.0, 511.0, 514.0, 512.0, 512.0, 514.0, 512.0, 512.0, 512.0, 512.0, 512.0, 513.0, 515.0, 513.0, 511.0, 512.0, 513.0, 511.0, 511.0, 512.0, 512.0, 512.0, 513.0, 511.0, 513.0, 512.0, 512.0, 513.0, 512.0, 511.0, 511.0, 511.0, 513.0, 514.0, 512.0, 512.0, 512.0, 512.0, 513.0, 511.0, 512.0, 510.0, 511.0, 512.0, 512.0, 512.0, 512.0, 511.0, 513.0, 512.0, 512.0, 511.0, 511.0, 513.0, 514.0, 511.0, 512.0, 513.0, 510.0, 512.0]
Is bad individual winner: 0
Is good individual winner: 1
Real fitness of best good: 515.0
Noisy fitness of best good: 515.0
Real fitness of best bad: 511.0
Noisy fitness of best bad: 511.0

