l: 76
Real fitness of mutation winner: 276.0
Noisy fitness of mutation winner: 276.0
Crossover offspring real fitness: [256.0, 258.0, 256.0, 256.0, 256.0, 256.0, 257.0, 257.0, 257.0, 255.0, 255.0, 256.0, 256.0, 257.0, 256.0, 258.0, 256.0, 256.0, 253.0, 254.0, 257.0, 256.0, 257.0, 256.0, 255.0, 258.0, 255.0, 257.0, 256.0, 256.0, 256.0, 256.0, 256.0, 257.0, 257.0, 255.0, 256.0, 258.0, 257.0, 254.0, 256.0, 256.0, 256.0, 257.0, 256.0, 256.0, 255.0, 258.0, 257.0, 255.0, 256.0, 258.0, 257.0, 257.0, 257.0, 256.0, 256.0, 256.0, 258.0, 258.0, 256.0, 256.0, 256.0]
Crossover offspring noisy fitness: [256.0, 258.0, 256.0, 256.0, 256.0, 256.0, 257.0, 257.0, 257.0, 255.0, 255.0, 256.0, 256.0, 257.0, 256.0, 258.0, 256.0, 256.0, 253.0, 254.0, 257.0, 256.0, 257.0, 256.0, 255.0, 258.0, 255.0, 257.0, 256.0, 256.0, 256.0, 257.0, 256.0, 257.0, 257.0, 255.0, 256.0, 258.0, 257.0, 254.0, 256.0, 256.0, 256.0, 257.0, 256.0, 255.0, 255.0, 258.0, 257.0, 255.0, 256.0, 258.0, 257.0, 258.0, 257.0, 256.0, 256.0, 256.0, 258.0, 258.0, 256.0, 256.0, 256.0]
Is bad individual winner: 0
Is good individual winner: 1
Real fitness of best good: 258.0
Noisy fitness of best good: 258.0
Real fitness of best bad: 255.0
Noisy fitness of best bad: 255.0

l: 70
Real fitness of mutation winner: 272.0
Noisy fitness of mutation winner: 272.0
Crossover offspring real fitness: [256.0, 257.0, 256.0, 256.0, 257.0, 258.0, 257.0, 256.0, 258.0, 257.0, 256.0, 256.0, 256.0, 257.0, 257.0, 255.0, 257.0, 257.0, 257.0, 257.0, 256.0, 255.0, 256.0, 257.0, 256.0, 258.0, 257.0, 257.0, 256.0, 256.0, 255.0, 255.0, 256.0, 255.0, 257.0, 257.0, 257.0, 253.0, 256.0, 256.0, 255.0, 257.0, 257.0, 257.0, 256.0, 257.0, 258.0, 256.0, 256.0, 256.0, 255.0, 256.0, 255.0, 256.0, 257.0, 256.0, 256.0, 256.0, 255.0, 255.0, 257.0, 256.0, 256.0]
Crossover offspring noisy fitness: [256.0, 257.0, 256.0, 256.0, 257.0, 258.0, 257.0, 256.0, 258.0, 257.0, 256.0, 256.0, 256.0, 257.0, 257.0, 255.0, 257.0, 257.0, 257.0, 257.0, 256.0, 255.0, 256.0, 257.0, 256.0, 258.0, 257.0, 257.0, 256.0, 256.0, 255.0, 256.0, 257.0, 255.0, 257.0, 257.0, 257.0, 253.0, 257.0, 256.0, 255.0, 257.0, 257.0, 257.0, 256.0, 257.0, 258.0, 256.0, 256.0, 256.0, 255.0, 256.0, 255.0, 256.0, 257.0, 256.0, 256.0, 257.0, 255.0, 255.0, 257.0, 256.0, 257.0]
Is bad individual winner: 0
Is good individual winner: 1
Real fitness of best good: 258.0
Noisy fitness of best good: 258.0
Real fitness of best bad: 255.0
Noisy fitness of best bad: 256.0

l: 65
Real fitness of mutation winner: 275.0
Noisy fitness of mutation winner: 275.0
Crossover offspring real fitness: [256.0, 256.0, 258.0, 255.0, 258.0, 256.0, 257.0, 256.0, 256.0, 257.0, 256.0, 256.0, 256.0, 256.0, 259.0, 255.0, 258.0, 256.0, 255.0, 256.0, 256.0, 256.0, 256.0, 256.0, 257.0, 256.0, 258.0, 257.0, 256.0, 256.0, 257.0, 256.0, 257.0, 256.0, 256.0, 255.0, 256.0, 256.0, 256.0, 254.0, 258.0, 257.0, 257.0, 256.0, 256.0, 255.0, 256.0, 255.0, 256.0, 257.0, 256.0, 257.0, 256.0, 256.0, 255.0, 256.0, 255.0, 257.0, 256.0, 256.0, 253.0, 256.0, 258.0]
Crossover offspring noisy fitness: [256.0, 256.0, 258.0, 255.0, 258.0, 256.0, 257.0, 256.0, 256.0, 257.0, 256.0, 256.0, 256.0, 256.0, 259.0, 255.0, 258.0, 256.0, 255.0, 256.0, 256.0, 256.0, 256.0, 256.0, 257.0, 256.0, 258.0, 257.0, 256.0, 256.0, 257.0, 255.0, 257.0, 255.0, 256.0, 255.0, 256.0, 256.0, 256.0, 254.0, 258.0, 256.0, 257.0, 256.0, 256.0, 255.0, 256.0, 254.0, 256.0, 257.0, 256.0, 257.0, 256.0, 256.0, 255.0, 256.0, 255.0, 257.0, 256.0, 256.0, 252.0, 256.0, 258.0]
Is bad individual winner: 0
Is good individual winner: 1
Real fitness of best good: 259.0
Noisy fitness of best good: 259.0
Real fitness of best bad: 255.0
Noisy fitness of best bad: 255.0

l: 56
Real fitness of mutation winner: 278.0
Noisy fitness of mutation winner: 278.0
Crossover offspring real fitness: [256.0, 256.0, 258.0, 258.0, 256.0, 256.0, 256.0, 256.0, 255.0, 256.0, 257.0, 258.0, 256.0, 254.0, 258.0, 256.0, 256.0, 257.0, 259.0, 256.0, 257.0, 256.0, 256.0, 256.0, 257.0, 256.0, 256.0, 256.0, 256.0, 257.0, 257.0, 257.0, 255.0, 257.0, 256.0, 256.0, 256.0, 256.0, 257.0, 257.0, 257.0, 256.0, 256.0, 256.0, 256.0, 256.0, 257.0, 256.0, 257.0, 255.0, 257.0, 256.0, 258.0, 259.0, 256.0, 256.0, 256.0, 258.0, 257.0, 254.0, 258.0, 256.0, 257.0]
Crossover offspring noisy fitness: [256.0, 256.0, 258.0, 258.0, 256.0, 256.0, 257.0, 256.0, 255.0, 255.0, 257.0, 258.0, 256.0, 254.0, 258.0, 256.0, 256.0, 257.0, 259.0, 256.0, 257.0, 256.0, 256.0, 256.0, 257.0, 256.0, 256.0, 256.0, 256.0, 257.0, 257.0, 257.0, 254.0, 257.0, 256.0, 256.0, 256.0, 256.0, 257.0, 257.0, 257.0, 256.0, 257.0, 256.0, 256.0, 256.0, 257.0, 256.0, 257.0, 255.0, 257.0, 257.0, 258.0, 259.0, 256.0, 256.0, 256.0, 258.0, 257.0, 254.0, 258.0, 256.0, 257.0]
Is bad individual winner: 0
Is good individual winner: 1
Real fitness of best good: 259.0
Noisy fitness of best good: 259.0
Real fitness of best bad: 255.0
Noisy fitness of best bad: 255.0

l: 66
Real fitness of mutation winner: 276.0
Noisy fitness of mutation winner: 276.0
Crossover offspring real fitness: [256.0, 256.0, 256.0, 255.0, 255.0, 255.0, 256.0, 256.0, 257.0, 256.0, 257.0, 257.0, 256.0, 255.0, 257.0, 257.0, 256.0, 257.0, 256.0, 256.0, 254.0, 256.0, 257.0, 256.0, 256.0, 255.0, 255.0, 258.0, 256.0, 256.0, 257.0, 256.0, 256.0, 257.0, 255.0, 255.0, 254.0, 256.0, 256.0, 257.0, 259.0, 256.0, 256.0, 256.0, 255.0, 256.0, 258.0, 257.0, 256.0, 256.0, 255.0, 256.0, 258.0, 257.0, 256.0, 256.0, 257.0, 257.0, 256.0, 256.0, 256.0, 257.0, 255.0]
Crossover offspring noisy fitness: [256.0, 256.0, 256.0, 255.0, 255.0, 255.0, 256.0, 256.0, 257.0, 256.0, 257.0, 257.0, 256.0, 255.0, 257.0, 257.0, 256.0, 257.0, 256.0, 256.0, 254.0, 256.0, 258.0, 256.0, 256.0, 255.0, 255.0, 258.0, 256.0, 256.0, 257.0, 256.0, 256.0, 257.0, 255.0, 255.0, 254.0, 256.0, 256.0, 257.0, 259.0, 256.0, 256.0, 256.0, 256.0, 256.0, 258.0, 257.0, 256.0, 256.0, 255.0, 255.0, 258.0, 257.0, 256.0, 256.0, 257.0, 257.0, 256.0, 256.0, 256.0, 257.0, 255.0]
Is bad individual winner: 0
Is good individual winner: 1
Real fitness of best good: 259.0
Noisy fitness of best good: 259.0
Real fitness of best bad: 255.0
Noisy fitness of best bad: 256.0

l: 61
Real fitness of mutation winner: 273.0
Noisy fitness of mutation winner: 273.0
Crossover offspring real fitness: [256.0, 255.0, 257.0, 258.0, 255.0, 255.0, 256.0, 256.0, 255.0, 257.0, 256.0, 256.0, 256.0, 256.0, 257.0, 256.0, 256.0, 257.0, 256.0, 256.0, 256.0, 256.0, 257.0, 257.0, 256.0, 257.0, 257.0, 259.0, 256.0, 257.0, 257.0, 257.0, 256.0, 257.0, 256.0, 255.0, 255.0, 257.0, 258.0, 257.0, 255.0, 256.0, 260.0, 255.0, 257.0, 257.0, 256.0, 258.0, 259.0, 256.0, 256.0, 257.0, 256.0, 256.0, 255.0, 257.0, 257.0, 256.0, 256.0, 254.0, 256.0, 255.0, 257.0]
Crossover offspring noisy fitness: [256.0, 255.0, 257.0, 258.0, 255.0, 255.0, 255.0, 256.0, 255.0, 257.0, 255.0, 256.0, 256.0, 256.0, 257.0, 256.0, 256.0, 257.0, 256.0, 256.0, 256.0, 256.0, 257.0, 257.0, 256.0, 257.0, 257.0, 259.0, 256.0, 257.0, 258.0, 257.0, 256.0, 257.0, 256.0, 255.0, 254.0, 257.0, 258.0, 257.0, 255.0, 256.0, 260.0, 255.0, 257.0, 257.0, 256.0, 258.0, 259.0, 256.0, 256.0, 257.0, 256.0, 256.0, 255.0, 257.0, 257.0, 256.0, 256.0, 254.0, 256.0, 255.0, 258.0]
Is bad individual winner: 0
Is good individual winner: 1
Real fitness of best good: 260.0
Noisy fitness of best good: 260.0
Real fitness of best bad: 255.0
Noisy fitness of best bad: 255.0

l: 63
Real fitness of mutation winner: 275.0
Noisy fitness of mutation winner: 275.0
Crossover offspring real fitness: [257.0, 258.0, 259.0, 256.0, 259.0, 257.0, 258.0, 257.0, 256.0, 256.0, 256.0, 257.0, 256.0, 256.0, 257.0, 259.0, 255.0, 257.0, 256.0, 256.0, 257.0, 256.0, 256.0, 256.0, 255.0, 255.0, 256.0, 256.0, 257.0, 256.0, 257.0, 256.0, 256.0, 256.0, 256.0, 255.0, 255.0, 257.0, 256.0, 258.0, 257.0, 256.0, 256.0, 256.0, 256.0, 258.0, 255.0, 257.0, 255.0, 256.0, 256.0, 255.0, 257.0, 255.0, 258.0, 257.0, 254.0, 258.0, 256.0, 257.0, 256.0, 257.0, 256.0]
Crossover offspring noisy fitness: [257.0, 258.0, 259.0, 256.0, 258.0, 257.0, 258.0, 257.0, 256.0, 257.0, 256.0, 257.0, 256.0, 256.0, 257.0, 259.0, 255.0, 257.0, 256.0, 256.0, 257.0, 256.0, 256.0, 256.0, 255.0, 255.0, 256.0, 256.0, 257.0, 256.0, 257.0, 256.0, 256.0, 256.0, 256.0, 255.0, 254.0, 257.0, 256.0, 258.0, 257.0, 255.0, 256.0, 256.0, 256.0, 258.0, 255.0, 257.0, 255.0, 256.0, 256.0, 254.0, 257.0, 255.0, 258.0, 257.0, 254.0, 258.0, 256.0, 257.0, 256.0, 257.0, 256.0]
Is bad individual winner: 0
Is good individual winner: 1
Real fitness of best good: 259.0
Noisy fitness of best good: 259.0
Real fitness of best bad: 255.0
Noisy fitness of best bad: 255.0

l: 65
Real fitness of mutation winner: 277.0
Noisy fitness of mutation winner: 277.0
Crossover offspring real fitness: [256.0, 256.0, 255.0, 257.0, 256.0, 256.0, 256.0, 257.0, 256.0, 256.0, 256.0, 256.0, 257.0, 258.0, 254.0, 256.0, 256.0, 256.0, 257.0, 256.0, 255.0, 258.0, 256.0, 256.0, 256.0, 258.0, 256.0, 255.0, 257.0, 258.0, 256.0, 255.0, 256.0, 256.0, 256.0, 256.0, 254.0, 256.0, 257.0, 255.0, 255.0, 254.0, 256.0, 257.0, 255.0, 256.0, 257.0, 255.0, 256.0, 256.0, 257.0, 257.0, 259.0, 256.0, 258.0, 256.0, 258.0, 257.0, 256.0, 255.0, 256.0, 257.0, 256.0]
Crossover offspring noisy fitness: [256.0, 256.0, 255.0, 257.0, 256.0, 256.0, 256.0, 257.0, 256.0, 256.0, 256.0, 256.0, 257.0, 258.0, 254.0, 257.0, 256.0, 256.0, 257.0, 256.0, 255.0, 258.0, 256.0, 255.0, 256.0, 258.0, 256.0, 255.0, 257.0, 259.0, 256.0, 255.0, 256.0, 256.0, 256.0, 256.0, 254.0, 255.0, 257.0, 255.0, 255.0, 254.0, 256.0, 257.0, 255.0, 257.0, 256.0, 255.0, 256.0, 256.0, 257.0, 257.0, 259.0, 256.0, 258.0, 256.0, 258.0, 257.0, 256.0, 255.0, 256.0, 257.0, 256.0]
Is bad individual winner: 0
Is good individual winner: 1
Real fitness of best good: 259.0
Noisy fitness of best good: 259.0
Real fitness of best bad: 255.0
Noisy fitness of best bad: 255.0

l: 55
Real fitness of mutation winner: 271.0
Noisy fitness of mutation winner: 271.0
Crossover offspring real fitness: [256.0, 257.0, 255.0, 256.0, 257.0, 258.0, 254.0, 258.0, 254.0, 255.0, 256.0, 256.0, 256.0, 256.0, 256.0, 256.0, 256.0, 256.0, 255.0, 256.0, 258.0, 256.0, 255.0, 256.0, 255.0, 259.0, 257.0, 256.0, 257.0, 256.0, 258.0, 256.0, 256.0, 256.0, 255.0, 257.0, 256.0, 256.0, 256.0, 258.0, 256.0, 257.0, 256.0, 256.0, 256.0, 256.0, 258.0, 258.0, 256.0, 255.0, 257.0, 257.0, 257.0, 256.0, 256.0, 258.0, 255.0, 255.0, 258.0, 256.0, 255.0, 256.0, 256.0]
Crossover offspring noisy fitness: [256.0, 257.0, 255.0, 257.0, 257.0, 258.0, 254.0, 258.0, 254.0, 255.0, 256.0, 256.0, 256.0, 256.0, 256.0, 256.0, 256.0, 256.0, 255.0, 256.0, 258.0, 255.0, 255.0, 256.0, 255.0, 259.0, 257.0, 256.0, 257.0, 256.0, 258.0, 257.0, 256.0, 256.0, 255.0, 257.0, 256.0, 256.0, 256.0, 258.0, 256.0, 257.0, 256.0, 255.0, 256.0, 256.0, 258.0, 258.0, 256.0, 255.0, 257.0, 257.0, 257.0, 256.0, 256.0, 258.0, 255.0, 255.0, 258.0, 256.0, 254.0, 256.0, 256.0]
Is bad individual winner: 0
Is good individual winner: 1
Real fitness of best good: 259.0
Noisy fitness of best good: 259.0
Real fitness of best bad: 255.0
Noisy fitness of best bad: 255.0

l: 62
Real fitness of mutation winner: 272.0
Noisy fitness of mutation winner: 272.0
Crossover offspring real fitness: [255.0, 257.0, 256.0, 256.0, 257.0, 256.0, 257.0, 257.0, 257.0, 256.0, 256.0, 256.0, 259.0, 256.0, 256.0, 256.0, 255.0, 256.0, 256.0, 256.0, 255.0, 257.0, 256.0, 259.0, 256.0, 257.0, 256.0, 256.0, 257.0, 257.0, 256.0, 257.0, 256.0, 257.0, 256.0, 256.0, 258.0, 256.0, 258.0, 257.0, 254.0, 257.0, 256.0, 257.0, 256.0, 254.0, 255.0, 259.0, 256.0, 254.0, 257.0, 257.0, 257.0, 256.0, 255.0, 254.0, 256.0, 257.0, 256.0, 259.0, 256.0, 258.0, 257.0]
Crossover offspring noisy fitness: [255.0, 257.0, 256.0, 257.0, 257.0, 256.0, 256.0, 257.0, 257.0, 256.0, 256.0, 256.0, 259.0, 256.0, 256.0, 256.0, 255.0, 256.0, 256.0, 256.0, 255.0, 257.0, 256.0, 259.0, 256.0, 256.0, 256.0, 256.0, 257.0, 257.0, 256.0, 256.0, 256.0, 257.0, 255.0, 256.0, 258.0, 256.0, 258.0, 257.0, 254.0, 257.0, 256.0, 256.0, 257.0, 254.0, 255.0, 259.0, 256.0, 254.0, 257.0, 257.0, 257.0, 256.0, 254.0, 254.0, 256.0, 257.0, 256.0, 259.0, 256.0, 258.0, 258.0]
Is bad individual winner: 0
Is good individual winner: 1
Real fitness of best good: 259.0
Noisy fitness of best good: 259.0
Real fitness of best bad: 255.0
Noisy fitness of best bad: 255.0

l: 62
Real fitness of mutation winner: 278.0
Noisy fitness of mutation winner: 278.0
Crossover offspring real fitness: [256.0, 256.0, 257.0, 256.0, 256.0, 257.0, 257.0, 257.0, 258.0, 256.0, 258.0, 258.0, 255.0, 256.0, 256.0, 257.0, 256.0, 257.0, 254.0, 258.0, 257.0, 257.0, 257.0, 258.0, 257.0, 256.0, 256.0, 257.0, 255.0, 257.0, 257.0, 257.0, 255.0, 258.0, 256.0, 257.0, 256.0, 256.0, 256.0, 256.0, 256.0, 255.0, 256.0, 258.0, 257.0, 256.0, 258.0, 258.0, 256.0, 258.0, 256.0, 256.0, 255.0, 256.0, 257.0, 255.0, 256.0, 256.0, 257.0, 256.0, 256.0, 256.0, 257.0]
Crossover offspring noisy fitness: [256.0, 256.0, 258.0, 257.0, 256.0, 257.0, 257.0, 257.0, 258.0, 256.0, 258.0, 258.0, 255.0, 256.0, 256.0, 257.0, 256.0, 257.0, 254.0, 258.0, 256.0, 257.0, 257.0, 258.0, 257.0, 256.0, 256.0, 257.0, 255.0, 257.0, 257.0, 257.0, 255.0, 258.0, 256.0, 257.0, 256.0, 256.0, 256.0, 256.0, 256.0, 255.0, 256.0, 258.0, 257.0, 256.0, 258.0, 257.0, 256.0, 258.0, 256.0, 256.0, 255.0, 256.0, 257.0, 255.0, 256.0, 257.0, 257.0, 256.0, 256.0, 255.0, 257.0]
Is bad individual winner: 0
Is good individual winner: 1
Real fitness of best good: 258.0
Noisy fitness of best good: 258.0
Real fitness of best bad: 255.0
Noisy fitness of best bad: 255.0

l: 63
Real fitness of mutation winner: 277.0
Noisy fitness of mutation winner: 277.0
Crossover offspring real fitness: [255.0, 256.0, 255.0, 256.0, 255.0, 256.0, 256.0, 257.0, 255.0, 255.0, 258.0, 256.0, 256.0, 256.0, 256.0, 255.0, 257.0, 257.0, 257.0, 255.0, 256.0, 257.0, 254.0, 257.0, 255.0, 257.0, 256.0, 257.0, 257.0, 256.0, 256.0, 256.0, 255.0, 257.0, 256.0, 256.0, 255.0, 257.0, 256.0, 256.0, 257.0, 256.0, 256.0, 258.0, 259.0, 256.0, 255.0, 256.0, 256.0, 257.0, 257.0, 256.0, 256.0, 256.0, 256.0, 258.0, 257.0, 257.0, 255.0, 258.0, 256.0, 258.0, 257.0]
Crossover offspring noisy fitness: [255.0, 256.0, 255.0, 256.0, 255.0, 256.0, 256.0, 257.0, 255.0, 255.0, 258.0, 256.0, 256.0, 256.0, 256.0, 255.0, 257.0, 257.0, 258.0, 255.0, 255.0, 257.0, 254.0, 257.0, 255.0, 257.0, 256.0, 257.0, 257.0, 256.0, 256.0, 256.0, 255.0, 257.0, 256.0, 256.0, 255.0, 257.0, 256.0, 257.0, 257.0, 256.0, 256.0, 257.0, 259.0, 256.0, 255.0, 256.0, 256.0, 257.0, 257.0, 256.0, 256.0, 256.0, 256.0, 258.0, 257.0, 257.0, 255.0, 258.0, 256.0, 258.0, 257.0]
Is bad individual winner: 0
Is good individual winner: 1
Real fitness of best good: 259.0
Noisy fitness of best good: 259.0
Real fitness of best bad: 255.0
Noisy fitness of best bad: 255.0

l: 66
Real fitness of mutation winner: 270.0
Noisy fitness of mutation winner: 271.0
Crossover offspring real fitness: [257.0, 256.0, 257.0, 257.0, 256.0, 256.0, 256.0, 257.0, 256.0, 256.0, 258.0, 254.0, 257.0, 258.0, 256.0, 256.0, 256.0, 254.0, 257.0, 257.0, 257.0, 255.0, 256.0, 256.0, 256.0, 257.0, 256.0, 256.0, 255.0, 257.0, 257.0, 257.0, 256.0, 258.0, 258.0, 257.0, 255.0, 254.0, 256.0, 256.0, 256.0, 256.0, 256.0, 255.0, 256.0, 255.0, 256.0, 256.0, 257.0, 256.0, 254.0, 256.0, 256.0, 257.0, 255.0, 255.0, 259.0, 258.0, 256.0, 256.0, 255.0, 254.0, 256.0]
Crossover offspring noisy fitness: [258.0, 256.0, 257.0, 257.0, 256.0, 256.0, 256.0, 257.0, 256.0, 256.0, 258.0, 254.0, 257.0, 258.0, 256.0, 256.0, 256.0, 254.0, 257.0, 257.0, 257.0, 255.0, 255.0, 256.0, 256.0, 257.0, 256.0, 256.0, 255.0, 257.0, 257.0, 257.0, 256.0, 258.0, 258.0, 257.0, 255.0, 254.0, 256.0, 256.0, 256.0, 256.0, 256.0, 256.0, 256.0, 255.0, 256.0, 256.0, 256.0, 256.0, 254.0, 256.0, 256.0, 258.0, 255.0, 255.0, 259.0, 258.0, 256.0, 256.0, 255.0, 254.0, 256.0]
Is bad individual winner: 0
Is good individual winner: 1
Real fitness of best good: 259.0
Noisy fitness of best good: 259.0
Real fitness of best bad: 255.0
Noisy fitness of best bad: 256.0

l: 69
Real fitness of mutation winner: 275.0
Noisy fitness of mutation winner: 275.0
Crossover offspring real fitness: [256.0, 255.0, 254.0, 256.0, 256.0, 256.0, 257.0, 256.0, 257.0, 258.0, 256.0, 255.0, 257.0, 256.0, 256.0, 259.0, 257.0, 256.0, 256.0, 256.0, 257.0, 255.0, 254.0, 259.0, 257.0, 256.0, 256.0, 255.0, 254.0, 260.0, 255.0, 256.0, 257.0, 257.0, 256.0, 255.0, 257.0, 258.0, 255.0, 257.0, 256.0, 254.0, 257.0, 256.0, 256.0, 254.0, 256.0, 255.0, 257.0, 258.0, 256.0, 256.0, 255.0, 257.0, 255.0, 256.0, 256.0, 257.0, 256.0, 255.0, 257.0, 257.0, 257.0]
Crossover offspring noisy fitness: [256.0, 255.0, 254.0, 256.0, 256.0, 256.0, 257.0, 256.0, 257.0, 258.0, 256.0, 255.0, 257.0, 256.0, 256.0, 259.0, 257.0, 255.0, 255.0, 256.0, 257.0, 255.0, 254.0, 259.0, 257.0, 256.0, 255.0, 255.0, 254.0, 260.0, 255.0, 256.0, 257.0, 257.0, 256.0, 255.0, 257.0, 258.0, 255.0, 257.0, 256.0, 254.0, 257.0, 256.0, 256.0, 254.0, 257.0, 255.0, 257.0, 258.0, 256.0, 256.0, 255.0, 257.0, 255.0, 256.0, 256.0, 257.0, 256.0, 255.0, 257.0, 257.0, 257.0]
Is bad individual winner: 0
Is good individual winner: 1
Real fitness of best good: 260.0
Noisy fitness of best good: 260.0
Real fitness of best bad: 255.0
Noisy fitness of best bad: 255.0

l: 58
Real fitness of mutation winner: 270.0
Noisy fitness of mutation winner: 271.0
Crossover offspring real fitness: [256.0, 257.0, 256.0, 254.0, 257.0, 256.0, 258.0, 255.0, 255.0, 257.0, 256.0, 257.0, 256.0, 256.0, 258.0, 257.0, 256.0, 256.0, 256.0, 256.0, 256.0, 257.0, 259.0, 255.0, 257.0, 257.0, 256.0, 255.0, 256.0, 256.0, 255.0, 257.0, 257.0, 257.0, 256.0, 256.0, 257.0, 256.0, 258.0, 257.0, 256.0, 257.0, 257.0, 256.0, 256.0, 257.0, 258.0, 257.0, 256.0, 256.0, 257.0, 257.0, 257.0, 257.0, 256.0, 257.0, 256.0, 257.0, 256.0, 256.0, 258.0, 255.0, 257.0]
Crossover offspring noisy fitness: [256.0, 257.0, 256.0, 254.0, 257.0, 256.0, 258.0, 255.0, 254.0, 257.0, 256.0, 257.0, 256.0, 256.0, 258.0, 257.0, 256.0, 256.0, 256.0, 256.0, 256.0, 258.0, 259.0, 255.0, 257.0, 257.0, 256.0, 255.0, 257.0, 256.0, 255.0, 257.0, 257.0, 257.0, 256.0, 256.0, 257.0, 256.0, 259.0, 257.0, 256.0, 257.0, 257.0, 256.0, 256.0, 257.0, 258.0, 257.0, 256.0, 256.0, 257.0, 257.0, 258.0, 257.0, 256.0, 257.0, 256.0, 257.0, 256.0, 256.0, 258.0, 255.0, 257.0]
Is bad individual winner: 0
Is good individual winner: 1
Real fitness of best good: 259.0
Noisy fitness of best good: 259.0
Real fitness of best bad: 255.0
Noisy fitness of best bad: 255.0

l: 65
Real fitness of mutation winner: 275.0
Noisy fitness of mutation winner: 275.0
Crossover offspring real fitness: [257.0, 256.0, 257.0, 257.0, 257.0, 256.0, 255.0, 256.0, 256.0, 257.0, 257.0, 256.0, 256.0, 255.0, 258.0, 256.0, 255.0, 255.0, 257.0, 254.0, 255.0, 257.0, 257.0, 256.0, 256.0, 256.0, 255.0, 258.0, 257.0, 256.0, 256.0, 255.0, 257.0, 257.0, 258.0, 257.0, 258.0, 256.0, 257.0, 257.0, 255.0, 257.0, 256.0, 257.0, 255.0, 256.0, 256.0, 259.0, 255.0, 256.0, 256.0, 256.0, 254.0, 256.0, 257.0, 255.0, 259.0, 258.0, 257.0, 258.0, 256.0, 256.0, 256.0]
Crossover offspring noisy fitness: [257.0, 256.0, 258.0, 257.0, 256.0, 256.0, 255.0, 256.0, 256.0, 257.0, 257.0, 257.0, 256.0, 255.0, 258.0, 256.0, 255.0, 255.0, 257.0, 254.0, 255.0, 257.0, 257.0, 256.0, 256.0, 256.0, 255.0, 258.0, 257.0, 256.0, 256.0, 255.0, 257.0, 257.0, 258.0, 257.0, 258.0, 256.0, 257.0, 257.0, 255.0, 257.0, 256.0, 257.0, 256.0, 256.0, 256.0, 259.0, 255.0, 256.0, 256.0, 256.0, 254.0, 256.0, 256.0, 255.0, 259.0, 258.0, 257.0, 258.0, 256.0, 255.0, 256.0]
Is bad individual winner: 0
Is good individual winner: 1
Real fitness of best good: 259.0
Noisy fitness of best good: 259.0
Real fitness of best bad: 255.0
Noisy fitness of best bad: 256.0

l: 58
Real fitness of mutation winner: 274.0
Noisy fitness of mutation winner: 274.0
Crossover offspring real fitness: [254.0, 256.0, 256.0, 254.0, 256.0, 256.0, 253.0, 256.0, 256.0, 257.0, 256.0, 255.0, 257.0, 255.0, 255.0, 257.0, 256.0, 257.0, 258.0, 254.0, 257.0, 257.0, 257.0, 257.0, 257.0, 256.0, 255.0, 256.0, 256.0, 258.0, 256.0, 257.0, 256.0, 257.0, 257.0, 256.0, 259.0, 257.0, 253.0, 257.0, 256.0, 258.0, 255.0, 256.0, 257.0, 256.0, 258.0, 258.0, 254.0, 256.0, 256.0, 257.0, 257.0, 255.0, 257.0, 258.0, 256.0, 257.0, 258.0, 258.0, 256.0, 256.0, 255.0]
Crossover offspring noisy fitness: [254.0, 256.0, 256.0, 254.0, 256.0, 256.0, 253.0, 256.0, 256.0, 257.0, 256.0, 255.0, 257.0, 255.0, 255.0, 257.0, 256.0, 257.0, 258.0, 254.0, 257.0, 257.0, 257.0, 257.0, 257.0, 256.0, 255.0, 257.0, 256.0, 258.0, 256.0, 257.0, 255.0, 257.0, 257.0, 256.0, 259.0, 257.0, 253.0, 257.0, 256.0, 258.0, 255.0, 256.0, 257.0, 256.0, 258.0, 258.0, 254.0, 256.0, 256.0, 256.0, 257.0, 255.0, 258.0, 258.0, 256.0, 257.0, 258.0, 258.0, 256.0, 256.0, 255.0]
Is bad individual winner: 0
Is good individual winner: 1
Real fitness of best good: 259.0
Noisy fitness of best good: 259.0
Real fitness of best bad: 255.0
Noisy fitness of best bad: 255.0

l: 55
Real fitness of mutation winner: 273.0
Noisy fitness of mutation winner: 273.0
Crossover offspring real fitness: [257.0, 256.0, 256.0, 256.0, 256.0, 257.0, 255.0, 256.0, 256.0, 256.0, 257.0, 257.0, 254.0, 255.0, 258.0, 256.0, 256.0, 256.0, 256.0, 255.0, 257.0, 255.0, 256.0, 256.0, 256.0, 256.0, 256.0, 257.0, 256.0, 256.0, 257.0, 256.0, 256.0, 258.0, 257.0, 256.0, 256.0, 256.0, 256.0, 257.0, 256.0, 256.0, 258.0, 257.0, 259.0, 256.0, 256.0, 256.0, 255.0, 256.0, 256.0, 256.0, 258.0, 257.0, 258.0, 256.0, 256.0, 257.0, 257.0, 255.0, 257.0, 258.0, 257.0]
Crossover offspring noisy fitness: [257.0, 256.0, 256.0, 256.0, 256.0, 257.0, 255.0, 256.0, 256.0, 256.0, 257.0, 257.0, 254.0, 255.0, 258.0, 256.0, 256.0, 256.0, 257.0, 255.0, 257.0, 255.0, 256.0, 256.0, 256.0, 256.0, 256.0, 257.0, 256.0, 256.0, 257.0, 256.0, 256.0, 258.0, 257.0, 256.0, 256.0, 255.0, 256.0, 257.0, 256.0, 257.0, 258.0, 257.0, 259.0, 256.0, 256.0, 256.0, 255.0, 256.0, 256.0, 256.0, 258.0, 257.0, 258.0, 256.0, 255.0, 258.0, 257.0, 255.0, 257.0, 258.0, 257.0]
Is bad individual winner: 0
Is good individual winner: 1
Real fitness of best good: 259.0
Noisy fitness of best good: 259.0
Real fitness of best bad: 255.0
Noisy fitness of best bad: 255.0

l: 63
Real fitness of mutation winner: 283.0
Noisy fitness of mutation winner: 283.0
Crossover offspring real fitness: [257.0, 257.0, 256.0, 259.0, 255.0, 257.0, 258.0, 257.0, 256.0, 259.0, 256.0, 257.0, 255.0, 257.0, 256.0, 257.0, 256.0, 258.0, 257.0, 257.0, 256.0, 256.0, 256.0, 256.0, 257.0, 255.0, 256.0, 257.0, 257.0, 257.0, 255.0, 255.0, 257.0, 257.0, 256.0, 257.0, 255.0, 257.0, 257.0, 259.0, 256.0, 256.0, 257.0, 258.0, 257.0, 256.0, 256.0, 257.0, 256.0, 257.0, 257.0, 257.0, 257.0, 256.0, 257.0, 259.0, 256.0, 257.0, 258.0, 256.0, 255.0, 256.0, 255.0]
Crossover offspring noisy fitness: [257.0, 257.0, 256.0, 259.0, 255.0, 257.0, 258.0, 257.0, 256.0, 259.0, 256.0, 257.0, 255.0, 257.0, 256.0, 257.0, 256.0, 257.0, 257.0, 257.0, 256.0, 256.0, 256.0, 256.0, 257.0, 255.0, 256.0, 257.0, 257.0, 257.0, 255.0, 255.0, 257.0, 258.0, 256.0, 257.0, 255.0, 257.0, 257.0, 259.0, 256.0, 256.0, 257.0, 258.0, 257.0, 256.0, 256.0, 257.0, 256.0, 257.0, 257.0, 257.0, 258.0, 256.0, 257.0, 259.0, 256.0, 257.0, 258.0, 256.0, 255.0, 256.0, 255.0]
Is bad individual winner: 0
Is good individual winner: 1
Real fitness of best good: 259.0
Noisy fitness of best good: 259.0
Real fitness of best bad: 255.0
Noisy fitness of best bad: 255.0

l: 65
Real fitness of mutation winner: 273.0
Noisy fitness of mutation winner: 273.0
Crossover offspring real fitness: [256.0, 256.0, 256.0, 256.0, 256.0, 255.0, 259.0, 257.0, 255.0, 256.0, 256.0, 256.0, 257.0, 257.0, 257.0, 255.0, 255.0, 256.0, 255.0, 256.0, 257.0, 256.0, 254.0, 255.0, 254.0, 256.0, 257.0, 258.0, 255.0, 256.0, 258.0, 255.0, 256.0, 256.0, 257.0, 256.0, 257.0, 257.0, 256.0, 255.0, 255.0, 255.0, 256.0, 257.0, 256.0, 258.0, 255.0, 257.0, 258.0, 256.0, 256.0, 258.0, 257.0, 256.0, 256.0, 257.0, 257.0, 256.0, 256.0, 256.0, 255.0, 256.0, 256.0]
Crossover offspring noisy fitness: [256.0, 256.0, 256.0, 256.0, 256.0, 256.0, 259.0, 257.0, 255.0, 256.0, 256.0, 256.0, 257.0, 257.0, 257.0, 255.0, 255.0, 256.0, 255.0, 256.0, 257.0, 256.0, 254.0, 255.0, 254.0, 256.0, 257.0, 258.0, 255.0, 256.0, 258.0, 255.0, 256.0, 256.0, 257.0, 256.0, 257.0, 257.0, 256.0, 255.0, 255.0, 255.0, 256.0, 257.0, 256.0, 258.0, 255.0, 257.0, 258.0, 256.0, 255.0, 258.0, 257.0, 256.0, 256.0, 257.0, 257.0, 256.0, 256.0, 256.0, 255.0, 256.0, 257.0]
Is bad individual winner: 0
Is good individual winner: 1
Real fitness of best good: 259.0
Noisy fitness of best good: 259.0
Real fitness of best bad: 255.0
Noisy fitness of best bad: 256.0

l: 72
Real fitness of mutation winner: 278.0
Noisy fitness of mutation winner: 278.0
Crossover offspring real fitness: [256.0, 256.0, 257.0, 255.0, 256.0, 255.0, 257.0, 256.0, 256.0, 258.0, 258.0, 255.0, 257.0, 257.0, 257.0, 256.0, 256.0, 254.0, 256.0, 256.0, 257.0, 256.0, 256.0, 255.0, 255.0, 255.0, 257.0, 258.0, 257.0, 257.0, 256.0, 257.0, 257.0, 257.0, 256.0, 257.0, 257.0, 256.0, 257.0, 257.0, 256.0, 255.0, 256.0, 255.0, 257.0, 257.0, 256.0, 257.0, 255.0, 256.0, 256.0, 256.0, 258.0, 255.0, 258.0, 256.0, 256.0, 256.0, 257.0, 257.0, 258.0, 256.0, 256.0]
Crossover offspring noisy fitness: [256.0, 256.0, 257.0, 255.0, 256.0, 255.0, 257.0, 256.0, 256.0, 259.0, 258.0, 255.0, 257.0, 257.0, 257.0, 256.0, 256.0, 254.0, 256.0, 256.0, 257.0, 256.0, 256.0, 255.0, 255.0, 255.0, 257.0, 258.0, 258.0, 257.0, 256.0, 257.0, 257.0, 257.0, 256.0, 257.0, 257.0, 256.0, 257.0, 257.0, 256.0, 255.0, 256.0, 255.0, 256.0, 257.0, 255.0, 257.0, 255.0, 256.0, 256.0, 256.0, 258.0, 255.0, 257.0, 256.0, 256.0, 256.0, 258.0, 257.0, 258.0, 256.0, 256.0]
Is bad individual winner: 0
Is good individual winner: 1
Real fitness of best good: 258.0
Noisy fitness of best good: 259.0
Real fitness of best bad: 255.0
Noisy fitness of best bad: 255.0

l: 68
Real fitness of mutation winner: 272.0
Noisy fitness of mutation winner: 272.0
Crossover offspring real fitness: [257.0, 257.0, 256.0, 255.0, 259.0, 256.0, 255.0, 256.0, 255.0, 257.0, 258.0, 257.0, 256.0, 256.0, 256.0, 256.0, 255.0, 254.0, 258.0, 257.0, 261.0, 257.0, 256.0, 256.0, 256.0, 258.0, 253.0, 256.0, 257.0, 258.0, 256.0, 255.0, 257.0, 257.0, 256.0, 256.0, 256.0, 256.0, 257.0, 254.0, 256.0, 255.0, 255.0, 256.0, 255.0, 257.0, 257.0, 258.0, 254.0, 256.0, 256.0, 255.0, 256.0, 256.0, 256.0, 256.0, 258.0, 255.0, 255.0, 256.0, 256.0, 257.0, 256.0]
Crossover offspring noisy fitness: [257.0, 257.0, 257.0, 255.0, 259.0, 256.0, 255.0, 256.0, 255.0, 257.0, 258.0, 257.0, 256.0, 256.0, 256.0, 256.0, 255.0, 254.0, 258.0, 256.0, 261.0, 257.0, 256.0, 256.0, 256.0, 258.0, 252.0, 256.0, 257.0, 258.0, 256.0, 255.0, 257.0, 257.0, 256.0, 256.0, 256.0, 256.0, 257.0, 254.0, 256.0, 255.0, 255.0, 256.0, 255.0, 257.0, 258.0, 258.0, 254.0, 256.0, 256.0, 256.0, 256.0, 256.0, 256.0, 256.0, 258.0, 254.0, 255.0, 256.0, 257.0, 257.0, 256.0]
Is bad individual winner: 0
Is good individual winner: 1
Real fitness of best good: 261.0
Noisy fitness of best good: 261.0
Real fitness of best bad: 255.0
Noisy fitness of best bad: 256.0

l: 56
Real fitness of mutation winner: 274.0
Noisy fitness of mutation winner: 274.0
Crossover offspring real fitness: [255.0, 256.0, 255.0, 258.0, 259.0, 256.0, 258.0, 257.0, 256.0, 257.0, 257.0, 257.0, 256.0, 257.0, 257.0, 256.0, 256.0, 258.0, 258.0, 257.0, 255.0, 256.0, 256.0, 257.0, 254.0, 256.0, 257.0, 256.0, 259.0, 256.0, 255.0, 258.0, 257.0, 255.0, 257.0, 256.0, 256.0, 255.0, 256.0, 255.0, 257.0, 256.0, 256.0, 257.0, 256.0, 256.0, 258.0, 255.0, 256.0, 257.0, 255.0, 259.0, 257.0, 256.0, 255.0, 256.0, 257.0, 254.0, 255.0, 257.0, 257.0, 257.0, 257.0]
Crossover offspring noisy fitness: [255.0, 256.0, 255.0, 258.0, 259.0, 256.0, 258.0, 257.0, 256.0, 258.0, 257.0, 257.0, 256.0, 257.0, 257.0, 255.0, 256.0, 258.0, 258.0, 257.0, 255.0, 256.0, 256.0, 257.0, 254.0, 256.0, 257.0, 256.0, 259.0, 256.0, 255.0, 258.0, 257.0, 255.0, 257.0, 256.0, 256.0, 256.0, 256.0, 255.0, 257.0, 256.0, 256.0, 257.0, 256.0, 256.0, 258.0, 255.0, 256.0, 257.0, 255.0, 259.0, 257.0, 255.0, 255.0, 256.0, 257.0, 254.0, 255.0, 257.0, 257.0, 257.0, 257.0]
Is bad individual winner: 0
Is good individual winner: 1
Real fitness of best good: 259.0
Noisy fitness of best good: 259.0
Real fitness of best bad: 255.0
Noisy fitness of best bad: 256.0

l: 50
Real fitness of mutation winner: 272.0
Noisy fitness of mutation winner: 272.0
Crossover offspring real fitness: [255.0, 256.0, 256.0, 256.0, 256.0, 257.0, 256.0, 257.0, 254.0, 256.0, 256.0, 256.0, 257.0, 256.0, 255.0, 257.0, 256.0, 256.0, 255.0, 257.0, 259.0, 256.0, 255.0, 256.0, 257.0, 258.0, 257.0, 254.0, 256.0, 255.0, 256.0, 256.0, 255.0, 257.0, 256.0, 256.0, 256.0, 257.0, 256.0, 257.0, 256.0, 256.0, 257.0, 256.0, 256.0, 256.0, 257.0, 256.0, 256.0, 256.0, 256.0, 257.0, 255.0, 257.0, 256.0, 258.0, 256.0, 256.0, 257.0, 257.0, 257.0, 256.0, 261.0]
Crossover offspring noisy fitness: [255.0, 256.0, 256.0, 256.0, 256.0, 257.0, 256.0, 257.0, 254.0, 256.0, 256.0, 256.0, 257.0, 256.0, 255.0, 257.0, 256.0, 256.0, 255.0, 257.0, 259.0, 255.0, 255.0, 256.0, 257.0, 258.0, 257.0, 254.0, 256.0, 255.0, 256.0, 256.0, 255.0, 256.0, 256.0, 256.0, 256.0, 257.0, 256.0, 257.0, 256.0, 256.0, 257.0, 256.0, 256.0, 257.0, 257.0, 256.0, 256.0, 256.0, 256.0, 257.0, 255.0, 257.0, 256.0, 258.0, 256.0, 255.0, 257.0, 257.0, 257.0, 256.0, 261.0]
Is bad individual winner: 0
Is good individual winner: 1
Real fitness of best good: 261.0
Noisy fitness of best good: 261.0
Real fitness of best bad: 255.0
Noisy fitness of best bad: 255.0

l: 65
Real fitness of mutation winner: 277.0
Noisy fitness of mutation winner: 277.0
Crossover offspring real fitness: [256.0, 257.0, 255.0, 253.0, 257.0, 256.0, 256.0, 257.0, 256.0, 256.0, 256.0, 255.0, 256.0, 256.0, 258.0, 256.0, 255.0, 256.0, 255.0, 256.0, 256.0, 257.0, 256.0, 257.0, 255.0, 256.0, 256.0, 257.0, 257.0, 256.0, 256.0, 258.0, 257.0, 256.0, 256.0, 258.0, 256.0, 256.0, 257.0, 256.0, 255.0, 256.0, 256.0, 258.0, 255.0, 258.0, 258.0, 256.0, 256.0, 257.0, 256.0, 256.0, 256.0, 256.0, 256.0, 256.0, 257.0, 257.0, 257.0, 256.0, 256.0, 256.0, 256.0]
Crossover offspring noisy fitness: [256.0, 257.0, 255.0, 253.0, 256.0, 256.0, 256.0, 257.0, 256.0, 256.0, 256.0, 255.0, 257.0, 256.0, 258.0, 256.0, 255.0, 256.0, 255.0, 256.0, 257.0, 257.0, 256.0, 257.0, 255.0, 256.0, 256.0, 257.0, 257.0, 256.0, 256.0, 258.0, 257.0, 256.0, 256.0, 258.0, 256.0, 256.0, 257.0, 256.0, 255.0, 256.0, 256.0, 258.0, 255.0, 258.0, 258.0, 256.0, 256.0, 257.0, 256.0, 256.0, 256.0, 256.0, 256.0, 256.0, 257.0, 257.0, 257.0, 256.0, 256.0, 256.0, 256.0]
Is bad individual winner: 0
Is good individual winner: 1
Real fitness of best good: 258.0
Noisy fitness of best good: 258.0
Real fitness of best bad: 255.0
Noisy fitness of best bad: 255.0

l: 65
Real fitness of mutation winner: 275.0
Noisy fitness of mutation winner: 275.0
Crossover offspring real fitness: [256.0, 256.0, 256.0, 258.0, 257.0, 256.0, 254.0, 257.0, 255.0, 256.0, 257.0, 256.0, 255.0, 257.0, 256.0, 255.0, 255.0, 258.0, 256.0, 257.0, 257.0, 256.0, 256.0, 255.0, 256.0, 255.0, 256.0, 255.0, 257.0, 257.0, 256.0, 256.0, 256.0, 256.0, 256.0, 254.0, 257.0, 257.0, 257.0, 257.0, 254.0, 255.0, 255.0, 256.0, 257.0, 257.0, 256.0, 254.0, 255.0, 257.0, 256.0, 256.0, 256.0, 258.0, 256.0, 256.0, 256.0, 256.0, 257.0, 257.0, 256.0, 256.0, 258.0]
Crossover offspring noisy fitness: [255.0, 256.0, 256.0, 258.0, 257.0, 256.0, 255.0, 257.0, 255.0, 256.0, 257.0, 256.0, 255.0, 257.0, 256.0, 255.0, 255.0, 258.0, 256.0, 257.0, 257.0, 256.0, 256.0, 255.0, 256.0, 255.0, 257.0, 255.0, 256.0, 257.0, 256.0, 256.0, 255.0, 256.0, 256.0, 254.0, 257.0, 257.0, 257.0, 257.0, 254.0, 255.0, 255.0, 256.0, 257.0, 257.0, 256.0, 254.0, 255.0, 257.0, 256.0, 256.0, 256.0, 258.0, 256.0, 256.0, 256.0, 256.0, 257.0, 256.0, 256.0, 256.0, 258.0]
Is bad individual winner: 0
Is good individual winner: 1
Real fitness of best good: 258.0
Noisy fitness of best good: 258.0
Real fitness of best bad: 255.0
Noisy fitness of best bad: 255.0

l: 53
Real fitness of mutation winner: 271.0
Noisy fitness of mutation winner: 271.0
Crossover offspring real fitness: [257.0, 256.0, 257.0, 256.0, 257.0, 256.0, 257.0, 259.0, 257.0, 255.0, 257.0, 257.0, 257.0, 257.0, 256.0, 257.0, 255.0, 256.0, 256.0, 256.0, 256.0, 260.0, 256.0, 256.0, 257.0, 255.0, 256.0, 256.0, 256.0, 256.0, 255.0, 256.0, 256.0, 256.0, 256.0, 258.0, 256.0, 257.0, 256.0, 257.0, 256.0, 256.0, 256.0, 256.0, 256.0, 255.0, 257.0, 256.0, 256.0, 256.0, 257.0, 255.0, 256.0, 256.0, 257.0, 258.0, 255.0, 256.0, 257.0, 256.0, 257.0, 256.0, 256.0]
Crossover offspring noisy fitness: [257.0, 256.0, 257.0, 256.0, 257.0, 256.0, 257.0, 259.0, 257.0, 255.0, 257.0, 257.0, 258.0, 257.0, 256.0, 257.0, 255.0, 256.0, 256.0, 256.0, 256.0, 260.0, 256.0, 256.0, 257.0, 255.0, 257.0, 256.0, 256.0, 256.0, 255.0, 256.0, 256.0, 256.0, 256.0, 258.0, 256.0, 257.0, 256.0, 257.0, 256.0, 256.0, 256.0, 256.0, 256.0, 255.0, 257.0, 256.0, 256.0, 256.0, 257.0, 255.0, 256.0, 256.0, 257.0, 257.0, 255.0, 255.0, 257.0, 256.0, 257.0, 256.0, 256.0]
Is bad individual winner: 0
Is good individual winner: 1
Real fitness of best good: 260.0
Noisy fitness of best good: 260.0
Real fitness of best bad: 255.0
Noisy fitness of best bad: 255.0

l: 63
Real fitness of mutation winner: 269.0
Noisy fitness of mutation winner: 270.0
Crossover offspring real fitness: [257.0, 255.0, 256.0, 256.0, 256.0, 256.0, 255.0, 255.0, 256.0, 256.0, 257.0, 256.0, 254.0, 256.0, 256.0, 255.0, 257.0, 256.0, 255.0, 256.0, 256.0, 256.0, 256.0, 257.0, 257.0, 255.0, 257.0, 256.0, 256.0, 256.0, 256.0, 256.0, 256.0, 256.0, 257.0, 255.0, 257.0, 257.0, 257.0, 255.0, 256.0, 256.0, 257.0, 255.0, 257.0, 257.0, 255.0, 256.0, 257.0, 256.0, 256.0, 256.0, 256.0, 257.0, 256.0, 256.0, 257.0, 257.0, 257.0, 255.0, 255.0, 257.0, 257.0]
Crossover offspring noisy fitness: [257.0, 255.0, 256.0, 256.0, 256.0, 256.0, 255.0, 255.0, 256.0, 256.0, 257.0, 256.0, 254.0, 256.0, 256.0, 255.0, 257.0, 256.0, 255.0, 256.0, 256.0, 257.0, 256.0, 257.0, 257.0, 255.0, 257.0, 256.0, 256.0, 256.0, 256.0, 256.0, 256.0, 256.0, 257.0, 255.0, 257.0, 257.0, 257.0, 255.0, 256.0, 256.0, 257.0, 255.0, 257.0, 257.0, 255.0, 256.0, 257.0, 256.0, 256.0, 256.0, 255.0, 257.0, 257.0, 257.0, 257.0, 257.0, 257.0, 255.0, 255.0, 257.0, 257.0]
Is bad individual winner: 0
Is good individual winner: 1
Real fitness of best good: 257.0
Noisy fitness of best good: 257.0
Real fitness of best bad: 255.0
Noisy fitness of best bad: 255.0

l: 62
Real fitness of mutation winner: 274.0
Noisy fitness of mutation winner: 274.0
Crossover offspring real fitness: [256.0, 256.0, 257.0, 258.0, 257.0, 257.0, 257.0, 257.0, 257.0, 256.0, 256.0, 256.0, 256.0, 256.0, 256.0, 256.0, 256.0, 255.0, 256.0, 257.0, 258.0, 256.0, 255.0, 255.0, 256.0, 257.0, 256.0, 255.0, 256.0, 255.0, 258.0, 257.0, 257.0, 256.0, 256.0, 258.0, 258.0, 257.0, 256.0, 256.0, 256.0, 256.0, 257.0, 256.0, 257.0, 256.0, 256.0, 257.0, 255.0, 256.0, 257.0, 256.0, 255.0, 257.0, 255.0, 258.0, 256.0, 256.0, 256.0, 256.0, 257.0, 256.0, 256.0]
Crossover offspring noisy fitness: [256.0, 256.0, 257.0, 258.0, 257.0, 257.0, 257.0, 257.0, 257.0, 257.0, 256.0, 256.0, 256.0, 256.0, 256.0, 256.0, 256.0, 255.0, 256.0, 257.0, 259.0, 256.0, 255.0, 255.0, 256.0, 257.0, 256.0, 255.0, 256.0, 254.0, 258.0, 257.0, 256.0, 256.0, 255.0, 258.0, 258.0, 257.0, 256.0, 256.0, 256.0, 256.0, 257.0, 256.0, 257.0, 256.0, 256.0, 257.0, 254.0, 256.0, 257.0, 257.0, 255.0, 256.0, 255.0, 258.0, 256.0, 256.0, 256.0, 256.0, 257.0, 257.0, 256.0]
Is bad individual winner: 0
Is good individual winner: 1
Real fitness of best good: 258.0
Noisy fitness of best good: 259.0
Real fitness of best bad: 255.0
Noisy fitness of best bad: 255.0

l: 56
Real fitness of mutation winner: 270.0
Noisy fitness of mutation winner: 270.0
Crossover offspring real fitness: [256.0, 256.0, 255.0, 258.0, 257.0, 256.0, 254.0, 256.0, 256.0, 257.0, 257.0, 257.0, 255.0, 256.0, 257.0, 258.0, 256.0, 256.0, 257.0, 257.0, 256.0, 257.0, 257.0, 257.0, 256.0, 256.0, 256.0, 255.0, 257.0, 257.0, 257.0, 255.0, 256.0, 257.0, 255.0, 257.0, 256.0, 256.0, 256.0, 256.0, 258.0, 257.0, 256.0, 255.0, 254.0, 255.0, 256.0, 258.0, 258.0, 256.0, 255.0, 257.0, 256.0, 255.0, 255.0, 257.0, 256.0, 256.0, 256.0, 256.0, 256.0, 256.0, 257.0]
Crossover offspring noisy fitness: [256.0, 256.0, 255.0, 258.0, 257.0, 256.0, 254.0, 256.0, 256.0, 257.0, 258.0, 258.0, 255.0, 256.0, 257.0, 258.0, 256.0, 256.0, 257.0, 257.0, 256.0, 257.0, 257.0, 257.0, 256.0, 256.0, 256.0, 255.0, 257.0, 257.0, 257.0, 255.0, 256.0, 257.0, 255.0, 257.0, 256.0, 256.0, 255.0, 256.0, 258.0, 257.0, 256.0, 255.0, 254.0, 255.0, 256.0, 258.0, 257.0, 256.0, 255.0, 257.0, 256.0, 255.0, 255.0, 257.0, 256.0, 256.0, 256.0, 256.0, 256.0, 256.0, 257.0]
Is bad individual winner: 0
Is good individual winner: 1
Real fitness of best good: 258.0
Noisy fitness of best good: 258.0
Real fitness of best bad: 255.0
Noisy fitness of best bad: 255.0

l: 68
Real fitness of mutation winner: 278.0
Noisy fitness of mutation winner: 278.0
Crossover offspring real fitness: [256.0, 258.0, 256.0, 255.0, 258.0, 256.0, 258.0, 256.0, 256.0, 256.0, 257.0, 256.0, 257.0, 257.0, 256.0, 256.0, 258.0, 256.0, 257.0, 256.0, 256.0, 257.0, 257.0, 258.0, 256.0, 254.0, 258.0, 254.0, 255.0, 258.0, 259.0, 257.0, 257.0, 257.0, 255.0, 256.0, 256.0, 256.0, 257.0, 255.0, 258.0, 256.0, 256.0, 260.0, 257.0, 255.0, 257.0, 257.0, 256.0, 254.0, 255.0, 257.0, 257.0, 256.0, 256.0, 257.0, 255.0, 256.0, 256.0, 256.0, 257.0, 257.0, 256.0]
Crossover offspring noisy fitness: [256.0, 258.0, 256.0, 255.0, 258.0, 256.0, 258.0, 256.0, 256.0, 256.0, 257.0, 256.0, 257.0, 257.0, 256.0, 256.0, 258.0, 257.0, 257.0, 256.0, 256.0, 257.0, 257.0, 258.0, 256.0, 254.0, 258.0, 254.0, 255.0, 258.0, 260.0, 257.0, 257.0, 257.0, 255.0, 256.0, 256.0, 256.0, 257.0, 254.0, 258.0, 256.0, 256.0, 260.0, 257.0, 255.0, 257.0, 257.0, 256.0, 253.0, 255.0, 257.0, 257.0, 256.0, 256.0, 257.0, 256.0, 256.0, 256.0, 256.0, 257.0, 257.0, 256.0]
Is bad individual winner: 0
Is good individual winner: 1
Real fitness of best good: 260.0
Noisy fitness of best good: 260.0
Real fitness of best bad: 255.0
Noisy fitness of best bad: 256.0

l: 67
Real fitness of mutation winner: 279.0
Noisy fitness of mutation winner: 279.0
Crossover offspring real fitness: [257.0, 257.0, 255.0, 254.0, 258.0, 254.0, 256.0, 256.0, 256.0, 255.0, 258.0, 257.0, 257.0, 257.0, 256.0, 256.0, 256.0, 255.0, 258.0, 255.0, 257.0, 257.0, 257.0, 256.0, 256.0, 256.0, 257.0, 257.0, 256.0, 256.0, 256.0, 256.0, 259.0, 256.0, 256.0, 256.0, 256.0, 255.0, 257.0, 256.0, 257.0, 256.0, 256.0, 256.0, 257.0, 256.0, 256.0, 255.0, 256.0, 258.0, 256.0, 258.0, 256.0, 256.0, 258.0, 255.0, 259.0, 259.0, 256.0, 256.0, 258.0, 255.0, 257.0]
Crossover offspring noisy fitness: [257.0, 257.0, 255.0, 254.0, 258.0, 254.0, 255.0, 256.0, 255.0, 256.0, 258.0, 257.0, 257.0, 257.0, 256.0, 256.0, 256.0, 255.0, 258.0, 255.0, 256.0, 257.0, 257.0, 256.0, 256.0, 256.0, 257.0, 257.0, 256.0, 256.0, 256.0, 256.0, 259.0, 256.0, 256.0, 256.0, 256.0, 255.0, 257.0, 256.0, 257.0, 256.0, 256.0, 256.0, 257.0, 256.0, 256.0, 255.0, 256.0, 258.0, 256.0, 258.0, 256.0, 256.0, 258.0, 255.0, 259.0, 259.0, 256.0, 256.0, 258.0, 255.0, 257.0]
Is bad individual winner: 0
Is good individual winner: 1
Real fitness of best good: 259.0
Noisy fitness of best good: 259.0
Real fitness of best bad: 255.0
Noisy fitness of best bad: 256.0

