l: 110
Real fitness of mutation winner: 915.0
Noisy fitness of mutation winner: 915.0
Crossover offspring real fitness: [1023.0, 1023.0, 1022.0, 1022.0, 1022.0, 1022.0, 1021.0, 1023.0, 1021.0, 1020.0, 1021.0, 1023.0, 1021.0, 1023.0, 1022.0, 1023.0, 1023.0, 1022.0, 1022.0, 1023.0, 1023.0, 1021.0, 1023.0, 1023.0, 1022.0, 1022.0, 1022.0, 1022.0, 1022.0, 1022.0, 1019.0, 1022.0, 1021.0, 1021.0, 1021.0, 1021.0, 1023.0, 1023.0, 1022.0, 1020.0, 1020.0, 1023.0, 1022.0, 1022.0, 1023.0, 1023.0, 1023.0, 1023.0, 1022.0, 1022.0, 1019.0, 1022.0, 1023.0, 1022.0, 1021.0, 1023.0, 1022.0, 1021.0, 1022.0, 1023.0, 1022.0, 1021.0, 1023.0, 1021.0, 1021.0, 1023.0, 1021.0, 1023.0, 1021.0, 1021.0, 1023.0, 1020.0, 1023.0, 1022.0, 1020.0, 1023.0, 1021.0, 1022.0, 1023.0, 1022.0, 1023.0, 1021.0, 1022.0, 1022.0, 1023.0, 1022.0, 1023.0, 1023.0, 1022.0, 1023.0, 1021.0, 1022.0, 1023.0, 1022.0, 1022.0, 1022.0, 1021.0, 1022.0, 1022.0, 1021.0, 1022.0]
Crossover offspring noisy fitness: [1023.0, 1023.0, 1022.0, 1022.0, 1022.0, 1022.0, 1021.0, 1023.0, 1021.0, 1020.0, 1021.0, 1023.0, 1021.0, 1023.0, 1022.0, 1023.0, 1023.0, 1021.0, 1022.0, 1023.0, 1023.0, 1021.0, 1022.0, 1023.0, 1022.0, 1022.0, 1022.0, 1022.0, 1022.0, 1022.0, 1019.0, 1022.0, 1021.0, 1021.0, 1021.0, 1021.0, 1023.0, 1023.0, 1022.0, 1020.0, 1020.0, 1023.0, 1022.0, 1022.0, 1023.0, 1023.0, 1023.0, 1023.0, 1022.0, 1022.0, 1019.0, 1022.0, 1023.0, 1022.0, 1021.0, 1023.0, 1022.0, 1021.0, 1022.0, 1023.0, 1022.0, 1021.0, 1023.0, 1021.0, 1021.0, 1023.0, 1021.0, 1023.0, 1021.0, 1021.0, 1023.0, 1020.0, 1023.0, 1022.0, 1020.0, 1023.0, 1021.0, 1022.0, 1023.0, 1022.0, 1023.0, 1021.0, 1022.0, 1022.0, 1023.0, 1022.0, 1023.0, 1023.0, 1021.0, 1023.0, 1021.0, 1022.0, 1023.0, 1022.0, 1022.0, 1022.0, 1021.0, 1022.0, 1022.0, 1021.0, 1022.0]
Is bad individual winner: 0
Is good individual winner: 0
Real fitness of best good: 1023.0
Noisy fitness of best good: 1023.0
Real fitness of best bad: 1022.0
Noisy fitness of best bad: 1022.0

l: 100
Real fitness of mutation winner: 925.0
Noisy fitness of mutation winner: 925.0
Crossover offspring real fitness: [1022.0, 1021.0, 1022.0, 1021.0, 1023.0, 1022.0, 1021.0, 1021.0, 1023.0, 1023.0, 1020.0, 1021.0, 1022.0, 1021.0, 1021.0, 1022.0, 1023.0, 1020.0, 1024.0, 1022.0, 1022.0, 1022.0, 1022.0, 1022.0, 1022.0, 1022.0, 1022.0, 1023.0, 1022.0, 1022.0, 1021.0, 1022.0, 1023.0, 1023.0, 1022.0, 1022.0, 1022.0, 1023.0, 1021.0, 1022.0, 1020.0, 1023.0, 1023.0, 1022.0, 1023.0, 1023.0, 1022.0, 1020.0, 1020.0, 1023.0, 1023.0, 1023.0, 1023.0, 1023.0, 1022.0, 1021.0, 1023.0, 1022.0, 1021.0, 1020.0, 1022.0, 1021.0, 1022.0, 1023.0, 1021.0, 1023.0, 1018.0, 1022.0, 1022.0, 1023.0, 1021.0, 1023.0, 1019.0, 1021.0, 1023.0, 1021.0, 1023.0, 1022.0, 1023.0, 1023.0, 1023.0, 1021.0, 1023.0, 1022.0, 1023.0, 1023.0, 1023.0, 1020.0, 1021.0, 1022.0, 1023.0, 1022.0, 1020.0, 1023.0, 1022.0, 1022.0, 1023.0, 1021.0, 1022.0, 1021.0, 1021.0]
Crossover offspring noisy fitness: [1022.0, 1021.0, 1022.0, 1021.0, 1023.0, 1022.0, 1021.0, 1021.0, 1023.0, 1023.0, 1020.0, 1021.0, 1022.0, 1021.0, 1021.0, 1022.0, 1023.0, 1020.0, 1024.0, 1022.0, 1022.0, 1022.0, 1022.0, 1022.0, 1022.0, 1022.0, 1022.0, 1023.0, 1021.0, 1022.0, 1021.0, 1022.0, 1023.0, 1023.0, 1022.0, 1022.0, 1021.0, 1023.0, 1020.0, 1022.0, 1020.0, 1023.0, 1023.0, 1022.0, 1023.0, 1023.0, 1022.0, 1020.0, 1020.0, 1023.0, 1023.0, 1023.0, 1023.0, 1023.0, 1022.0, 1021.0, 1023.0, 1022.0, 1021.0, 1020.0, 1022.0, 1021.0, 1022.0, 1023.0, 1021.0, 1023.0, 1018.0, 1022.0, 1022.0, 1022.0, 1021.0, 1023.0, 1019.0, 1021.0, 1023.0, 1021.0, 1023.0, 1022.0, 1023.0, 1023.0, 1023.0, 1021.0, 1023.0, 1022.0, 1023.0, 1023.0, 1023.0, 1020.0, 1021.0, 1022.0, 1023.0, 1022.0, 1020.0, 1023.0, 1022.0, 1021.0, 1023.0, 1021.0, 1022.0, 1021.0, 1021.0]
Is bad individual winner: 0
Is good individual winner: 1
Real fitness of best good: 1024.0
Noisy fitness of best good: 1024.0
Real fitness of best bad: 1022.0
Noisy fitness of best bad: 1022.0

l: 94
Real fitness of mutation winner: 931.0
Noisy fitness of mutation winner: 931.0
Crossover offspring real fitness: [1022.0, 1023.0, 1023.0, 1023.0, 1023.0, 1023.0, 1021.0, 1022.0, 1022.0, 1023.0, 1023.0, 1023.0, 1023.0, 1022.0, 1022.0, 1023.0, 1023.0, 1022.0, 1023.0, 1023.0, 1022.0, 1022.0, 1022.0, 1021.0, 1022.0, 1022.0, 1022.0, 1023.0, 1023.0, 1022.0, 1022.0, 1022.0, 1023.0, 1021.0, 1021.0, 1022.0, 1020.0, 1023.0, 1022.0, 1023.0, 1022.0, 1022.0, 1021.0, 1023.0, 1022.0, 1023.0, 1023.0, 1021.0, 1023.0, 1020.0, 1023.0, 1023.0, 1023.0, 1022.0, 1022.0, 1023.0, 1021.0, 1022.0, 1021.0, 1021.0, 1020.0, 1022.0, 1021.0, 1020.0, 1023.0, 1023.0, 1021.0, 1022.0, 1023.0, 1022.0, 1020.0, 1023.0, 1020.0, 1023.0, 1023.0, 1020.0, 1023.0, 1022.0, 1022.0, 1020.0, 1023.0, 1022.0, 1023.0, 1023.0, 1023.0, 1020.0, 1019.0, 1021.0, 1023.0, 1023.0, 1022.0, 1022.0, 1021.0, 1021.0, 1023.0, 1023.0, 1022.0, 1022.0, 1023.0, 1022.0, 1020.0]
Crossover offspring noisy fitness: [1022.0, 1023.0, 1023.0, 1023.0, 1023.0, 1023.0, 1021.0, 1021.0, 1022.0, 1023.0, 1023.0, 1023.0, 1023.0, 1022.0, 1022.0, 1023.0, 1023.0, 1022.0, 1023.0, 1023.0, 1022.0, 1021.0, 1022.0, 1021.0, 1022.0, 1022.0, 1022.0, 1022.0, 1023.0, 1022.0, 1022.0, 1022.0, 1023.0, 1021.0, 1021.0, 1022.0, 1020.0, 1023.0, 1022.0, 1023.0, 1022.0, 1022.0, 1021.0, 1023.0, 1022.0, 1023.0, 1023.0, 1020.0, 1023.0, 1020.0, 1023.0, 1023.0, 1023.0, 1022.0, 1022.0, 1023.0, 1021.0, 1022.0, 1021.0, 1021.0, 1020.0, 1022.0, 1021.0, 1020.0, 1023.0, 1023.0, 1021.0, 1022.0, 1023.0, 1022.0, 1020.0, 1022.0, 1020.0, 1023.0, 1022.0, 1020.0, 1023.0, 1022.0, 1022.0, 1020.0, 1023.0, 1022.0, 1023.0, 1023.0, 1023.0, 1020.0, 1019.0, 1020.0, 1022.0, 1023.0, 1022.0, 1022.0, 1021.0, 1021.0, 1022.0, 1023.0, 1022.0, 1021.0, 1023.0, 1021.0, 1020.0]
Is bad individual winner: 0
Is good individual winner: 0
Real fitness of best good: 1023.0
Noisy fitness of best good: 1023.0
Real fitness of best bad: 1022.0
Noisy fitness of best bad: 1022.0

l: 105
Real fitness of mutation winner: 920.0
Noisy fitness of mutation winner: 920.0
Crossover offspring real fitness: [1020.0, 1022.0, 1022.0, 1022.0, 1023.0, 1023.0, 1021.0, 1022.0, 1021.0, 1022.0, 1023.0, 1022.0, 1022.0, 1023.0, 1023.0, 1023.0, 1023.0, 1023.0, 1020.0, 1022.0, 1020.0, 1023.0, 1022.0, 1022.0, 1022.0, 1022.0, 1021.0, 1022.0, 1022.0, 1022.0, 1022.0, 1023.0, 1023.0, 1023.0, 1022.0, 1023.0, 1023.0, 1023.0, 1021.0, 1022.0, 1022.0, 1023.0, 1021.0, 1021.0, 1023.0, 1023.0, 1023.0, 1022.0, 1023.0, 1020.0, 1021.0, 1023.0, 1022.0, 1023.0, 1023.0, 1023.0, 1019.0, 1024.0, 1023.0, 1023.0, 1022.0, 1023.0, 1022.0, 1023.0, 1023.0, 1022.0, 1019.0, 1023.0, 1023.0, 1021.0, 1021.0, 1022.0, 1023.0, 1022.0, 1023.0, 1023.0, 1020.0, 1022.0, 1022.0, 1023.0, 1022.0, 1022.0, 1021.0, 1021.0, 1021.0, 1021.0, 1021.0, 1022.0, 1021.0, 1022.0, 1021.0, 1022.0, 1023.0, 1022.0, 1022.0, 1022.0, 1023.0, 1023.0, 1022.0, 1022.0, 1022.0]
Crossover offspring noisy fitness: [1020.0, 1022.0, 1022.0, 1022.0, 1023.0, 1023.0, 1021.0, 1022.0, 1021.0, 1022.0, 1023.0, 1022.0, 1022.0, 1023.0, 1023.0, 1023.0, 1023.0, 1023.0, 1020.0, 1022.0, 1020.0, 1023.0, 1022.0, 1022.0, 1022.0, 1022.0, 1021.0, 1021.0, 1022.0, 1022.0, 1022.0, 1023.0, 1023.0, 1023.0, 1022.0, 1023.0, 1023.0, 1023.0, 1021.0, 1022.0, 1022.0, 1023.0, 1021.0, 1021.0, 1023.0, 1023.0, 1023.0, 1022.0, 1023.0, 1020.0, 1021.0, 1023.0, 1022.0, 1023.0, 1023.0, 1023.0, 1019.0, 1024.0, 1023.0, 1023.0, 1022.0, 1023.0, 1022.0, 1023.0, 1023.0, 1022.0, 1019.0, 1023.0, 1023.0, 1021.0, 1021.0, 1022.0, 1023.0, 1022.0, 1023.0, 1023.0, 1019.0, 1022.0, 1021.0, 1023.0, 1021.0, 1022.0, 1021.0, 1021.0, 1019.0, 1021.0, 1021.0, 1022.0, 1021.0, 1022.0, 1021.0, 1022.0, 1023.0, 1022.0, 1022.0, 1022.0, 1023.0, 1023.0, 1022.0, 1022.0, 1021.0]
Is bad individual winner: 0
Is good individual winner: 1
Real fitness of best good: 1024.0
Noisy fitness of best good: 1024.0
Real fitness of best bad: 1022.0
Noisy fitness of best bad: 1022.0

l: 83
Real fitness of mutation winner: 942.0
Noisy fitness of mutation winner: 942.0
Crossover offspring real fitness: [1020.0, 1022.0, 1023.0, 1023.0, 1023.0, 1022.0, 1023.0, 1022.0, 1022.0, 1022.0, 1023.0, 1021.0, 1022.0, 1020.0, 1023.0, 1021.0, 1023.0, 1021.0, 1023.0, 1023.0, 1022.0, 1022.0, 1022.0, 1021.0, 1022.0, 1021.0, 1022.0, 1023.0, 1021.0, 1022.0, 1023.0, 1023.0, 1021.0, 1021.0, 1023.0, 1022.0, 1023.0, 1023.0, 1022.0, 1022.0, 1023.0, 1023.0, 1023.0, 1023.0, 1023.0, 1023.0, 1023.0, 1023.0, 1023.0, 1022.0, 1019.0, 1023.0, 1021.0, 1021.0, 1022.0, 1020.0, 1022.0, 1021.0, 1022.0, 1022.0, 1022.0, 1021.0, 1021.0, 1023.0, 1023.0, 1021.0, 1023.0, 1023.0, 1023.0, 1022.0, 1022.0, 1021.0, 1023.0, 1023.0, 1022.0, 1022.0, 1023.0, 1022.0, 1022.0, 1022.0, 1023.0, 1022.0, 1023.0, 1022.0, 1022.0, 1022.0, 1023.0, 1023.0, 1023.0, 1021.0, 1020.0, 1023.0, 1022.0, 1023.0, 1023.0, 1022.0, 1023.0, 1022.0, 1022.0, 1022.0, 1022.0]
Crossover offspring noisy fitness: [1020.0, 1022.0, 1023.0, 1023.0, 1023.0, 1022.0, 1023.0, 1022.0, 1022.0, 1022.0, 1023.0, 1021.0, 1022.0, 1020.0, 1023.0, 1020.0, 1023.0, 1021.0, 1023.0, 1023.0, 1022.0, 1022.0, 1022.0, 1021.0, 1022.0, 1021.0, 1021.0, 1023.0, 1021.0, 1022.0, 1023.0, 1023.0, 1021.0, 1020.0, 1023.0, 1022.0, 1023.0, 1023.0, 1022.0, 1022.0, 1023.0, 1023.0, 1023.0, 1023.0, 1023.0, 1023.0, 1023.0, 1023.0, 1023.0, 1022.0, 1019.0, 1023.0, 1021.0, 1021.0, 1022.0, 1020.0, 1022.0, 1021.0, 1022.0, 1022.0, 1022.0, 1021.0, 1021.0, 1023.0, 1023.0, 1021.0, 1023.0, 1023.0, 1023.0, 1022.0, 1022.0, 1021.0, 1023.0, 1023.0, 1022.0, 1022.0, 1023.0, 1022.0, 1022.0, 1022.0, 1023.0, 1022.0, 1022.0, 1022.0, 1022.0, 1022.0, 1023.0, 1023.0, 1023.0, 1021.0, 1020.0, 1023.0, 1022.0, 1023.0, 1023.0, 1022.0, 1023.0, 1022.0, 1022.0, 1022.0, 1022.0]
Is bad individual winner: 0
Is good individual winner: 0
Real fitness of best good: 1023.0
Noisy fitness of best good: 1023.0
Real fitness of best bad: 1022.0
Noisy fitness of best bad: 1022.0

l: 86
Real fitness of mutation winner: 939.0
Noisy fitness of mutation winner: 939.0
Crossover offspring real fitness: [1022.0, 1023.0, 1023.0, 1023.0, 1022.0, 1022.0, 1021.0, 1023.0, 1020.0, 1022.0, 1021.0, 1023.0, 1022.0, 1021.0, 1022.0, 1022.0, 1023.0, 1023.0, 1022.0, 1023.0, 1020.0, 1021.0, 1021.0, 1023.0, 1023.0, 1023.0, 1021.0, 1023.0, 1022.0, 1022.0, 1022.0, 1021.0, 1021.0, 1021.0, 1022.0, 1020.0, 1023.0, 1023.0, 1022.0, 1023.0, 1022.0, 1022.0, 1022.0, 1022.0, 1023.0, 1022.0, 1023.0, 1022.0, 1022.0, 1023.0, 1023.0, 1023.0, 1022.0, 1022.0, 1022.0, 1022.0, 1023.0, 1023.0, 1022.0, 1021.0, 1023.0, 1022.0, 1020.0, 1023.0, 1022.0, 1023.0, 1022.0, 1021.0, 1021.0, 1023.0, 1021.0, 1021.0, 1020.0, 1022.0, 1022.0, 1022.0, 1022.0, 1022.0, 1021.0, 1022.0, 1020.0, 1021.0, 1023.0, 1022.0, 1023.0, 1023.0, 1020.0, 1022.0, 1022.0, 1023.0, 1023.0, 1022.0, 1023.0, 1024.0, 1022.0, 1023.0, 1022.0, 1021.0, 1023.0, 1023.0, 1023.0]
Crossover offspring noisy fitness: [1022.0, 1023.0, 1023.0, 1023.0, 1022.0, 1022.0, 1020.0, 1023.0, 1020.0, 1022.0, 1020.0, 1023.0, 1022.0, 1021.0, 1022.0, 1022.0, 1023.0, 1023.0, 1022.0, 1023.0, 1020.0, 1020.0, 1021.0, 1023.0, 1023.0, 1023.0, 1021.0, 1023.0, 1022.0, 1022.0, 1022.0, 1021.0, 1021.0, 1021.0, 1022.0, 1020.0, 1023.0, 1023.0, 1022.0, 1023.0, 1022.0, 1022.0, 1021.0, 1022.0, 1023.0, 1022.0, 1023.0, 1022.0, 1022.0, 1023.0, 1023.0, 1023.0, 1022.0, 1022.0, 1022.0, 1022.0, 1023.0, 1023.0, 1022.0, 1021.0, 1023.0, 1022.0, 1020.0, 1023.0, 1022.0, 1023.0, 1021.0, 1021.0, 1021.0, 1023.0, 1021.0, 1021.0, 1020.0, 1022.0, 1022.0, 1022.0, 1022.0, 1021.0, 1021.0, 1022.0, 1020.0, 1019.0, 1023.0, 1022.0, 1023.0, 1023.0, 1020.0, 1022.0, 1022.0, 1023.0, 1023.0, 1022.0, 1023.0, 1024.0, 1022.0, 1023.0, 1022.0, 1021.0, 1023.0, 1023.0, 1022.0]
Is bad individual winner: 0
Is good individual winner: 1
Real fitness of best good: 1024.0
Noisy fitness of best good: 1024.0
Real fitness of best bad: 1022.0
Noisy fitness of best bad: 1022.0

l: 94
Real fitness of mutation winner: 931.0
Noisy fitness of mutation winner: 931.0
Crossover offspring real fitness: [1022.0, 1022.0, 1020.0, 1022.0, 1022.0, 1021.0, 1022.0, 1022.0, 1023.0, 1023.0, 1023.0, 1023.0, 1022.0, 1023.0, 1021.0, 1023.0, 1023.0, 1023.0, 1023.0, 1022.0, 1023.0, 1022.0, 1021.0, 1023.0, 1022.0, 1019.0, 1022.0, 1023.0, 1022.0, 1023.0, 1021.0, 1022.0, 1023.0, 1022.0, 1022.0, 1021.0, 1023.0, 1023.0, 1022.0, 1022.0, 1023.0, 1023.0, 1022.0, 1023.0, 1022.0, 1020.0, 1022.0, 1022.0, 1023.0, 1022.0, 1023.0, 1021.0, 1023.0, 1022.0, 1020.0, 1023.0, 1021.0, 1022.0, 1023.0, 1023.0, 1021.0, 1022.0, 1023.0, 1023.0, 1022.0, 1021.0, 1021.0, 1023.0, 1023.0, 1021.0, 1021.0, 1022.0, 1023.0, 1022.0, 1023.0, 1021.0, 1022.0, 1022.0, 1023.0, 1023.0, 1022.0, 1023.0, 1023.0, 1021.0, 1022.0, 1022.0, 1023.0, 1021.0, 1021.0, 1021.0, 1022.0, 1023.0, 1023.0, 1023.0, 1022.0, 1022.0, 1023.0, 1023.0, 1022.0, 1021.0, 1022.0]
Crossover offspring noisy fitness: [1022.0, 1022.0, 1020.0, 1022.0, 1022.0, 1021.0, 1022.0, 1022.0, 1023.0, 1023.0, 1023.0, 1023.0, 1022.0, 1023.0, 1021.0, 1023.0, 1023.0, 1023.0, 1022.0, 1022.0, 1023.0, 1022.0, 1021.0, 1023.0, 1022.0, 1019.0, 1021.0, 1023.0, 1022.0, 1023.0, 1020.0, 1022.0, 1023.0, 1022.0, 1021.0, 1021.0, 1023.0, 1023.0, 1022.0, 1022.0, 1023.0, 1023.0, 1022.0, 1023.0, 1022.0, 1020.0, 1022.0, 1022.0, 1023.0, 1022.0, 1023.0, 1021.0, 1023.0, 1022.0, 1020.0, 1023.0, 1021.0, 1022.0, 1023.0, 1023.0, 1020.0, 1022.0, 1023.0, 1023.0, 1022.0, 1021.0, 1021.0, 1023.0, 1023.0, 1021.0, 1021.0, 1021.0, 1023.0, 1022.0, 1023.0, 1021.0, 1022.0, 1022.0, 1023.0, 1023.0, 1022.0, 1023.0, 1023.0, 1021.0, 1022.0, 1022.0, 1023.0, 1021.0, 1021.0, 1020.0, 1022.0, 1022.0, 1023.0, 1023.0, 1022.0, 1022.0, 1023.0, 1023.0, 1021.0, 1021.0, 1022.0]
Is bad individual winner: 0
Is good individual winner: 0
Real fitness of best good: 1023.0
Noisy fitness of best good: 1023.0
Real fitness of best bad: 1022.0
Noisy fitness of best bad: 1022.0

l: 84
Real fitness of mutation winner: 941.0
Noisy fitness of mutation winner: 941.0
Crossover offspring real fitness: [1019.0, 1023.0, 1023.0, 1022.0, 1020.0, 1023.0, 1023.0, 1023.0, 1023.0, 1022.0, 1021.0, 1023.0, 1023.0, 1022.0, 1023.0, 1022.0, 1023.0, 1022.0, 1021.0, 1022.0, 1023.0, 1021.0, 1022.0, 1022.0, 1022.0, 1023.0, 1022.0, 1022.0, 1021.0, 1023.0, 1023.0, 1023.0, 1022.0, 1023.0, 1022.0, 1023.0, 1023.0, 1023.0, 1023.0, 1020.0, 1021.0, 1021.0, 1023.0, 1022.0, 1022.0, 1023.0, 1022.0, 1023.0, 1023.0, 1023.0, 1022.0, 1023.0, 1022.0, 1022.0, 1022.0, 1023.0, 1023.0, 1023.0, 1023.0, 1022.0, 1022.0, 1023.0, 1022.0, 1022.0, 1022.0, 1022.0, 1021.0, 1021.0, 1023.0, 1021.0, 1022.0, 1022.0, 1021.0, 1022.0, 1023.0, 1021.0, 1023.0, 1021.0, 1022.0, 1021.0, 1023.0, 1022.0, 1022.0, 1022.0, 1022.0, 1023.0, 1021.0, 1023.0, 1021.0, 1023.0, 1023.0, 1022.0, 1023.0, 1022.0, 1023.0, 1023.0, 1021.0, 1022.0, 1023.0, 1021.0, 1022.0]
Crossover offspring noisy fitness: [1019.0, 1023.0, 1023.0, 1022.0, 1020.0, 1023.0, 1023.0, 1023.0, 1023.0, 1022.0, 1021.0, 1023.0, 1023.0, 1022.0, 1023.0, 1022.0, 1023.0, 1021.0, 1021.0, 1022.0, 1023.0, 1021.0, 1022.0, 1022.0, 1022.0, 1023.0, 1022.0, 1022.0, 1021.0, 1023.0, 1022.0, 1022.0, 1022.0, 1023.0, 1022.0, 1023.0, 1023.0, 1023.0, 1023.0, 1020.0, 1021.0, 1021.0, 1023.0, 1022.0, 1022.0, 1023.0, 1022.0, 1023.0, 1023.0, 1023.0, 1022.0, 1023.0, 1022.0, 1022.0, 1022.0, 1023.0, 1023.0, 1023.0, 1023.0, 1022.0, 1022.0, 1023.0, 1022.0, 1022.0, 1022.0, 1022.0, 1021.0, 1021.0, 1023.0, 1021.0, 1022.0, 1021.0, 1021.0, 1022.0, 1023.0, 1021.0, 1023.0, 1021.0, 1022.0, 1021.0, 1023.0, 1022.0, 1022.0, 1022.0, 1022.0, 1023.0, 1021.0, 1023.0, 1021.0, 1023.0, 1023.0, 1022.0, 1023.0, 1022.0, 1023.0, 1023.0, 1021.0, 1022.0, 1023.0, 1021.0, 1022.0]
Is bad individual winner: 0
Is good individual winner: 0
Real fitness of best good: 1023.0
Noisy fitness of best good: 1023.0
Real fitness of best bad: 1022.0
Noisy fitness of best bad: 1022.0

l: 95
Real fitness of mutation winner: 930.0
Noisy fitness of mutation winner: 930.0
Crossover offspring real fitness: [1023.0, 1023.0, 1023.0, 1022.0, 1023.0, 1023.0, 1022.0, 1022.0, 1022.0, 1022.0, 1020.0, 1021.0, 1023.0, 1022.0, 1022.0, 1022.0, 1022.0, 1021.0, 1023.0, 1023.0, 1022.0, 1022.0, 1023.0, 1023.0, 1023.0, 1023.0, 1021.0, 1022.0, 1022.0, 1021.0, 1021.0, 1021.0, 1021.0, 1022.0, 1022.0, 1022.0, 1023.0, 1023.0, 1023.0, 1022.0, 1023.0, 1021.0, 1023.0, 1023.0, 1021.0, 1023.0, 1023.0, 1023.0, 1022.0, 1020.0, 1023.0, 1023.0, 1022.0, 1022.0, 1023.0, 1023.0, 1023.0, 1021.0, 1022.0, 1021.0, 1023.0, 1020.0, 1022.0, 1023.0, 1022.0, 1022.0, 1023.0, 1022.0, 1023.0, 1022.0, 1023.0, 1021.0, 1021.0, 1023.0, 1022.0, 1023.0, 1020.0, 1022.0, 1021.0, 1022.0, 1021.0, 1023.0, 1022.0, 1023.0, 1022.0, 1021.0, 1022.0, 1022.0, 1022.0, 1022.0, 1022.0, 1023.0, 1021.0, 1022.0, 1022.0, 1023.0, 1022.0, 1023.0, 1021.0, 1023.0, 1021.0]
Crossover offspring noisy fitness: [1023.0, 1023.0, 1023.0, 1022.0, 1023.0, 1023.0, 1022.0, 1021.0, 1022.0, 1022.0, 1020.0, 1021.0, 1023.0, 1022.0, 1021.0, 1022.0, 1022.0, 1021.0, 1023.0, 1023.0, 1021.0, 1022.0, 1023.0, 1023.0, 1023.0, 1023.0, 1021.0, 1022.0, 1022.0, 1021.0, 1021.0, 1021.0, 1021.0, 1022.0, 1022.0, 1022.0, 1023.0, 1023.0, 1022.0, 1022.0, 1023.0, 1021.0, 1023.0, 1023.0, 1021.0, 1023.0, 1023.0, 1023.0, 1022.0, 1020.0, 1023.0, 1023.0, 1022.0, 1022.0, 1023.0, 1023.0, 1023.0, 1021.0, 1022.0, 1020.0, 1023.0, 1020.0, 1022.0, 1023.0, 1022.0, 1022.0, 1023.0, 1022.0, 1023.0, 1022.0, 1023.0, 1021.0, 1021.0, 1023.0, 1022.0, 1023.0, 1020.0, 1022.0, 1021.0, 1022.0, 1021.0, 1023.0, 1022.0, 1023.0, 1022.0, 1021.0, 1022.0, 1022.0, 1022.0, 1021.0, 1022.0, 1023.0, 1021.0, 1022.0, 1022.0, 1023.0, 1022.0, 1023.0, 1021.0, 1023.0, 1021.0]
Is bad individual winner: 0
Is good individual winner: 0
Real fitness of best good: 1023.0
Noisy fitness of best good: 1023.0
Real fitness of best bad: 1022.0
Noisy fitness of best bad: 1022.0

l: 86
Real fitness of mutation winner: 939.0
Noisy fitness of mutation winner: 939.0
Crossover offspring real fitness: [1022.0, 1022.0, 1022.0, 1022.0, 1023.0, 1023.0, 1023.0, 1022.0, 1022.0, 1023.0, 1022.0, 1022.0, 1023.0, 1022.0, 1023.0, 1023.0, 1023.0, 1023.0, 1023.0, 1023.0, 1023.0, 1023.0, 1021.0, 1023.0, 1023.0, 1023.0, 1023.0, 1023.0, 1023.0, 1023.0, 1021.0, 1022.0, 1023.0, 1023.0, 1023.0, 1023.0, 1022.0, 1022.0, 1022.0, 1023.0, 1023.0, 1022.0, 1023.0, 1021.0, 1022.0, 1023.0, 1022.0, 1022.0, 1023.0, 1022.0, 1021.0, 1022.0, 1022.0, 1022.0, 1022.0, 1023.0, 1023.0, 1023.0, 1022.0, 1023.0, 1022.0, 1022.0, 1023.0, 1023.0, 1023.0, 1022.0, 1022.0, 1022.0, 1023.0, 1022.0, 1022.0, 1022.0, 1021.0, 1023.0, 1023.0, 1023.0, 1023.0, 1022.0, 1022.0, 1023.0, 1022.0, 1023.0, 1022.0, 1022.0, 1023.0, 1022.0, 1023.0, 1023.0, 1021.0, 1023.0, 1023.0, 1023.0, 1023.0, 1022.0, 1022.0, 1022.0, 1022.0, 1021.0, 1021.0, 1021.0, 1022.0]
Crossover offspring noisy fitness: [1022.0, 1022.0, 1022.0, 1022.0, 1023.0, 1022.0, 1023.0, 1022.0, 1022.0, 1023.0, 1022.0, 1022.0, 1022.0, 1022.0, 1023.0, 1023.0, 1023.0, 1023.0, 1023.0, 1023.0, 1023.0, 1023.0, 1021.0, 1023.0, 1023.0, 1023.0, 1023.0, 1022.0, 1023.0, 1023.0, 1021.0, 1022.0, 1023.0, 1023.0, 1023.0, 1023.0, 1022.0, 1021.0, 1022.0, 1023.0, 1023.0, 1022.0, 1023.0, 1021.0, 1022.0, 1023.0, 1022.0, 1022.0, 1023.0, 1022.0, 1021.0, 1022.0, 1022.0, 1022.0, 1022.0, 1023.0, 1023.0, 1023.0, 1022.0, 1022.0, 1022.0, 1022.0, 1023.0, 1022.0, 1023.0, 1022.0, 1022.0, 1022.0, 1023.0, 1022.0, 1022.0, 1022.0, 1021.0, 1023.0, 1023.0, 1023.0, 1023.0, 1022.0, 1022.0, 1023.0, 1022.0, 1023.0, 1022.0, 1022.0, 1023.0, 1022.0, 1023.0, 1023.0, 1021.0, 1023.0, 1023.0, 1023.0, 1023.0, 1022.0, 1022.0, 1022.0, 1022.0, 1021.0, 1021.0, 1021.0, 1022.0]
Is bad individual winner: 0
Is good individual winner: 0
Real fitness of best good: 1023.0
Noisy fitness of best good: 1023.0
Real fitness of best bad: 1022.0
Noisy fitness of best bad: 1022.0

l: 94
Real fitness of mutation winner: 931.0
Noisy fitness of mutation winner: 931.0
Crossover offspring real fitness: [1022.0, 1022.0, 1022.0, 1020.0, 1023.0, 1023.0, 1023.0, 1022.0, 1021.0, 1023.0, 1022.0, 1021.0, 1023.0, 1021.0, 1021.0, 1022.0, 1023.0, 1022.0, 1023.0, 1022.0, 1021.0, 1023.0, 1022.0, 1022.0, 1023.0, 1023.0, 1022.0, 1023.0, 1023.0, 1023.0, 1022.0, 1022.0, 1021.0, 1022.0, 1023.0, 1021.0, 1022.0, 1024.0, 1022.0, 1022.0, 1023.0, 1021.0, 1021.0, 1023.0, 1020.0, 1022.0, 1022.0, 1022.0, 1022.0, 1019.0, 1021.0, 1021.0, 1022.0, 1023.0, 1022.0, 1021.0, 1022.0, 1023.0, 1022.0, 1023.0, 1022.0, 1023.0, 1023.0, 1023.0, 1021.0, 1022.0, 1023.0, 1021.0, 1023.0, 1022.0, 1021.0, 1022.0, 1021.0, 1022.0, 1023.0, 1022.0, 1021.0, 1022.0, 1021.0, 1023.0, 1023.0, 1023.0, 1023.0, 1020.0, 1020.0, 1022.0, 1021.0, 1023.0, 1023.0, 1023.0, 1023.0, 1023.0, 1020.0, 1021.0, 1020.0, 1023.0, 1022.0, 1024.0, 1022.0, 1023.0, 1023.0]
Crossover offspring noisy fitness: [1022.0, 1022.0, 1022.0, 1020.0, 1023.0, 1023.0, 1023.0, 1022.0, 1021.0, 1023.0, 1022.0, 1021.0, 1023.0, 1021.0, 1021.0, 1022.0, 1023.0, 1022.0, 1023.0, 1022.0, 1021.0, 1022.0, 1022.0, 1022.0, 1023.0, 1023.0, 1022.0, 1023.0, 1023.0, 1023.0, 1022.0, 1022.0, 1021.0, 1022.0, 1023.0, 1021.0, 1022.0, 1024.0, 1022.0, 1022.0, 1023.0, 1021.0, 1021.0, 1023.0, 1020.0, 1022.0, 1022.0, 1022.0, 1022.0, 1019.0, 1021.0, 1021.0, 1022.0, 1023.0, 1022.0, 1021.0, 1022.0, 1023.0, 1022.0, 1023.0, 1022.0, 1023.0, 1023.0, 1023.0, 1021.0, 1022.0, 1022.0, 1021.0, 1023.0, 1022.0, 1021.0, 1022.0, 1021.0, 1022.0, 1023.0, 1021.0, 1021.0, 1022.0, 1021.0, 1023.0, 1023.0, 1023.0, 1023.0, 1020.0, 1020.0, 1022.0, 1021.0, 1023.0, 1023.0, 1023.0, 1022.0, 1023.0, 1020.0, 1021.0, 1020.0, 1023.0, 1022.0, 1023.0, 1022.0, 1023.0, 1023.0]
Is bad individual winner: 0
Is good individual winner: 1
Real fitness of best good: 1024.0
Noisy fitness of best good: 1024.0
Real fitness of best bad: 1022.0
Noisy fitness of best bad: 1022.0

l: 105
Real fitness of mutation winner: 920.0
Noisy fitness of mutation winner: 920.0
Crossover offspring real fitness: [1023.0, 1022.0, 1021.0, 1023.0, 1022.0, 1021.0, 1022.0, 1020.0, 1022.0, 1022.0, 1022.0, 1020.0, 1023.0, 1023.0, 1021.0, 1023.0, 1023.0, 1022.0, 1023.0, 1023.0, 1023.0, 1023.0, 1022.0, 1022.0, 1023.0, 1023.0, 1022.0, 1021.0, 1023.0, 1022.0, 1021.0, 1022.0, 1023.0, 1023.0, 1019.0, 1023.0, 1023.0, 1021.0, 1022.0, 1023.0, 1021.0, 1019.0, 1023.0, 1023.0, 1022.0, 1021.0, 1020.0, 1019.0, 1022.0, 1023.0, 1022.0, 1023.0, 1023.0, 1023.0, 1023.0, 1021.0, 1023.0, 1020.0, 1022.0, 1022.0, 1023.0, 1023.0, 1023.0, 1022.0, 1023.0, 1021.0, 1022.0, 1022.0, 1020.0, 1022.0, 1023.0, 1018.0, 1023.0, 1020.0, 1023.0, 1023.0, 1021.0, 1021.0, 1023.0, 1022.0, 1021.0, 1023.0, 1020.0, 1021.0, 1023.0, 1021.0, 1021.0, 1022.0, 1023.0, 1021.0, 1023.0, 1022.0, 1023.0, 1023.0, 1023.0, 1023.0, 1023.0, 1023.0, 1022.0, 1021.0, 1021.0]
Crossover offspring noisy fitness: [1023.0, 1022.0, 1021.0, 1023.0, 1022.0, 1021.0, 1022.0, 1020.0, 1022.0, 1022.0, 1022.0, 1020.0, 1023.0, 1022.0, 1021.0, 1023.0, 1023.0, 1022.0, 1023.0, 1023.0, 1023.0, 1023.0, 1022.0, 1022.0, 1023.0, 1023.0, 1022.0, 1020.0, 1023.0, 1022.0, 1021.0, 1022.0, 1023.0, 1023.0, 1019.0, 1023.0, 1023.0, 1021.0, 1022.0, 1023.0, 1021.0, 1019.0, 1023.0, 1023.0, 1022.0, 1021.0, 1020.0, 1019.0, 1022.0, 1023.0, 1022.0, 1023.0, 1023.0, 1022.0, 1023.0, 1021.0, 1023.0, 1020.0, 1022.0, 1022.0, 1023.0, 1023.0, 1023.0, 1022.0, 1023.0, 1021.0, 1022.0, 1022.0, 1020.0, 1022.0, 1022.0, 1018.0, 1023.0, 1019.0, 1023.0, 1023.0, 1021.0, 1021.0, 1023.0, 1022.0, 1021.0, 1023.0, 1020.0, 1021.0, 1023.0, 1021.0, 1021.0, 1022.0, 1023.0, 1020.0, 1023.0, 1022.0, 1023.0, 1023.0, 1023.0, 1023.0, 1023.0, 1023.0, 1022.0, 1021.0, 1021.0]
Is bad individual winner: 0
Is good individual winner: 0
Real fitness of best good: 1023.0
Noisy fitness of best good: 1023.0
Real fitness of best bad: 1022.0
Noisy fitness of best bad: 1022.0

l: 112
Real fitness of mutation winner: 913.0
Noisy fitness of mutation winner: 913.0
Crossover offspring real fitness: [1022.0, 1021.0, 1023.0, 1021.0, 1021.0, 1022.0, 1021.0, 1022.0, 1020.0, 1022.0, 1020.0, 1020.0, 1021.0, 1023.0, 1021.0, 1020.0, 1023.0, 1020.0, 1021.0, 1023.0, 1022.0, 1021.0, 1023.0, 1022.0, 1022.0, 1023.0, 1022.0, 1021.0, 1022.0, 1020.0, 1023.0, 1022.0, 1023.0, 1023.0, 1023.0, 1021.0, 1022.0, 1022.0, 1022.0, 1023.0, 1022.0, 1022.0, 1022.0, 1021.0, 1022.0, 1023.0, 1021.0, 1021.0, 1021.0, 1022.0, 1022.0, 1022.0, 1020.0, 1022.0, 1022.0, 1022.0, 1021.0, 1022.0, 1023.0, 1022.0, 1022.0, 1022.0, 1022.0, 1021.0, 1022.0, 1022.0, 1023.0, 1022.0, 1019.0, 1022.0, 1022.0, 1022.0, 1023.0, 1022.0, 1023.0, 1021.0, 1021.0, 1022.0, 1020.0, 1023.0, 1022.0, 1021.0, 1023.0, 1022.0, 1023.0, 1022.0, 1021.0, 1023.0, 1022.0, 1021.0, 1020.0, 1023.0, 1023.0, 1023.0, 1018.0, 1020.0, 1022.0, 1023.0, 1023.0, 1023.0, 1023.0]
Crossover offspring noisy fitness: [1022.0, 1020.0, 1023.0, 1021.0, 1021.0, 1022.0, 1021.0, 1022.0, 1019.0, 1022.0, 1020.0, 1020.0, 1021.0, 1023.0, 1021.0, 1020.0, 1023.0, 1019.0, 1021.0, 1023.0, 1022.0, 1021.0, 1023.0, 1022.0, 1022.0, 1023.0, 1022.0, 1021.0, 1022.0, 1020.0, 1023.0, 1022.0, 1023.0, 1022.0, 1023.0, 1021.0, 1022.0, 1022.0, 1022.0, 1023.0, 1022.0, 1022.0, 1021.0, 1020.0, 1022.0, 1023.0, 1021.0, 1021.0, 1021.0, 1022.0, 1022.0, 1022.0, 1020.0, 1022.0, 1022.0, 1022.0, 1021.0, 1022.0, 1022.0, 1022.0, 1022.0, 1022.0, 1021.0, 1021.0, 1022.0, 1022.0, 1023.0, 1022.0, 1019.0, 1022.0, 1021.0, 1022.0, 1023.0, 1022.0, 1023.0, 1021.0, 1021.0, 1021.0, 1020.0, 1023.0, 1022.0, 1021.0, 1023.0, 1022.0, 1023.0, 1022.0, 1021.0, 1023.0, 1022.0, 1021.0, 1020.0, 1023.0, 1022.0, 1023.0, 1018.0, 1020.0, 1022.0, 1023.0, 1023.0, 1023.0, 1023.0]
Is bad individual winner: 0
Is good individual winner: 0
Real fitness of best good: 1023.0
Noisy fitness of best good: 1023.0
Real fitness of best bad: 1022.0
Noisy fitness of best bad: 1022.0

l: 90
Real fitness of mutation winner: 935.0
Noisy fitness of mutation winner: 935.0
Crossover offspring real fitness: [1021.0, 1022.0, 1021.0, 1023.0, 1022.0, 1023.0, 1023.0, 1022.0, 1022.0, 1021.0, 1023.0, 1022.0, 1022.0, 1023.0, 1023.0, 1022.0, 1023.0, 1023.0, 1019.0, 1022.0, 1023.0, 1023.0, 1022.0, 1023.0, 1023.0, 1022.0, 1023.0, 1022.0, 1022.0, 1023.0, 1018.0, 1022.0, 1022.0, 1021.0, 1022.0, 1022.0, 1022.0, 1022.0, 1023.0, 1022.0, 1023.0, 1021.0, 1022.0, 1023.0, 1022.0, 1023.0, 1022.0, 1022.0, 1023.0, 1020.0, 1022.0, 1023.0, 1023.0, 1023.0, 1017.0, 1021.0, 1021.0, 1023.0, 1022.0, 1021.0, 1022.0, 1022.0, 1022.0, 1023.0, 1021.0, 1022.0, 1023.0, 1022.0, 1023.0, 1023.0, 1021.0, 1023.0, 1023.0, 1023.0, 1022.0, 1021.0, 1023.0, 1023.0, 1022.0, 1021.0, 1022.0, 1022.0, 1023.0, 1023.0, 1023.0, 1021.0, 1022.0, 1020.0, 1022.0, 1023.0, 1021.0, 1022.0, 1023.0, 1022.0, 1022.0, 1023.0, 1022.0, 1022.0, 1021.0, 1023.0, 1023.0]
Crossover offspring noisy fitness: [1021.0, 1022.0, 1021.0, 1023.0, 1022.0, 1023.0, 1023.0, 1022.0, 1022.0, 1021.0, 1023.0, 1022.0, 1022.0, 1023.0, 1023.0, 1022.0, 1023.0, 1023.0, 1019.0, 1022.0, 1023.0, 1023.0, 1022.0, 1023.0, 1023.0, 1022.0, 1023.0, 1022.0, 1022.0, 1023.0, 1018.0, 1022.0, 1021.0, 1021.0, 1022.0, 1022.0, 1022.0, 1022.0, 1023.0, 1022.0, 1023.0, 1021.0, 1022.0, 1023.0, 1022.0, 1023.0, 1022.0, 1022.0, 1023.0, 1020.0, 1022.0, 1023.0, 1023.0, 1023.0, 1017.0, 1021.0, 1021.0, 1023.0, 1022.0, 1021.0, 1022.0, 1022.0, 1022.0, 1023.0, 1021.0, 1022.0, 1023.0, 1022.0, 1023.0, 1023.0, 1021.0, 1023.0, 1023.0, 1023.0, 1021.0, 1021.0, 1023.0, 1023.0, 1022.0, 1021.0, 1022.0, 1022.0, 1023.0, 1023.0, 1023.0, 1021.0, 1022.0, 1020.0, 1021.0, 1023.0, 1021.0, 1022.0, 1023.0, 1022.0, 1022.0, 1023.0, 1022.0, 1022.0, 1021.0, 1023.0, 1023.0]
Is bad individual winner: 0
Is good individual winner: 0
Real fitness of best good: 1023.0
Noisy fitness of best good: 1023.0
Real fitness of best bad: 1022.0
Noisy fitness of best bad: 1022.0

l: 102
Real fitness of mutation winner: 923.0
Noisy fitness of mutation winner: 923.0
Crossover offspring real fitness: [1020.0, 1023.0, 1021.0, 1021.0, 1021.0, 1023.0, 1023.0, 1022.0, 1023.0, 1022.0, 1019.0, 1022.0, 1021.0, 1022.0, 1022.0, 1023.0, 1022.0, 1022.0, 1019.0, 1022.0, 1023.0, 1022.0, 1022.0, 1020.0, 1023.0, 1021.0, 1021.0, 1022.0, 1022.0, 1023.0, 1022.0, 1022.0, 1023.0, 1021.0, 1022.0, 1023.0, 1022.0, 1022.0, 1020.0, 1023.0, 1023.0, 1022.0, 1020.0, 1023.0, 1022.0, 1022.0, 1022.0, 1021.0, 1023.0, 1022.0, 1020.0, 1020.0, 1022.0, 1023.0, 1021.0, 1023.0, 1020.0, 1021.0, 1022.0, 1023.0, 1021.0, 1022.0, 1022.0, 1022.0, 1020.0, 1023.0, 1023.0, 1022.0, 1022.0, 1022.0, 1019.0, 1023.0, 1023.0, 1021.0, 1021.0, 1022.0, 1022.0, 1022.0, 1023.0, 1022.0, 1021.0, 1023.0, 1022.0, 1023.0, 1022.0, 1022.0, 1022.0, 1020.0, 1022.0, 1022.0, 1022.0, 1021.0, 1022.0, 1022.0, 1022.0, 1022.0, 1022.0, 1021.0, 1023.0, 1020.0, 1023.0]
Crossover offspring noisy fitness: [1020.0, 1023.0, 1021.0, 1021.0, 1020.0, 1023.0, 1023.0, 1022.0, 1023.0, 1022.0, 1018.0, 1022.0, 1021.0, 1022.0, 1022.0, 1023.0, 1022.0, 1022.0, 1019.0, 1022.0, 1023.0, 1022.0, 1022.0, 1019.0, 1023.0, 1021.0, 1021.0, 1022.0, 1022.0, 1023.0, 1022.0, 1021.0, 1022.0, 1021.0, 1022.0, 1023.0, 1022.0, 1022.0, 1020.0, 1023.0, 1023.0, 1022.0, 1020.0, 1023.0, 1022.0, 1022.0, 1022.0, 1021.0, 1023.0, 1022.0, 1020.0, 1020.0, 1022.0, 1023.0, 1021.0, 1023.0, 1020.0, 1021.0, 1022.0, 1023.0, 1021.0, 1022.0, 1022.0, 1022.0, 1020.0, 1022.0, 1023.0, 1022.0, 1022.0, 1022.0, 1019.0, 1022.0, 1023.0, 1021.0, 1021.0, 1022.0, 1022.0, 1022.0, 1023.0, 1022.0, 1021.0, 1023.0, 1022.0, 1023.0, 1022.0, 1022.0, 1022.0, 1020.0, 1022.0, 1022.0, 1022.0, 1021.0, 1022.0, 1022.0, 1022.0, 1021.0, 1022.0, 1021.0, 1023.0, 1020.0, 1023.0]
Is bad individual winner: 0
Is good individual winner: 0
Real fitness of best good: 1023.0
Noisy fitness of best good: 1023.0
Real fitness of best bad: 1022.0
Noisy fitness of best bad: 1022.0

l: 88
Real fitness of mutation winner: 937.0
Noisy fitness of mutation winner: 937.0
Crossover offspring real fitness: [1023.0, 1022.0, 1023.0, 1022.0, 1023.0, 1023.0, 1023.0, 1022.0, 1022.0, 1023.0, 1022.0, 1023.0, 1023.0, 1022.0, 1023.0, 1023.0, 1019.0, 1023.0, 1022.0, 1023.0, 1023.0, 1023.0, 1022.0, 1023.0, 1022.0, 1023.0, 1020.0, 1023.0, 1021.0, 1023.0, 1022.0, 1022.0, 1023.0, 1023.0, 1021.0, 1023.0, 1022.0, 1020.0, 1021.0, 1022.0, 1023.0, 1021.0, 1023.0, 1022.0, 1024.0, 1023.0, 1023.0, 1023.0, 1022.0, 1023.0, 1021.0, 1023.0, 1022.0, 1022.0, 1023.0, 1023.0, 1023.0, 1023.0, 1022.0, 1022.0, 1022.0, 1023.0, 1023.0, 1021.0, 1022.0, 1022.0, 1021.0, 1021.0, 1023.0, 1020.0, 1023.0, 1021.0, 1023.0, 1023.0, 1023.0, 1022.0, 1022.0, 1022.0, 1021.0, 1022.0, 1023.0, 1022.0, 1023.0, 1023.0, 1023.0, 1022.0, 1022.0, 1022.0, 1022.0, 1023.0, 1021.0, 1023.0, 1021.0, 1021.0, 1023.0, 1021.0, 1023.0, 1023.0, 1023.0, 1023.0, 1023.0]
Crossover offspring noisy fitness: [1023.0, 1022.0, 1023.0, 1022.0, 1023.0, 1023.0, 1023.0, 1022.0, 1022.0, 1023.0, 1022.0, 1023.0, 1023.0, 1022.0, 1023.0, 1023.0, 1019.0, 1023.0, 1022.0, 1023.0, 1023.0, 1023.0, 1021.0, 1023.0, 1022.0, 1023.0, 1020.0, 1023.0, 1021.0, 1023.0, 1022.0, 1022.0, 1023.0, 1023.0, 1021.0, 1023.0, 1022.0, 1020.0, 1021.0, 1022.0, 1023.0, 1021.0, 1023.0, 1022.0, 1024.0, 1023.0, 1023.0, 1022.0, 1022.0, 1023.0, 1021.0, 1023.0, 1022.0, 1021.0, 1023.0, 1023.0, 1023.0, 1023.0, 1022.0, 1022.0, 1022.0, 1022.0, 1023.0, 1021.0, 1022.0, 1022.0, 1021.0, 1021.0, 1023.0, 1020.0, 1023.0, 1021.0, 1023.0, 1023.0, 1023.0, 1022.0, 1022.0, 1022.0, 1021.0, 1022.0, 1023.0, 1022.0, 1023.0, 1023.0, 1023.0, 1022.0, 1022.0, 1021.0, 1022.0, 1023.0, 1021.0, 1023.0, 1021.0, 1021.0, 1023.0, 1021.0, 1022.0, 1023.0, 1023.0, 1023.0, 1023.0]
Is bad individual winner: 0
Is good individual winner: 1
Real fitness of best good: 1024.0
Noisy fitness of best good: 1024.0
Real fitness of best bad: 1022.0
Noisy fitness of best bad: 1022.0

l: 93
Real fitness of mutation winner: 932.0
Noisy fitness of mutation winner: 932.0
Crossover offspring real fitness: [1019.0, 1023.0, 1023.0, 1023.0, 1022.0, 1023.0, 1022.0, 1023.0, 1022.0, 1022.0, 1022.0, 1022.0, 1021.0, 1022.0, 1022.0, 1023.0, 1022.0, 1023.0, 1021.0, 1023.0, 1022.0, 1022.0, 1022.0, 1021.0, 1023.0, 1019.0, 1023.0, 1022.0, 1022.0, 1023.0, 1023.0, 1022.0, 1022.0, 1022.0, 1023.0, 1022.0, 1021.0, 1023.0, 1019.0, 1022.0, 1023.0, 1022.0, 1021.0, 1022.0, 1023.0, 1023.0, 1023.0, 1023.0, 1023.0, 1021.0, 1023.0, 1020.0, 1021.0, 1023.0, 1023.0, 1022.0, 1023.0, 1022.0, 1022.0, 1022.0, 1023.0, 1022.0, 1023.0, 1023.0, 1023.0, 1022.0, 1023.0, 1023.0, 1022.0, 1022.0, 1021.0, 1023.0, 1023.0, 1021.0, 1020.0, 1021.0, 1023.0, 1022.0, 1021.0, 1022.0, 1021.0, 1023.0, 1023.0, 1022.0, 1023.0, 1022.0, 1023.0, 1023.0, 1022.0, 1021.0, 1021.0, 1023.0, 1023.0, 1021.0, 1023.0, 1022.0, 1021.0, 1022.0, 1021.0, 1022.0, 1023.0]
Crossover offspring noisy fitness: [1019.0, 1022.0, 1023.0, 1023.0, 1022.0, 1022.0, 1022.0, 1023.0, 1022.0, 1022.0, 1022.0, 1021.0, 1021.0, 1022.0, 1022.0, 1023.0, 1021.0, 1023.0, 1021.0, 1023.0, 1022.0, 1022.0, 1022.0, 1021.0, 1023.0, 1019.0, 1023.0, 1022.0, 1022.0, 1023.0, 1022.0, 1022.0, 1022.0, 1022.0, 1023.0, 1022.0, 1021.0, 1023.0, 1018.0, 1022.0, 1023.0, 1022.0, 1021.0, 1022.0, 1023.0, 1023.0, 1023.0, 1023.0, 1023.0, 1020.0, 1023.0, 1020.0, 1021.0, 1023.0, 1023.0, 1022.0, 1023.0, 1021.0, 1022.0, 1022.0, 1023.0, 1022.0, 1023.0, 1023.0, 1023.0, 1022.0, 1023.0, 1023.0, 1022.0, 1022.0, 1021.0, 1023.0, 1023.0, 1021.0, 1020.0, 1021.0, 1023.0, 1022.0, 1021.0, 1022.0, 1020.0, 1023.0, 1023.0, 1022.0, 1023.0, 1022.0, 1023.0, 1023.0, 1022.0, 1021.0, 1021.0, 1023.0, 1023.0, 1021.0, 1023.0, 1022.0, 1021.0, 1022.0, 1021.0, 1022.0, 1023.0]
Is bad individual winner: 0
Is good individual winner: 0
Real fitness of best good: 1023.0
Noisy fitness of best good: 1023.0
Real fitness of best bad: 1022.0
Noisy fitness of best bad: 1022.0

l: 114
Real fitness of mutation winner: 911.0
Noisy fitness of mutation winner: 911.0
Crossover offspring real fitness: [1022.0, 1023.0, 1022.0, 1023.0, 1023.0, 1020.0, 1022.0, 1022.0, 1019.0, 1021.0, 1022.0, 1021.0, 1022.0, 1022.0, 1023.0, 1021.0, 1023.0, 1022.0, 1020.0, 1023.0, 1022.0, 1023.0, 1023.0, 1021.0, 1020.0, 1023.0, 1022.0, 1023.0, 1022.0, 1021.0, 1022.0, 1023.0, 1023.0, 1023.0, 1023.0, 1021.0, 1022.0, 1022.0, 1022.0, 1022.0, 1022.0, 1022.0, 1022.0, 1023.0, 1022.0, 1022.0, 1019.0, 1023.0, 1021.0, 1022.0, 1022.0, 1023.0, 1023.0, 1021.0, 1022.0, 1022.0, 1023.0, 1021.0, 1021.0, 1021.0, 1023.0, 1023.0, 1023.0, 1019.0, 1020.0, 1021.0, 1021.0, 1022.0, 1022.0, 1023.0, 1023.0, 1023.0, 1018.0, 1023.0, 1023.0, 1020.0, 1023.0, 1022.0, 1023.0, 1021.0, 1023.0, 1022.0, 1023.0, 1021.0, 1023.0, 1023.0, 1022.0, 1022.0, 1022.0, 1022.0, 1022.0, 1022.0, 1022.0, 1023.0, 1023.0, 1021.0, 1023.0, 1022.0, 1022.0, 1021.0, 1023.0]
Crossover offspring noisy fitness: [1022.0, 1023.0, 1021.0, 1023.0, 1023.0, 1020.0, 1022.0, 1022.0, 1019.0, 1021.0, 1022.0, 1021.0, 1022.0, 1022.0, 1023.0, 1021.0, 1023.0, 1022.0, 1020.0, 1023.0, 1022.0, 1023.0, 1023.0, 1021.0, 1020.0, 1023.0, 1022.0, 1023.0, 1022.0, 1021.0, 1022.0, 1023.0, 1023.0, 1023.0, 1023.0, 1021.0, 1022.0, 1022.0, 1022.0, 1022.0, 1022.0, 1022.0, 1022.0, 1023.0, 1022.0, 1022.0, 1018.0, 1023.0, 1021.0, 1022.0, 1022.0, 1023.0, 1023.0, 1021.0, 1022.0, 1022.0, 1023.0, 1021.0, 1021.0, 1021.0, 1023.0, 1023.0, 1023.0, 1019.0, 1020.0, 1021.0, 1021.0, 1022.0, 1022.0, 1023.0, 1023.0, 1023.0, 1018.0, 1023.0, 1023.0, 1020.0, 1023.0, 1022.0, 1023.0, 1021.0, 1023.0, 1022.0, 1023.0, 1021.0, 1023.0, 1023.0, 1022.0, 1022.0, 1022.0, 1022.0, 1022.0, 1022.0, 1022.0, 1023.0, 1023.0, 1021.0, 1023.0, 1022.0, 1022.0, 1021.0, 1023.0]
Is bad individual winner: 0
Is good individual winner: 0
Real fitness of best good: 1023.0
Noisy fitness of best good: 1023.0
Real fitness of best bad: 1022.0
Noisy fitness of best bad: 1022.0

l: 118
Real fitness of mutation winner: 907.0
Noisy fitness of mutation winner: 907.0
Crossover offspring real fitness: [1020.0, 1022.0, 1023.0, 1022.0, 1020.0, 1022.0, 1021.0, 1023.0, 1023.0, 1022.0, 1022.0, 1021.0, 1022.0, 1020.0, 1022.0, 1022.0, 1023.0, 1023.0, 1021.0, 1022.0, 1019.0, 1021.0, 1021.0, 1023.0, 1022.0, 1023.0, 1022.0, 1021.0, 1022.0, 1022.0, 1020.0, 1022.0, 1023.0, 1021.0, 1023.0, 1021.0, 1023.0, 1023.0, 1021.0, 1021.0, 1023.0, 1021.0, 1022.0, 1018.0, 1022.0, 1021.0, 1023.0, 1022.0, 1022.0, 1023.0, 1022.0, 1021.0, 1023.0, 1022.0, 1022.0, 1022.0, 1022.0, 1021.0, 1021.0, 1023.0, 1021.0, 1021.0, 1023.0, 1021.0, 1019.0, 1021.0, 1022.0, 1021.0, 1020.0, 1022.0, 1021.0, 1021.0, 1022.0, 1020.0, 1023.0, 1023.0, 1018.0, 1022.0, 1023.0, 1022.0, 1023.0, 1022.0, 1023.0, 1022.0, 1022.0, 1021.0, 1023.0, 1023.0, 1022.0, 1021.0, 1023.0, 1023.0, 1022.0, 1022.0, 1021.0, 1020.0, 1023.0, 1021.0, 1022.0, 1022.0, 1022.0]
Crossover offspring noisy fitness: [1020.0, 1022.0, 1023.0, 1022.0, 1020.0, 1022.0, 1020.0, 1023.0, 1023.0, 1022.0, 1022.0, 1021.0, 1022.0, 1020.0, 1022.0, 1022.0, 1023.0, 1023.0, 1021.0, 1022.0, 1019.0, 1021.0, 1021.0, 1023.0, 1022.0, 1023.0, 1022.0, 1021.0, 1022.0, 1022.0, 1020.0, 1022.0, 1023.0, 1021.0, 1023.0, 1021.0, 1023.0, 1023.0, 1021.0, 1021.0, 1023.0, 1021.0, 1022.0, 1018.0, 1022.0, 1021.0, 1023.0, 1022.0, 1022.0, 1023.0, 1022.0, 1021.0, 1023.0, 1022.0, 1022.0, 1022.0, 1022.0, 1021.0, 1021.0, 1023.0, 1021.0, 1021.0, 1023.0, 1021.0, 1019.0, 1021.0, 1022.0, 1021.0, 1020.0, 1022.0, 1020.0, 1021.0, 1022.0, 1020.0, 1023.0, 1023.0, 1018.0, 1022.0, 1023.0, 1022.0, 1023.0, 1022.0, 1023.0, 1022.0, 1022.0, 1021.0, 1023.0, 1023.0, 1022.0, 1020.0, 1023.0, 1023.0, 1022.0, 1022.0, 1021.0, 1020.0, 1023.0, 1021.0, 1021.0, 1022.0, 1022.0]
Is bad individual winner: 0
Is good individual winner: 0
Real fitness of best good: 1023.0
Noisy fitness of best good: 1023.0
Real fitness of best bad: 1022.0
Noisy fitness of best bad: 1022.0

l: 72
Real fitness of mutation winner: 953.0
Noisy fitness of mutation winner: 953.0
Crossover offspring real fitness: [1023.0, 1022.0, 1022.0, 1021.0, 1023.0, 1023.0, 1023.0, 1023.0, 1023.0, 1018.0, 1022.0, 1022.0, 1023.0, 1023.0, 1021.0, 1021.0, 1023.0, 1022.0, 1022.0, 1022.0, 1023.0, 1023.0, 1023.0, 1021.0, 1022.0, 1020.0, 1021.0, 1022.0, 1021.0, 1023.0, 1022.0, 1023.0, 1022.0, 1023.0, 1022.0, 1022.0, 1023.0, 1023.0, 1023.0, 1021.0, 1023.0, 1021.0, 1022.0, 1023.0, 1022.0, 1022.0, 1020.0, 1023.0, 1023.0, 1021.0, 1022.0, 1023.0, 1022.0, 1021.0, 1021.0, 1022.0, 1023.0, 1021.0, 1021.0, 1023.0, 1022.0, 1023.0, 1020.0, 1023.0, 1022.0, 1022.0, 1021.0, 1021.0, 1023.0, 1022.0, 1023.0, 1023.0, 1022.0, 1023.0, 1023.0, 1022.0, 1022.0, 1022.0, 1021.0, 1023.0, 1022.0, 1023.0, 1022.0, 1023.0, 1023.0, 1023.0, 1023.0, 1023.0, 1023.0, 1022.0, 1023.0, 1023.0, 1023.0, 1022.0, 1023.0, 1023.0, 1022.0, 1022.0, 1023.0, 1023.0, 1022.0]
Crossover offspring noisy fitness: [1023.0, 1022.0, 1022.0, 1021.0, 1023.0, 1023.0, 1023.0, 1023.0, 1023.0, 1018.0, 1022.0, 1022.0, 1023.0, 1023.0, 1021.0, 1021.0, 1023.0, 1022.0, 1022.0, 1022.0, 1023.0, 1023.0, 1023.0, 1021.0, 1022.0, 1020.0, 1021.0, 1022.0, 1021.0, 1023.0, 1022.0, 1023.0, 1022.0, 1023.0, 1022.0, 1022.0, 1023.0, 1023.0, 1023.0, 1021.0, 1023.0, 1021.0, 1022.0, 1021.0, 1022.0, 1022.0, 1020.0, 1023.0, 1023.0, 1021.0, 1022.0, 1023.0, 1022.0, 1021.0, 1021.0, 1022.0, 1021.0, 1021.0, 1021.0, 1023.0, 1022.0, 1023.0, 1020.0, 1023.0, 1022.0, 1022.0, 1021.0, 1021.0, 1023.0, 1022.0, 1023.0, 1023.0, 1022.0, 1023.0, 1023.0, 1022.0, 1022.0, 1022.0, 1021.0, 1023.0, 1022.0, 1023.0, 1022.0, 1023.0, 1023.0, 1023.0, 1023.0, 1023.0, 1023.0, 1022.0, 1023.0, 1023.0, 1023.0, 1022.0, 1023.0, 1023.0, 1022.0, 1022.0, 1022.0, 1022.0, 1022.0]
Is bad individual winner: 0
Is good individual winner: 0
Real fitness of best good: 1023.0
Noisy fitness of best good: 1023.0
Real fitness of best bad: 1022.0
Noisy fitness of best bad: 1022.0

l: 104
Real fitness of mutation winner: 921.0
Noisy fitness of mutation winner: 921.0
Crossover offspring real fitness: [1022.0, 1018.0, 1022.0, 1021.0, 1022.0, 1021.0, 1022.0, 1021.0, 1023.0, 1021.0, 1023.0, 1022.0, 1023.0, 1022.0, 1023.0, 1021.0, 1022.0, 1021.0, 1021.0, 1022.0, 1017.0, 1021.0, 1019.0, 1023.0, 1020.0, 1022.0, 1022.0, 1022.0, 1023.0, 1023.0, 1022.0, 1023.0, 1019.0, 1022.0, 1022.0, 1023.0, 1022.0, 1023.0, 1022.0, 1023.0, 1023.0, 1023.0, 1021.0, 1022.0, 1022.0, 1023.0, 1020.0, 1023.0, 1022.0, 1021.0, 1023.0, 1023.0, 1022.0, 1022.0, 1022.0, 1022.0, 1020.0, 1022.0, 1022.0, 1023.0, 1021.0, 1022.0, 1021.0, 1022.0, 1023.0, 1022.0, 1022.0, 1019.0, 1022.0, 1022.0, 1023.0, 1020.0, 1022.0, 1022.0, 1022.0, 1023.0, 1021.0, 1023.0, 1024.0, 1024.0, 1022.0, 1023.0, 1021.0, 1022.0, 1023.0, 1022.0, 1022.0, 1020.0, 1019.0, 1021.0, 1020.0, 1022.0, 1022.0, 1023.0, 1023.0, 1022.0, 1023.0, 1022.0, 1021.0, 1023.0, 1022.0]
Crossover offspring noisy fitness: [1022.0, 1018.0, 1022.0, 1021.0, 1022.0, 1021.0, 1022.0, 1021.0, 1023.0, 1021.0, 1023.0, 1022.0, 1023.0, 1022.0, 1023.0, 1021.0, 1021.0, 1021.0, 1021.0, 1022.0, 1017.0, 1021.0, 1019.0, 1023.0, 1020.0, 1022.0, 1022.0, 1022.0, 1023.0, 1023.0, 1022.0, 1023.0, 1019.0, 1022.0, 1022.0, 1023.0, 1022.0, 1023.0, 1022.0, 1023.0, 1023.0, 1023.0, 1021.0, 1022.0, 1022.0, 1023.0, 1020.0, 1023.0, 1022.0, 1021.0, 1023.0, 1023.0, 1022.0, 1022.0, 1022.0, 1022.0, 1020.0, 1022.0, 1022.0, 1023.0, 1021.0, 1022.0, 1021.0, 1022.0, 1023.0, 1022.0, 1022.0, 1019.0, 1022.0, 1022.0, 1022.0, 1020.0, 1022.0, 1022.0, 1022.0, 1023.0, 1021.0, 1023.0, 1024.0, 1024.0, 1022.0, 1023.0, 1021.0, 1022.0, 1023.0, 1022.0, 1022.0, 1019.0, 1019.0, 1021.0, 1020.0, 1022.0, 1022.0, 1023.0, 1023.0, 1022.0, 1023.0, 1022.0, 1021.0, 1023.0, 1022.0]
Is bad individual winner: 0
Is good individual winner: 1
Real fitness of best good: 1024.0
Noisy fitness of best good: 1024.0
Real fitness of best bad: 1022.0
Noisy fitness of best bad: 1022.0

l: 109
Real fitness of mutation winner: 916.0
Noisy fitness of mutation winner: 916.0
Crossover offspring real fitness: [1019.0, 1020.0, 1021.0, 1022.0, 1022.0, 1022.0, 1022.0, 1022.0, 1023.0, 1023.0, 1021.0, 1022.0, 1021.0, 1023.0, 1023.0, 1022.0, 1023.0, 1022.0, 1021.0, 1022.0, 1023.0, 1022.0, 1022.0, 1022.0, 1022.0, 1022.0, 1022.0, 1023.0, 1023.0, 1022.0, 1023.0, 1023.0, 1023.0, 1022.0, 1021.0, 1023.0, 1023.0, 1023.0, 1021.0, 1020.0, 1022.0, 1019.0, 1019.0, 1023.0, 1022.0, 1022.0, 1022.0, 1020.0, 1022.0, 1023.0, 1022.0, 1021.0, 1022.0, 1023.0, 1022.0, 1023.0, 1019.0, 1022.0, 1021.0, 1021.0, 1023.0, 1023.0, 1022.0, 1023.0, 1021.0, 1022.0, 1022.0, 1022.0, 1022.0, 1023.0, 1022.0, 1023.0, 1022.0, 1018.0, 1021.0, 1021.0, 1022.0, 1022.0, 1023.0, 1023.0, 1021.0, 1021.0, 1022.0, 1022.0, 1023.0, 1022.0, 1021.0, 1022.0, 1022.0, 1021.0, 1022.0, 1022.0, 1023.0, 1021.0, 1021.0, 1022.0, 1021.0, 1021.0, 1023.0, 1021.0, 1023.0]
Crossover offspring noisy fitness: [1019.0, 1020.0, 1021.0, 1022.0, 1022.0, 1022.0, 1022.0, 1022.0, 1023.0, 1023.0, 1021.0, 1022.0, 1021.0, 1023.0, 1023.0, 1022.0, 1023.0, 1022.0, 1021.0, 1022.0, 1023.0, 1022.0, 1022.0, 1022.0, 1022.0, 1022.0, 1022.0, 1023.0, 1023.0, 1022.0, 1023.0, 1023.0, 1023.0, 1022.0, 1021.0, 1023.0, 1023.0, 1023.0, 1021.0, 1020.0, 1022.0, 1019.0, 1019.0, 1023.0, 1022.0, 1022.0, 1022.0, 1020.0, 1022.0, 1023.0, 1022.0, 1021.0, 1022.0, 1023.0, 1022.0, 1023.0, 1019.0, 1022.0, 1021.0, 1021.0, 1023.0, 1022.0, 1022.0, 1023.0, 1021.0, 1022.0, 1022.0, 1022.0, 1022.0, 1023.0, 1022.0, 1023.0, 1022.0, 1017.0, 1021.0, 1021.0, 1022.0, 1022.0, 1023.0, 1023.0, 1021.0, 1021.0, 1022.0, 1022.0, 1023.0, 1022.0, 1021.0, 1022.0, 1022.0, 1021.0, 1022.0, 1022.0, 1023.0, 1021.0, 1021.0, 1022.0, 1021.0, 1020.0, 1023.0, 1021.0, 1023.0]
Is bad individual winner: 0
Is good individual winner: 0
Real fitness of best good: 1023.0
Noisy fitness of best good: 1023.0
Real fitness of best bad: 1022.0
Noisy fitness of best bad: 1022.0

l: 88
Real fitness of mutation winner: 937.0
Noisy fitness of mutation winner: 937.0
Crossover offspring real fitness: [1023.0, 1021.0, 1022.0, 1022.0, 1023.0, 1022.0, 1021.0, 1022.0, 1023.0, 1020.0, 1022.0, 1022.0, 1023.0, 1022.0, 1022.0, 1023.0, 1023.0, 1022.0, 1023.0, 1022.0, 1020.0, 1023.0, 1023.0, 1022.0, 1022.0, 1021.0, 1020.0, 1023.0, 1022.0, 1023.0, 1022.0, 1019.0, 1022.0, 1021.0, 1022.0, 1023.0, 1023.0, 1023.0, 1023.0, 1019.0, 1023.0, 1023.0, 1023.0, 1022.0, 1022.0, 1023.0, 1023.0, 1022.0, 1022.0, 1022.0, 1023.0, 1022.0, 1022.0, 1022.0, 1023.0, 1023.0, 1022.0, 1022.0, 1022.0, 1022.0, 1023.0, 1022.0, 1022.0, 1022.0, 1024.0, 1022.0, 1022.0, 1022.0, 1022.0, 1023.0, 1023.0, 1022.0, 1022.0, 1023.0, 1023.0, 1022.0, 1022.0, 1023.0, 1023.0, 1023.0, 1023.0, 1023.0, 1021.0, 1022.0, 1022.0, 1022.0, 1023.0, 1023.0, 1022.0, 1021.0, 1022.0, 1023.0, 1022.0, 1022.0, 1022.0, 1023.0, 1022.0, 1023.0, 1023.0, 1021.0, 1023.0]
Crossover offspring noisy fitness: [1023.0, 1021.0, 1022.0, 1022.0, 1023.0, 1022.0, 1021.0, 1022.0, 1023.0, 1020.0, 1022.0, 1022.0, 1023.0, 1022.0, 1022.0, 1023.0, 1023.0, 1022.0, 1023.0, 1022.0, 1020.0, 1023.0, 1023.0, 1022.0, 1020.0, 1021.0, 1020.0, 1023.0, 1022.0, 1023.0, 1022.0, 1019.0, 1022.0, 1021.0, 1022.0, 1023.0, 1023.0, 1023.0, 1023.0, 1019.0, 1023.0, 1023.0, 1023.0, 1022.0, 1022.0, 1023.0, 1023.0, 1022.0, 1022.0, 1022.0, 1023.0, 1022.0, 1022.0, 1022.0, 1023.0, 1023.0, 1022.0, 1021.0, 1021.0, 1022.0, 1023.0, 1022.0, 1022.0, 1022.0, 1024.0, 1022.0, 1022.0, 1022.0, 1022.0, 1022.0, 1023.0, 1021.0, 1022.0, 1023.0, 1023.0, 1022.0, 1022.0, 1023.0, 1023.0, 1023.0, 1022.0, 1023.0, 1021.0, 1022.0, 1022.0, 1022.0, 1023.0, 1023.0, 1022.0, 1021.0, 1022.0, 1023.0, 1022.0, 1022.0, 1022.0, 1022.0, 1022.0, 1023.0, 1023.0, 1021.0, 1023.0]
Is bad individual winner: 0
Is good individual winner: 1
Real fitness of best good: 1024.0
Noisy fitness of best good: 1024.0
Real fitness of best bad: 1022.0
Noisy fitness of best bad: 1022.0

l: 99
Real fitness of mutation winner: 926.0
Noisy fitness of mutation winner: 926.0
Crossover offspring real fitness: [1022.0, 1022.0, 1023.0, 1023.0, 1022.0, 1022.0, 1022.0, 1023.0, 1023.0, 1022.0, 1023.0, 1022.0, 1022.0, 1022.0, 1021.0, 1022.0, 1023.0, 1022.0, 1023.0, 1021.0, 1022.0, 1023.0, 1023.0, 1022.0, 1021.0, 1021.0, 1023.0, 1021.0, 1022.0, 1023.0, 1022.0, 1022.0, 1022.0, 1021.0, 1022.0, 1022.0, 1023.0, 1022.0, 1018.0, 1023.0, 1023.0, 1021.0, 1021.0, 1023.0, 1022.0, 1022.0, 1022.0, 1021.0, 1021.0, 1023.0, 1020.0, 1022.0, 1022.0, 1023.0, 1022.0, 1022.0, 1021.0, 1021.0, 1022.0, 1022.0, 1023.0, 1022.0, 1022.0, 1022.0, 1022.0, 1021.0, 1021.0, 1022.0, 1023.0, 1022.0, 1023.0, 1021.0, 1022.0, 1021.0, 1022.0, 1021.0, 1021.0, 1022.0, 1023.0, 1023.0, 1021.0, 1022.0, 1023.0, 1021.0, 1021.0, 1023.0, 1022.0, 1023.0, 1022.0, 1021.0, 1020.0, 1022.0, 1022.0, 1023.0, 1023.0, 1023.0, 1023.0, 1023.0, 1022.0, 1022.0, 1023.0]
Crossover offspring noisy fitness: [1022.0, 1022.0, 1023.0, 1022.0, 1021.0, 1022.0, 1022.0, 1023.0, 1023.0, 1022.0, 1023.0, 1022.0, 1022.0, 1022.0, 1021.0, 1022.0, 1023.0, 1022.0, 1023.0, 1021.0, 1021.0, 1022.0, 1023.0, 1022.0, 1021.0, 1021.0, 1023.0, 1021.0, 1022.0, 1023.0, 1022.0, 1022.0, 1022.0, 1020.0, 1022.0, 1022.0, 1023.0, 1022.0, 1018.0, 1023.0, 1023.0, 1021.0, 1021.0, 1023.0, 1022.0, 1022.0, 1022.0, 1021.0, 1021.0, 1023.0, 1020.0, 1022.0, 1022.0, 1023.0, 1022.0, 1022.0, 1021.0, 1021.0, 1022.0, 1022.0, 1023.0, 1022.0, 1022.0, 1022.0, 1022.0, 1021.0, 1021.0, 1022.0, 1023.0, 1022.0, 1023.0, 1021.0, 1022.0, 1021.0, 1022.0, 1021.0, 1021.0, 1022.0, 1023.0, 1023.0, 1021.0, 1022.0, 1023.0, 1021.0, 1021.0, 1023.0, 1022.0, 1023.0, 1022.0, 1021.0, 1020.0, 1022.0, 1022.0, 1023.0, 1023.0, 1023.0, 1023.0, 1023.0, 1022.0, 1022.0, 1023.0]
Is bad individual winner: 0
Is good individual winner: 0
Real fitness of best good: 1023.0
Noisy fitness of best good: 1023.0
Real fitness of best bad: 1022.0
Noisy fitness of best bad: 1022.0

l: 101
Real fitness of mutation winner: 924.0
Noisy fitness of mutation winner: 924.0
Crossover offspring real fitness: [1022.0, 1022.0, 1023.0, 1022.0, 1021.0, 1022.0, 1021.0, 1022.0, 1019.0, 1023.0, 1021.0, 1023.0, 1022.0, 1022.0, 1023.0, 1021.0, 1021.0, 1020.0, 1023.0, 1021.0, 1021.0, 1023.0, 1022.0, 1023.0, 1022.0, 1023.0, 1023.0, 1021.0, 1022.0, 1023.0, 1022.0, 1022.0, 1022.0, 1022.0, 1020.0, 1023.0, 1024.0, 1022.0, 1021.0, 1021.0, 1021.0, 1021.0, 1022.0, 1023.0, 1022.0, 1023.0, 1023.0, 1023.0, 1023.0, 1022.0, 1021.0, 1023.0, 1023.0, 1023.0, 1020.0, 1023.0, 1023.0, 1021.0, 1020.0, 1021.0, 1021.0, 1020.0, 1021.0, 1022.0, 1022.0, 1022.0, 1023.0, 1022.0, 1022.0, 1020.0, 1022.0, 1021.0, 1021.0, 1023.0, 1022.0, 1022.0, 1021.0, 1023.0, 1022.0, 1022.0, 1023.0, 1021.0, 1023.0, 1023.0, 1022.0, 1022.0, 1023.0, 1020.0, 1023.0, 1020.0, 1023.0, 1022.0, 1023.0, 1023.0, 1021.0, 1022.0, 1023.0, 1021.0, 1022.0, 1023.0, 1023.0]
Crossover offspring noisy fitness: [1022.0, 1022.0, 1023.0, 1022.0, 1021.0, 1022.0, 1021.0, 1022.0, 1019.0, 1023.0, 1021.0, 1023.0, 1022.0, 1022.0, 1023.0, 1021.0, 1021.0, 1020.0, 1023.0, 1021.0, 1021.0, 1023.0, 1022.0, 1023.0, 1022.0, 1023.0, 1023.0, 1021.0, 1022.0, 1023.0, 1022.0, 1022.0, 1022.0, 1022.0, 1020.0, 1023.0, 1024.0, 1022.0, 1021.0, 1021.0, 1020.0, 1021.0, 1022.0, 1023.0, 1022.0, 1023.0, 1023.0, 1023.0, 1023.0, 1022.0, 1021.0, 1023.0, 1023.0, 1023.0, 1020.0, 1023.0, 1023.0, 1021.0, 1020.0, 1021.0, 1021.0, 1020.0, 1021.0, 1022.0, 1022.0, 1022.0, 1023.0, 1022.0, 1022.0, 1020.0, 1022.0, 1021.0, 1021.0, 1023.0, 1022.0, 1022.0, 1021.0, 1023.0, 1022.0, 1022.0, 1023.0, 1020.0, 1023.0, 1023.0, 1022.0, 1022.0, 1022.0, 1020.0, 1023.0, 1020.0, 1023.0, 1022.0, 1023.0, 1023.0, 1021.0, 1022.0, 1022.0, 1021.0, 1022.0, 1023.0, 1023.0]
Is bad individual winner: 0
Is good individual winner: 1
Real fitness of best good: 1024.0
Noisy fitness of best good: 1024.0
Real fitness of best bad: 1022.0
Noisy fitness of best bad: 1022.0

l: 109
Real fitness of mutation winner: 916.0
Noisy fitness of mutation winner: 916.0
Crossover offspring real fitness: [1022.0, 1022.0, 1023.0, 1023.0, 1023.0, 1023.0, 1022.0, 1022.0, 1020.0, 1022.0, 1022.0, 1021.0, 1021.0, 1023.0, 1020.0, 1022.0, 1020.0, 1020.0, 1023.0, 1023.0, 1022.0, 1021.0, 1019.0, 1022.0, 1023.0, 1023.0, 1023.0, 1022.0, 1023.0, 1022.0, 1023.0, 1022.0, 1022.0, 1022.0, 1023.0, 1019.0, 1020.0, 1023.0, 1023.0, 1023.0, 1019.0, 1023.0, 1023.0, 1022.0, 1023.0, 1021.0, 1023.0, 1022.0, 1020.0, 1023.0, 1022.0, 1022.0, 1020.0, 1023.0, 1021.0, 1020.0, 1019.0, 1022.0, 1022.0, 1023.0, 1021.0, 1023.0, 1021.0, 1020.0, 1023.0, 1022.0, 1023.0, 1023.0, 1023.0, 1022.0, 1021.0, 1023.0, 1022.0, 1021.0, 1022.0, 1021.0, 1022.0, 1023.0, 1022.0, 1022.0, 1022.0, 1023.0, 1022.0, 1023.0, 1023.0, 1023.0, 1020.0, 1021.0, 1020.0, 1021.0, 1022.0, 1023.0, 1023.0, 1023.0, 1023.0, 1023.0, 1023.0, 1023.0, 1020.0, 1021.0, 1022.0]
Crossover offspring noisy fitness: [1022.0, 1022.0, 1023.0, 1023.0, 1023.0, 1023.0, 1022.0, 1022.0, 1020.0, 1022.0, 1022.0, 1021.0, 1021.0, 1023.0, 1020.0, 1022.0, 1020.0, 1020.0, 1023.0, 1023.0, 1022.0, 1021.0, 1019.0, 1022.0, 1023.0, 1023.0, 1023.0, 1022.0, 1023.0, 1021.0, 1023.0, 1022.0, 1022.0, 1022.0, 1023.0, 1019.0, 1020.0, 1023.0, 1023.0, 1023.0, 1018.0, 1023.0, 1023.0, 1022.0, 1023.0, 1021.0, 1023.0, 1022.0, 1020.0, 1023.0, 1022.0, 1022.0, 1020.0, 1023.0, 1021.0, 1020.0, 1019.0, 1022.0, 1022.0, 1023.0, 1021.0, 1023.0, 1021.0, 1020.0, 1023.0, 1022.0, 1023.0, 1023.0, 1023.0, 1022.0, 1021.0, 1023.0, 1022.0, 1020.0, 1022.0, 1021.0, 1022.0, 1023.0, 1022.0, 1022.0, 1022.0, 1023.0, 1022.0, 1023.0, 1022.0, 1022.0, 1020.0, 1021.0, 1020.0, 1020.0, 1022.0, 1023.0, 1023.0, 1023.0, 1023.0, 1023.0, 1023.0, 1023.0, 1020.0, 1020.0, 1022.0]
Is bad individual winner: 0
Is good individual winner: 0
Real fitness of best good: 1023.0
Noisy fitness of best good: 1023.0
Real fitness of best bad: 1022.0
Noisy fitness of best bad: 1022.0

l: 95
Real fitness of mutation winner: 930.0
Noisy fitness of mutation winner: 930.0
Crossover offspring real fitness: [1023.0, 1023.0, 1022.0, 1022.0, 1023.0, 1020.0, 1022.0, 1020.0, 1023.0, 1023.0, 1022.0, 1023.0, 1022.0, 1021.0, 1021.0, 1022.0, 1022.0, 1022.0, 1023.0, 1023.0, 1023.0, 1022.0, 1022.0, 1020.0, 1021.0, 1023.0, 1022.0, 1023.0, 1023.0, 1019.0, 1023.0, 1023.0, 1022.0, 1020.0, 1023.0, 1023.0, 1022.0, 1021.0, 1021.0, 1022.0, 1023.0, 1023.0, 1022.0, 1022.0, 1021.0, 1021.0, 1022.0, 1023.0, 1022.0, 1023.0, 1023.0, 1023.0, 1022.0, 1024.0, 1020.0, 1021.0, 1022.0, 1023.0, 1020.0, 1023.0, 1021.0, 1021.0, 1022.0, 1022.0, 1020.0, 1023.0, 1021.0, 1022.0, 1022.0, 1023.0, 1023.0, 1023.0, 1023.0, 1022.0, 1023.0, 1019.0, 1021.0, 1020.0, 1023.0, 1022.0, 1022.0, 1022.0, 1023.0, 1021.0, 1019.0, 1021.0, 1023.0, 1023.0, 1021.0, 1020.0, 1022.0, 1021.0, 1023.0, 1023.0, 1019.0, 1022.0, 1023.0, 1021.0, 1021.0, 1020.0, 1022.0]
Crossover offspring noisy fitness: [1023.0, 1023.0, 1022.0, 1022.0, 1023.0, 1020.0, 1022.0, 1020.0, 1023.0, 1023.0, 1022.0, 1023.0, 1022.0, 1021.0, 1021.0, 1021.0, 1022.0, 1022.0, 1023.0, 1023.0, 1023.0, 1022.0, 1021.0, 1019.0, 1021.0, 1022.0, 1022.0, 1023.0, 1023.0, 1019.0, 1023.0, 1023.0, 1022.0, 1020.0, 1023.0, 1023.0, 1022.0, 1021.0, 1021.0, 1021.0, 1023.0, 1021.0, 1022.0, 1022.0, 1021.0, 1021.0, 1022.0, 1023.0, 1022.0, 1023.0, 1023.0, 1023.0, 1022.0, 1024.0, 1020.0, 1021.0, 1022.0, 1023.0, 1020.0, 1023.0, 1021.0, 1021.0, 1022.0, 1022.0, 1020.0, 1023.0, 1021.0, 1022.0, 1022.0, 1023.0, 1023.0, 1022.0, 1023.0, 1021.0, 1023.0, 1019.0, 1020.0, 1020.0, 1023.0, 1022.0, 1022.0, 1022.0, 1023.0, 1021.0, 1019.0, 1021.0, 1023.0, 1023.0, 1021.0, 1020.0, 1022.0, 1020.0, 1023.0, 1023.0, 1019.0, 1022.0, 1023.0, 1021.0, 1021.0, 1020.0, 1022.0]
Is bad individual winner: 0
Is good individual winner: 1
Real fitness of best good: 1024.0
Noisy fitness of best good: 1024.0
Real fitness of best bad: 1022.0
Noisy fitness of best bad: 1022.0

l: 79
Real fitness of mutation winner: 946.0
Noisy fitness of mutation winner: 946.0
Crossover offspring real fitness: [1023.0, 1023.0, 1020.0, 1019.0, 1022.0, 1022.0, 1023.0, 1022.0, 1021.0, 1022.0, 1021.0, 1022.0, 1021.0, 1023.0, 1021.0, 1023.0, 1023.0, 1023.0, 1023.0, 1018.0, 1023.0, 1023.0, 1022.0, 1022.0, 1023.0, 1022.0, 1023.0, 1022.0, 1022.0, 1023.0, 1022.0, 1021.0, 1023.0, 1023.0, 1023.0, 1022.0, 1022.0, 1022.0, 1021.0, 1023.0, 1023.0, 1023.0, 1022.0, 1022.0, 1021.0, 1023.0, 1023.0, 1021.0, 1022.0, 1022.0, 1022.0, 1022.0, 1020.0, 1022.0, 1023.0, 1023.0, 1020.0, 1022.0, 1021.0, 1021.0, 1020.0, 1023.0, 1022.0, 1023.0, 1023.0, 1022.0, 1022.0, 1022.0, 1022.0, 1022.0, 1021.0, 1020.0, 1022.0, 1022.0, 1022.0, 1023.0, 1022.0, 1023.0, 1022.0, 1021.0, 1021.0, 1023.0, 1020.0, 1022.0, 1021.0, 1023.0, 1022.0, 1021.0, 1021.0, 1023.0, 1022.0, 1023.0, 1022.0, 1023.0, 1022.0, 1023.0, 1021.0, 1023.0, 1022.0, 1022.0, 1022.0]
Crossover offspring noisy fitness: [1023.0, 1023.0, 1020.0, 1019.0, 1022.0, 1021.0, 1023.0, 1022.0, 1021.0, 1022.0, 1021.0, 1022.0, 1021.0, 1023.0, 1021.0, 1023.0, 1022.0, 1023.0, 1023.0, 1018.0, 1023.0, 1023.0, 1022.0, 1022.0, 1023.0, 1022.0, 1023.0, 1022.0, 1022.0, 1023.0, 1022.0, 1021.0, 1023.0, 1022.0, 1023.0, 1022.0, 1020.0, 1022.0, 1021.0, 1023.0, 1023.0, 1023.0, 1022.0, 1022.0, 1021.0, 1023.0, 1023.0, 1021.0, 1021.0, 1022.0, 1022.0, 1022.0, 1020.0, 1022.0, 1023.0, 1023.0, 1020.0, 1022.0, 1021.0, 1021.0, 1020.0, 1023.0, 1022.0, 1023.0, 1023.0, 1022.0, 1022.0, 1022.0, 1022.0, 1022.0, 1021.0, 1020.0, 1022.0, 1021.0, 1022.0, 1023.0, 1022.0, 1023.0, 1022.0, 1021.0, 1021.0, 1023.0, 1020.0, 1022.0, 1021.0, 1023.0, 1022.0, 1021.0, 1021.0, 1023.0, 1022.0, 1022.0, 1022.0, 1023.0, 1022.0, 1023.0, 1021.0, 1023.0, 1022.0, 1022.0, 1022.0]
Is bad individual winner: 0
Is good individual winner: 0
Real fitness of best good: 1023.0
Noisy fitness of best good: 1023.0
Real fitness of best bad: 1022.0
Noisy fitness of best bad: 1022.0

l: 94
Real fitness of mutation winner: 931.0
Noisy fitness of mutation winner: 931.0
Crossover offspring real fitness: [1023.0, 1023.0, 1023.0, 1022.0, 1019.0, 1023.0, 1021.0, 1021.0, 1023.0, 1023.0, 1022.0, 1020.0, 1021.0, 1023.0, 1021.0, 1020.0, 1022.0, 1021.0, 1023.0, 1022.0, 1023.0, 1022.0, 1021.0, 1023.0, 1021.0, 1023.0, 1022.0, 1020.0, 1022.0, 1021.0, 1022.0, 1022.0, 1022.0, 1021.0, 1023.0, 1022.0, 1023.0, 1022.0, 1019.0, 1022.0, 1022.0, 1023.0, 1022.0, 1021.0, 1021.0, 1021.0, 1023.0, 1021.0, 1022.0, 1022.0, 1022.0, 1021.0, 1023.0, 1023.0, 1022.0, 1023.0, 1022.0, 1022.0, 1022.0, 1022.0, 1022.0, 1022.0, 1023.0, 1021.0, 1023.0, 1021.0, 1022.0, 1023.0, 1022.0, 1023.0, 1023.0, 1023.0, 1021.0, 1023.0, 1021.0, 1021.0, 1023.0, 1023.0, 1023.0, 1019.0, 1022.0, 1020.0, 1022.0, 1023.0, 1020.0, 1022.0, 1023.0, 1023.0, 1022.0, 1022.0, 1023.0, 1023.0, 1023.0, 1022.0, 1023.0, 1024.0, 1023.0, 1021.0, 1023.0, 1022.0, 1020.0]
Crossover offspring noisy fitness: [1023.0, 1023.0, 1023.0, 1022.0, 1019.0, 1023.0, 1021.0, 1021.0, 1023.0, 1023.0, 1022.0, 1020.0, 1021.0, 1023.0, 1020.0, 1020.0, 1022.0, 1021.0, 1023.0, 1022.0, 1023.0, 1022.0, 1021.0, 1023.0, 1020.0, 1022.0, 1022.0, 1020.0, 1022.0, 1019.0, 1022.0, 1022.0, 1022.0, 1021.0, 1023.0, 1022.0, 1023.0, 1022.0, 1019.0, 1022.0, 1022.0, 1023.0, 1022.0, 1020.0, 1021.0, 1021.0, 1023.0, 1021.0, 1022.0, 1022.0, 1022.0, 1021.0, 1023.0, 1023.0, 1020.0, 1023.0, 1022.0, 1022.0, 1022.0, 1022.0, 1022.0, 1022.0, 1023.0, 1021.0, 1023.0, 1021.0, 1020.0, 1023.0, 1022.0, 1023.0, 1023.0, 1023.0, 1021.0, 1023.0, 1021.0, 1021.0, 1023.0, 1023.0, 1023.0, 1019.0, 1022.0, 1020.0, 1022.0, 1023.0, 1020.0, 1022.0, 1023.0, 1023.0, 1022.0, 1022.0, 1023.0, 1023.0, 1023.0, 1021.0, 1023.0, 1024.0, 1023.0, 1021.0, 1023.0, 1022.0, 1020.0]
Is bad individual winner: 0
Is good individual winner: 1
Real fitness of best good: 1024.0
Noisy fitness of best good: 1024.0
Real fitness of best bad: 1022.0
Noisy fitness of best bad: 1022.0

l: 93
Real fitness of mutation winner: 932.0
Noisy fitness of mutation winner: 933.0
Crossover offspring real fitness: [1022.0, 1023.0, 1022.0, 1022.0, 1022.0, 1022.0, 1023.0, 1021.0, 1023.0, 1023.0, 1023.0, 1022.0, 1023.0, 1021.0, 1022.0, 1022.0, 1022.0, 1022.0, 1023.0, 1022.0, 1023.0, 1022.0, 1023.0, 1022.0, 1022.0, 1022.0, 1023.0, 1022.0, 1023.0, 1022.0, 1021.0, 1022.0, 1023.0, 1022.0, 1023.0, 1022.0, 1023.0, 1023.0, 1023.0, 1023.0, 1021.0, 1022.0, 1023.0, 1023.0, 1021.0, 1022.0, 1022.0, 1023.0, 1022.0, 1022.0, 1022.0, 1023.0, 1023.0, 1023.0, 1022.0, 1023.0, 1021.0, 1021.0, 1023.0, 1023.0, 1022.0, 1022.0, 1022.0, 1022.0, 1021.0, 1023.0, 1023.0, 1022.0, 1023.0, 1022.0, 1022.0, 1022.0, 1021.0, 1023.0, 1022.0, 1021.0, 1023.0, 1022.0, 1023.0, 1022.0, 1022.0, 1023.0, 1021.0, 1023.0, 1023.0, 1022.0, 1022.0, 1022.0, 1023.0, 1023.0, 1023.0, 1021.0, 1023.0, 1022.0, 1022.0, 1023.0, 1023.0, 1020.0, 1022.0, 1019.0, 1020.0]
Crossover offspring noisy fitness: [1022.0, 1023.0, 1022.0, 1022.0, 1022.0, 1022.0, 1023.0, 1021.0, 1023.0, 1023.0, 1023.0, 1022.0, 1023.0, 1021.0, 1022.0, 1022.0, 1022.0, 1022.0, 1023.0, 1022.0, 1022.0, 1022.0, 1023.0, 1022.0, 1022.0, 1022.0, 1023.0, 1022.0, 1023.0, 1022.0, 1021.0, 1022.0, 1023.0, 1022.0, 1023.0, 1022.0, 1023.0, 1023.0, 1022.0, 1023.0, 1021.0, 1022.0, 1023.0, 1023.0, 1021.0, 1022.0, 1022.0, 1023.0, 1022.0, 1022.0, 1022.0, 1023.0, 1023.0, 1023.0, 1021.0, 1023.0, 1021.0, 1021.0, 1023.0, 1023.0, 1022.0, 1022.0, 1021.0, 1022.0, 1021.0, 1023.0, 1023.0, 1022.0, 1023.0, 1022.0, 1022.0, 1022.0, 1021.0, 1023.0, 1022.0, 1020.0, 1022.0, 1022.0, 1023.0, 1022.0, 1022.0, 1023.0, 1021.0, 1023.0, 1023.0, 1022.0, 1022.0, 1022.0, 1023.0, 1023.0, 1023.0, 1021.0, 1023.0, 1022.0, 1022.0, 1023.0, 1022.0, 1020.0, 1022.0, 1019.0, 1020.0]
Is bad individual winner: 0
Is good individual winner: 0
Real fitness of best good: 1023.0
Noisy fitness of best good: 1023.0
Real fitness of best bad: 1022.0
Noisy fitness of best bad: 1022.0

l: 100
Real fitness of mutation winner: 925.0
Noisy fitness of mutation winner: 925.0
Crossover offspring real fitness: [1023.0, 1022.0, 1023.0, 1023.0, 1023.0, 1022.0, 1022.0, 1023.0, 1023.0, 1022.0, 1019.0, 1022.0, 1022.0, 1022.0, 1023.0, 1022.0, 1023.0, 1022.0, 1023.0, 1023.0, 1022.0, 1022.0, 1022.0, 1022.0, 1023.0, 1022.0, 1022.0, 1023.0, 1022.0, 1022.0, 1021.0, 1021.0, 1019.0, 1022.0, 1022.0, 1022.0, 1023.0, 1022.0, 1023.0, 1023.0, 1023.0, 1022.0, 1023.0, 1022.0, 1023.0, 1023.0, 1022.0, 1022.0, 1021.0, 1022.0, 1023.0, 1022.0, 1021.0, 1023.0, 1023.0, 1022.0, 1020.0, 1023.0, 1021.0, 1022.0, 1022.0, 1021.0, 1023.0, 1021.0, 1023.0, 1023.0, 1021.0, 1023.0, 1023.0, 1020.0, 1023.0, 1023.0, 1023.0, 1021.0, 1022.0, 1020.0, 1021.0, 1022.0, 1023.0, 1023.0, 1020.0, 1023.0, 1023.0, 1022.0, 1023.0, 1020.0, 1022.0, 1021.0, 1022.0, 1023.0, 1022.0, 1022.0, 1020.0, 1021.0, 1023.0, 1022.0, 1022.0, 1022.0, 1021.0, 1023.0, 1020.0]
Crossover offspring noisy fitness: [1023.0, 1022.0, 1023.0, 1023.0, 1023.0, 1022.0, 1022.0, 1023.0, 1023.0, 1022.0, 1019.0, 1022.0, 1022.0, 1022.0, 1023.0, 1022.0, 1023.0, 1022.0, 1023.0, 1023.0, 1022.0, 1022.0, 1021.0, 1022.0, 1023.0, 1022.0, 1022.0, 1023.0, 1022.0, 1022.0, 1021.0, 1021.0, 1019.0, 1022.0, 1022.0, 1022.0, 1023.0, 1022.0, 1023.0, 1023.0, 1023.0, 1022.0, 1023.0, 1022.0, 1023.0, 1023.0, 1022.0, 1022.0, 1021.0, 1022.0, 1023.0, 1022.0, 1021.0, 1023.0, 1023.0, 1022.0, 1020.0, 1023.0, 1021.0, 1022.0, 1022.0, 1021.0, 1023.0, 1021.0, 1023.0, 1023.0, 1021.0, 1023.0, 1023.0, 1020.0, 1023.0, 1023.0, 1023.0, 1021.0, 1022.0, 1020.0, 1021.0, 1022.0, 1023.0, 1022.0, 1020.0, 1023.0, 1023.0, 1022.0, 1023.0, 1020.0, 1022.0, 1021.0, 1022.0, 1023.0, 1022.0, 1022.0, 1020.0, 1021.0, 1023.0, 1022.0, 1022.0, 1022.0, 1021.0, 1023.0, 1020.0]
Is bad individual winner: 0
Is good individual winner: 0
Real fitness of best good: 1023.0
Noisy fitness of best good: 1023.0
Real fitness of best bad: 1022.0
Noisy fitness of best bad: 1022.0

l: 85
Real fitness of mutation winner: 940.0
Noisy fitness of mutation winner: 940.0
Crossover offspring real fitness: [1023.0, 1021.0, 1023.0, 1020.0, 1021.0, 1023.0, 1023.0, 1023.0, 1022.0, 1021.0, 1022.0, 1023.0, 1023.0, 1022.0, 1023.0, 1023.0, 1021.0, 1020.0, 1023.0, 1021.0, 1023.0, 1021.0, 1023.0, 1023.0, 1023.0, 1021.0, 1023.0, 1021.0, 1020.0, 1023.0, 1020.0, 1020.0, 1021.0, 1022.0, 1022.0, 1023.0, 1022.0, 1022.0, 1023.0, 1021.0, 1023.0, 1023.0, 1022.0, 1022.0, 1023.0, 1023.0, 1022.0, 1023.0, 1023.0, 1023.0, 1023.0, 1022.0, 1023.0, 1022.0, 1022.0, 1023.0, 1021.0, 1022.0, 1023.0, 1023.0, 1023.0, 1022.0, 1022.0, 1020.0, 1023.0, 1022.0, 1023.0, 1022.0, 1021.0, 1020.0, 1023.0, 1023.0, 1022.0, 1022.0, 1022.0, 1022.0, 1021.0, 1023.0, 1023.0, 1023.0, 1022.0, 1023.0, 1023.0, 1023.0, 1023.0, 1023.0, 1023.0, 1021.0, 1022.0, 1020.0, 1023.0, 1022.0, 1022.0, 1021.0, 1020.0, 1021.0, 1023.0, 1023.0, 1022.0, 1021.0, 1021.0]
Crossover offspring noisy fitness: [1023.0, 1021.0, 1023.0, 1020.0, 1021.0, 1023.0, 1022.0, 1023.0, 1022.0, 1021.0, 1022.0, 1023.0, 1023.0, 1022.0, 1023.0, 1023.0, 1021.0, 1020.0, 1023.0, 1021.0, 1023.0, 1021.0, 1023.0, 1023.0, 1023.0, 1021.0, 1022.0, 1021.0, 1020.0, 1023.0, 1020.0, 1020.0, 1021.0, 1022.0, 1022.0, 1023.0, 1022.0, 1022.0, 1023.0, 1021.0, 1023.0, 1023.0, 1022.0, 1022.0, 1023.0, 1023.0, 1022.0, 1023.0, 1023.0, 1023.0, 1023.0, 1022.0, 1023.0, 1022.0, 1022.0, 1023.0, 1021.0, 1022.0, 1023.0, 1023.0, 1023.0, 1022.0, 1022.0, 1020.0, 1023.0, 1022.0, 1023.0, 1022.0, 1021.0, 1020.0, 1023.0, 1023.0, 1022.0, 1022.0, 1022.0, 1021.0, 1021.0, 1023.0, 1023.0, 1023.0, 1022.0, 1023.0, 1022.0, 1023.0, 1023.0, 1023.0, 1023.0, 1021.0, 1022.0, 1020.0, 1023.0, 1022.0, 1022.0, 1021.0, 1020.0, 1021.0, 1023.0, 1023.0, 1022.0, 1021.0, 1021.0]
Is bad individual winner: 0
Is good individual winner: 0
Real fitness of best good: 1023.0
Noisy fitness of best good: 1023.0
Real fitness of best bad: 1022.0
Noisy fitness of best bad: 1022.0

