l: 109
Real fitness of mutation winner: 914.0
Noisy fitness of mutation winner: 914.0
Crossover offspring real fitness: [1016.0, 1015.0, 1015.0, 1015.0, 1016.0, 1017.0, 1016.0, 1016.0, 1017.0, 1015.0, 1017.0, 1017.0, 1017.0, 1016.0, 1016.0, 1016.0, 1012.0, 1015.0, 1017.0, 1016.0, 1017.0, 1016.0, 1016.0, 1015.0, 1016.0, 1017.0, 1017.0, 1016.0, 1016.0, 1016.0, 1016.0, 1015.0, 1016.0, 1014.0, 1016.0, 1017.0, 1015.0, 1016.0, 1016.0, 1016.0, 1017.0, 1015.0, 1017.0, 1015.0, 1016.0, 1017.0, 1016.0, 1015.0, 1016.0, 1017.0, 1017.0, 1017.0, 1014.0, 1017.0, 1017.0, 1015.0, 1013.0, 1017.0, 1015.0, 1015.0, 1017.0, 1016.0, 1015.0, 1016.0, 1017.0, 1016.0, 1015.0, 1015.0, 1015.0, 1016.0, 1015.0, 1015.0, 1015.0, 1017.0, 1017.0, 1016.0, 1016.0, 1014.0, 1017.0, 1015.0, 1016.0, 1015.0, 1015.0, 1016.0, 1017.0, 1016.0, 1017.0, 1015.0, 1015.0, 1016.0, 1016.0, 1017.0, 1014.0, 1017.0, 1016.0, 1017.0, 1016.0, 1017.0, 1017.0, 1017.0, 1017.0]
Crossover offspring noisy fitness: [1016.0, 1015.0, 1015.0, 1015.0, 1016.0, 1017.0, 1016.0, 1016.0, 1017.0, 1015.0, 1017.0, 1017.0, 1017.0, 1015.0, 1016.0, 1016.0, 1012.0, 1015.0, 1017.0, 1016.0, 1017.0, 1016.0, 1016.0, 1015.0, 1016.0, 1017.0, 1017.0, 1015.0, 1016.0, 1016.0, 1016.0, 1015.0, 1016.0, 1014.0, 1016.0, 1017.0, 1015.0, 1016.0, 1016.0, 1016.0, 1017.0, 1015.0, 1017.0, 1015.0, 1016.0, 1017.0, 1016.0, 1015.0, 1015.0, 1017.0, 1017.0, 1017.0, 1014.0, 1017.0, 1017.0, 1015.0, 1013.0, 1016.0, 1015.0, 1015.0, 1017.0, 1016.0, 1015.0, 1016.0, 1017.0, 1016.0, 1015.0, 1015.0, 1015.0, 1016.0, 1015.0, 1015.0, 1015.0, 1017.0, 1017.0, 1016.0, 1016.0, 1014.0, 1017.0, 1015.0, 1016.0, 1015.0, 1015.0, 1016.0, 1016.0, 1016.0, 1017.0, 1015.0, 1015.0, 1016.0, 1016.0, 1017.0, 1014.0, 1017.0, 1016.0, 1017.0, 1016.0, 1017.0, 1017.0, 1017.0, 1017.0]
Is bad individual winner: 0
Is good individual winner: 0
Real fitness of best good: 1017.0
Noisy fitness of best good: 1017.0
Real fitness of best bad: 1016.0
Noisy fitness of best bad: 1016.0

l: 111
Real fitness of mutation winner: 912.0
Noisy fitness of mutation winner: 912.0
Crossover offspring real fitness: [1015.0, 1014.0, 1015.0, 1016.0, 1016.0, 1016.0, 1017.0, 1016.0, 1015.0, 1017.0, 1015.0, 1015.0, 1017.0, 1018.0, 1014.0, 1017.0, 1015.0, 1017.0, 1015.0, 1016.0, 1017.0, 1015.0, 1017.0, 1016.0, 1017.0, 1016.0, 1017.0, 1016.0, 1014.0, 1015.0, 1017.0, 1017.0, 1016.0, 1016.0, 1016.0, 1015.0, 1015.0, 1017.0, 1017.0, 1014.0, 1016.0, 1016.0, 1016.0, 1015.0, 1017.0, 1017.0, 1015.0, 1017.0, 1017.0, 1016.0, 1016.0, 1015.0, 1016.0, 1017.0, 1016.0, 1017.0, 1016.0, 1016.0, 1017.0, 1016.0, 1015.0, 1016.0, 1016.0, 1014.0, 1015.0, 1016.0, 1016.0, 1015.0, 1015.0, 1017.0, 1016.0, 1017.0, 1015.0, 1017.0, 1016.0, 1016.0, 1017.0, 1017.0, 1016.0, 1015.0, 1017.0, 1016.0, 1016.0, 1016.0, 1017.0, 1015.0, 1017.0, 1014.0, 1017.0, 1017.0, 1016.0, 1016.0, 1016.0, 1017.0, 1010.0, 1017.0, 1015.0, 1015.0, 1015.0, 1017.0, 1017.0]
Crossover offspring noisy fitness: [1015.0, 1014.0, 1015.0, 1016.0, 1016.0, 1016.0, 1017.0, 1016.0, 1015.0, 1017.0, 1015.0, 1014.0, 1017.0, 1018.0, 1013.0, 1017.0, 1015.0, 1017.0, 1015.0, 1016.0, 1017.0, 1015.0, 1017.0, 1016.0, 1017.0, 1016.0, 1017.0, 1016.0, 1014.0, 1015.0, 1017.0, 1017.0, 1016.0, 1016.0, 1016.0, 1015.0, 1015.0, 1017.0, 1017.0, 1014.0, 1015.0, 1016.0, 1016.0, 1015.0, 1017.0, 1017.0, 1015.0, 1017.0, 1017.0, 1016.0, 1016.0, 1015.0, 1016.0, 1017.0, 1016.0, 1017.0, 1016.0, 1016.0, 1017.0, 1016.0, 1015.0, 1016.0, 1016.0, 1014.0, 1015.0, 1016.0, 1016.0, 1015.0, 1015.0, 1017.0, 1016.0, 1017.0, 1015.0, 1017.0, 1016.0, 1016.0, 1017.0, 1017.0, 1016.0, 1015.0, 1017.0, 1016.0, 1016.0, 1016.0, 1017.0, 1015.0, 1017.0, 1014.0, 1017.0, 1017.0, 1016.0, 1016.0, 1016.0, 1017.0, 1010.0, 1017.0, 1014.0, 1015.0, 1015.0, 1017.0, 1017.0]
Is bad individual winner: 0
Is good individual winner: 1
Real fitness of best good: 1018.0
Noisy fitness of best good: 1018.0
Real fitness of best bad: 1016.0
Noisy fitness of best bad: 1016.0

l: 98
Real fitness of mutation winner: 923.0
Noisy fitness of mutation winner: 923.0
Crossover offspring real fitness: [1015.0, 1015.0, 1015.0, 1015.0, 1016.0, 1015.0, 1016.0, 1017.0, 1016.0, 1016.0, 1017.0, 1017.0, 1017.0, 1014.0, 1016.0, 1017.0, 1015.0, 1016.0, 1017.0, 1016.0, 1016.0, 1014.0, 1017.0, 1015.0, 1017.0, 1016.0, 1017.0, 1017.0, 1017.0, 1015.0, 1016.0, 1016.0, 1017.0, 1017.0, 1016.0, 1016.0, 1017.0, 1015.0, 1016.0, 1017.0, 1016.0, 1017.0, 1016.0, 1015.0, 1016.0, 1017.0, 1017.0, 1017.0, 1015.0, 1015.0, 1015.0, 1015.0, 1016.0, 1017.0, 1017.0, 1017.0, 1016.0, 1017.0, 1017.0, 1016.0, 1015.0, 1015.0, 1015.0, 1016.0, 1014.0, 1016.0, 1015.0, 1016.0, 1016.0, 1015.0, 1016.0, 1017.0, 1016.0, 1016.0, 1017.0, 1015.0, 1017.0, 1017.0, 1017.0, 1016.0, 1017.0, 1016.0, 1016.0, 1017.0, 1016.0, 1017.0, 1016.0, 1017.0, 1017.0, 1015.0, 1016.0, 1017.0, 1017.0, 1014.0, 1017.0, 1016.0, 1017.0, 1017.0, 1017.0, 1015.0, 1017.0]
Crossover offspring noisy fitness: [1015.0, 1015.0, 1015.0, 1015.0, 1016.0, 1015.0, 1016.0, 1017.0, 1016.0, 1016.0, 1017.0, 1017.0, 1017.0, 1014.0, 1015.0, 1017.0, 1015.0, 1016.0, 1017.0, 1016.0, 1016.0, 1014.0, 1017.0, 1015.0, 1017.0, 1016.0, 1017.0, 1017.0, 1017.0, 1015.0, 1016.0, 1016.0, 1017.0, 1017.0, 1016.0, 1016.0, 1017.0, 1015.0, 1016.0, 1017.0, 1016.0, 1017.0, 1016.0, 1015.0, 1015.0, 1017.0, 1017.0, 1017.0, 1015.0, 1015.0, 1015.0, 1015.0, 1016.0, 1017.0, 1017.0, 1017.0, 1016.0, 1017.0, 1017.0, 1015.0, 1015.0, 1015.0, 1015.0, 1016.0, 1014.0, 1016.0, 1015.0, 1016.0, 1016.0, 1014.0, 1016.0, 1017.0, 1016.0, 1016.0, 1016.0, 1015.0, 1017.0, 1017.0, 1017.0, 1016.0, 1017.0, 1016.0, 1016.0, 1017.0, 1016.0, 1017.0, 1016.0, 1017.0, 1016.0, 1015.0, 1016.0, 1017.0, 1017.0, 1014.0, 1017.0, 1016.0, 1017.0, 1017.0, 1017.0, 1015.0, 1017.0]
Is bad individual winner: 0
Is good individual winner: 0
Real fitness of best good: 1017.0
Noisy fitness of best good: 1017.0
Real fitness of best bad: 1016.0
Noisy fitness of best bad: 1016.0

l: 93
Real fitness of mutation winner: 930.0
Noisy fitness of mutation winner: 930.0
Crossover offspring real fitness: [1017.0, 1016.0, 1014.0, 1017.0, 1017.0, 1016.0, 1017.0, 1016.0, 1014.0, 1016.0, 1014.0, 1015.0, 1015.0, 1017.0, 1017.0, 1016.0, 1017.0, 1017.0, 1016.0, 1015.0, 1016.0, 1016.0, 1017.0, 1016.0, 1017.0, 1016.0, 1017.0, 1017.0, 1017.0, 1015.0, 1017.0, 1015.0, 1016.0, 1016.0, 1015.0, 1016.0, 1015.0, 1016.0, 1017.0, 1017.0, 1017.0, 1015.0, 1016.0, 1017.0, 1017.0, 1017.0, 1014.0, 1016.0, 1013.0, 1017.0, 1017.0, 1016.0, 1016.0, 1017.0, 1015.0, 1016.0, 1015.0, 1017.0, 1015.0, 1016.0, 1017.0, 1016.0, 1016.0, 1017.0, 1017.0, 1016.0, 1016.0, 1015.0, 1016.0, 1015.0, 1016.0, 1017.0, 1015.0, 1016.0, 1016.0, 1016.0, 1017.0, 1015.0, 1017.0, 1017.0, 1017.0, 1016.0, 1016.0, 1017.0, 1016.0, 1017.0, 1016.0, 1015.0, 1016.0, 1015.0, 1016.0, 1016.0, 1016.0, 1016.0, 1017.0, 1017.0, 1016.0, 1016.0, 1017.0, 1016.0, 1016.0]
Crossover offspring noisy fitness: [1017.0, 1016.0, 1014.0, 1017.0, 1017.0, 1016.0, 1017.0, 1016.0, 1014.0, 1016.0, 1014.0, 1015.0, 1015.0, 1017.0, 1017.0, 1016.0, 1017.0, 1017.0, 1016.0, 1015.0, 1016.0, 1016.0, 1017.0, 1016.0, 1017.0, 1016.0, 1017.0, 1017.0, 1017.0, 1015.0, 1017.0, 1015.0, 1016.0, 1016.0, 1015.0, 1016.0, 1015.0, 1016.0, 1017.0, 1017.0, 1017.0, 1015.0, 1015.0, 1016.0, 1017.0, 1016.0, 1014.0, 1016.0, 1013.0, 1017.0, 1017.0, 1016.0, 1016.0, 1017.0, 1015.0, 1016.0, 1015.0, 1017.0, 1015.0, 1016.0, 1017.0, 1016.0, 1016.0, 1017.0, 1017.0, 1016.0, 1016.0, 1015.0, 1015.0, 1015.0, 1016.0, 1017.0, 1015.0, 1016.0, 1016.0, 1016.0, 1017.0, 1015.0, 1016.0, 1017.0, 1017.0, 1016.0, 1016.0, 1017.0, 1016.0, 1017.0, 1016.0, 1015.0, 1016.0, 1015.0, 1016.0, 1016.0, 1016.0, 1016.0, 1017.0, 1017.0, 1016.0, 1016.0, 1017.0, 1016.0, 1016.0]
Is bad individual winner: 0
Is good individual winner: 0
Real fitness of best good: 1017.0
Noisy fitness of best good: 1017.0
Real fitness of best bad: 1016.0
Noisy fitness of best bad: 1016.0

l: 109
Real fitness of mutation winner: 914.0
Noisy fitness of mutation winner: 914.0
Crossover offspring real fitness: [1016.0, 1016.0, 1015.0, 1015.0, 1017.0, 1015.0, 1015.0, 1015.0, 1017.0, 1017.0, 1015.0, 1016.0, 1017.0, 1015.0, 1013.0, 1014.0, 1012.0, 1015.0, 1015.0, 1016.0, 1016.0, 1015.0, 1015.0, 1017.0, 1017.0, 1016.0, 1016.0, 1016.0, 1017.0, 1017.0, 1016.0, 1017.0, 1016.0, 1016.0, 1016.0, 1016.0, 1017.0, 1016.0, 1017.0, 1016.0, 1014.0, 1015.0, 1016.0, 1016.0, 1016.0, 1017.0, 1016.0, 1017.0, 1017.0, 1016.0, 1016.0, 1017.0, 1017.0, 1016.0, 1016.0, 1016.0, 1015.0, 1014.0, 1016.0, 1016.0, 1016.0, 1017.0, 1017.0, 1017.0, 1015.0, 1017.0, 1016.0, 1016.0, 1016.0, 1018.0, 1014.0, 1016.0, 1015.0, 1013.0, 1015.0, 1017.0, 1016.0, 1016.0, 1016.0, 1017.0, 1017.0, 1017.0, 1015.0, 1013.0, 1017.0, 1018.0, 1015.0, 1017.0, 1018.0, 1015.0, 1015.0, 1015.0, 1012.0, 1016.0, 1016.0, 1016.0, 1017.0, 1017.0, 1015.0, 1016.0, 1016.0]
Crossover offspring noisy fitness: [1016.0, 1016.0, 1015.0, 1015.0, 1017.0, 1015.0, 1015.0, 1015.0, 1017.0, 1017.0, 1015.0, 1016.0, 1017.0, 1015.0, 1013.0, 1014.0, 1012.0, 1015.0, 1015.0, 1016.0, 1016.0, 1015.0, 1015.0, 1017.0, 1017.0, 1016.0, 1016.0, 1016.0, 1017.0, 1017.0, 1016.0, 1017.0, 1016.0, 1016.0, 1016.0, 1016.0, 1017.0, 1016.0, 1017.0, 1016.0, 1013.0, 1015.0, 1015.0, 1016.0, 1016.0, 1016.0, 1016.0, 1016.0, 1017.0, 1016.0, 1016.0, 1017.0, 1017.0, 1016.0, 1015.0, 1016.0, 1015.0, 1014.0, 1016.0, 1016.0, 1016.0, 1016.0, 1017.0, 1017.0, 1015.0, 1017.0, 1015.0, 1016.0, 1016.0, 1018.0, 1013.0, 1016.0, 1015.0, 1013.0, 1015.0, 1016.0, 1016.0, 1016.0, 1016.0, 1017.0, 1017.0, 1017.0, 1015.0, 1013.0, 1017.0, 1018.0, 1015.0, 1017.0, 1018.0, 1015.0, 1015.0, 1015.0, 1012.0, 1016.0, 1016.0, 1016.0, 1017.0, 1017.0, 1015.0, 1016.0, 1016.0]
Is bad individual winner: 0
Is good individual winner: 1
Real fitness of best good: 1018.0
Noisy fitness of best good: 1018.0
Real fitness of best bad: 1016.0
Noisy fitness of best bad: 1016.0

l: 102
Real fitness of mutation winner: 921.0
Noisy fitness of mutation winner: 921.0
Crossover offspring real fitness: [1016.0, 1013.0, 1017.0, 1017.0, 1016.0, 1017.0, 1015.0, 1016.0, 1017.0, 1016.0, 1017.0, 1017.0, 1014.0, 1017.0, 1012.0, 1014.0, 1017.0, 1016.0, 1016.0, 1016.0, 1017.0, 1016.0, 1016.0, 1015.0, 1017.0, 1017.0, 1016.0, 1015.0, 1017.0, 1016.0, 1016.0, 1015.0, 1016.0, 1016.0, 1016.0, 1016.0, 1017.0, 1016.0, 1017.0, 1016.0, 1016.0, 1017.0, 1014.0, 1016.0, 1017.0, 1016.0, 1017.0, 1017.0, 1016.0, 1017.0, 1017.0, 1014.0, 1015.0, 1015.0, 1015.0, 1017.0, 1014.0, 1016.0, 1016.0, 1017.0, 1016.0, 1016.0, 1013.0, 1017.0, 1017.0, 1017.0, 1017.0, 1017.0, 1017.0, 1015.0, 1017.0, 1017.0, 1016.0, 1016.0, 1014.0, 1017.0, 1016.0, 1015.0, 1011.0, 1016.0, 1016.0, 1014.0, 1015.0, 1015.0, 1017.0, 1016.0, 1015.0, 1016.0, 1016.0, 1016.0, 1016.0, 1017.0, 1017.0, 1016.0, 1015.0, 1014.0, 1015.0, 1014.0, 1016.0, 1015.0, 1016.0]
Crossover offspring noisy fitness: [1016.0, 1013.0, 1017.0, 1017.0, 1016.0, 1017.0, 1015.0, 1016.0, 1017.0, 1016.0, 1017.0, 1017.0, 1013.0, 1017.0, 1012.0, 1014.0, 1017.0, 1016.0, 1015.0, 1016.0, 1017.0, 1015.0, 1016.0, 1015.0, 1017.0, 1017.0, 1016.0, 1015.0, 1017.0, 1016.0, 1016.0, 1015.0, 1016.0, 1015.0, 1016.0, 1015.0, 1017.0, 1016.0, 1017.0, 1016.0, 1016.0, 1017.0, 1014.0, 1016.0, 1017.0, 1016.0, 1017.0, 1016.0, 1016.0, 1017.0, 1017.0, 1014.0, 1015.0, 1015.0, 1015.0, 1016.0, 1014.0, 1016.0, 1016.0, 1017.0, 1016.0, 1016.0, 1013.0, 1017.0, 1017.0, 1017.0, 1017.0, 1017.0, 1017.0, 1015.0, 1017.0, 1017.0, 1016.0, 1016.0, 1014.0, 1017.0, 1016.0, 1015.0, 1011.0, 1016.0, 1016.0, 1014.0, 1015.0, 1015.0, 1017.0, 1016.0, 1015.0, 1016.0, 1016.0, 1016.0, 1016.0, 1017.0, 1017.0, 1016.0, 1015.0, 1014.0, 1015.0, 1014.0, 1016.0, 1015.0, 1016.0]
Is bad individual winner: 0
Is good individual winner: 0
Real fitness of best good: 1017.0
Noisy fitness of best good: 1017.0
Real fitness of best bad: 1016.0
Noisy fitness of best bad: 1016.0

l: 104
Real fitness of mutation winner: 921.0
Noisy fitness of mutation winner: 921.0
Crossover offspring real fitness: [1016.0, 1016.0, 1016.0, 1017.0, 1016.0, 1016.0, 1017.0, 1017.0, 1014.0, 1016.0, 1013.0, 1015.0, 1016.0, 1016.0, 1015.0, 1016.0, 1015.0, 1016.0, 1018.0, 1015.0, 1016.0, 1017.0, 1014.0, 1016.0, 1017.0, 1017.0, 1014.0, 1016.0, 1016.0, 1016.0, 1017.0, 1017.0, 1016.0, 1015.0, 1016.0, 1015.0, 1016.0, 1017.0, 1016.0, 1015.0, 1016.0, 1017.0, 1012.0, 1017.0, 1016.0, 1015.0, 1017.0, 1017.0, 1017.0, 1015.0, 1016.0, 1016.0, 1017.0, 1016.0, 1017.0, 1017.0, 1017.0, 1016.0, 1016.0, 1016.0, 1014.0, 1016.0, 1015.0, 1017.0, 1016.0, 1015.0, 1016.0, 1017.0, 1015.0, 1016.0, 1017.0, 1017.0, 1017.0, 1016.0, 1016.0, 1017.0, 1017.0, 1016.0, 1016.0, 1015.0, 1016.0, 1017.0, 1015.0, 1015.0, 1017.0, 1016.0, 1017.0, 1015.0, 1016.0, 1016.0, 1016.0, 1017.0, 1015.0, 1016.0, 1017.0, 1018.0, 1016.0, 1017.0, 1017.0, 1016.0, 1017.0]
Crossover offspring noisy fitness: [1016.0, 1016.0, 1016.0, 1017.0, 1016.0, 1016.0, 1017.0, 1017.0, 1014.0, 1016.0, 1013.0, 1015.0, 1016.0, 1016.0, 1015.0, 1016.0, 1015.0, 1016.0, 1018.0, 1015.0, 1016.0, 1017.0, 1014.0, 1016.0, 1017.0, 1017.0, 1014.0, 1016.0, 1016.0, 1016.0, 1017.0, 1017.0, 1016.0, 1015.0, 1016.0, 1015.0, 1016.0, 1017.0, 1016.0, 1015.0, 1016.0, 1017.0, 1012.0, 1017.0, 1016.0, 1015.0, 1017.0, 1017.0, 1017.0, 1015.0, 1016.0, 1016.0, 1016.0, 1016.0, 1017.0, 1017.0, 1017.0, 1016.0, 1016.0, 1016.0, 1014.0, 1016.0, 1015.0, 1017.0, 1016.0, 1015.0, 1016.0, 1017.0, 1015.0, 1016.0, 1017.0, 1017.0, 1017.0, 1016.0, 1016.0, 1017.0, 1017.0, 1016.0, 1016.0, 1015.0, 1016.0, 1017.0, 1015.0, 1015.0, 1017.0, 1016.0, 1017.0, 1015.0, 1016.0, 1016.0, 1016.0, 1017.0, 1015.0, 1016.0, 1017.0, 1018.0, 1016.0, 1016.0, 1017.0, 1016.0, 1017.0]
Is bad individual winner: 0
Is good individual winner: 1
Real fitness of best good: 1018.0
Noisy fitness of best good: 1018.0
Real fitness of best bad: 1016.0
Noisy fitness of best bad: 1016.0

l: 101
Real fitness of mutation winner: 922.0
Noisy fitness of mutation winner: 922.0
Crossover offspring real fitness: [1017.0, 1014.0, 1016.0, 1016.0, 1016.0, 1016.0, 1014.0, 1017.0, 1017.0, 1016.0, 1015.0, 1016.0, 1015.0, 1016.0, 1016.0, 1016.0, 1017.0, 1016.0, 1017.0, 1014.0, 1016.0, 1015.0, 1016.0, 1016.0, 1016.0, 1017.0, 1016.0, 1015.0, 1017.0, 1017.0, 1015.0, 1016.0, 1016.0, 1017.0, 1016.0, 1016.0, 1017.0, 1017.0, 1017.0, 1017.0, 1016.0, 1016.0, 1017.0, 1015.0, 1017.0, 1015.0, 1017.0, 1017.0, 1016.0, 1017.0, 1017.0, 1017.0, 1014.0, 1017.0, 1016.0, 1017.0, 1016.0, 1017.0, 1017.0, 1017.0, 1016.0, 1016.0, 1016.0, 1016.0, 1014.0, 1015.0, 1016.0, 1016.0, 1016.0, 1018.0, 1016.0, 1016.0, 1015.0, 1016.0, 1016.0, 1017.0, 1016.0, 1015.0, 1017.0, 1016.0, 1017.0, 1017.0, 1017.0, 1016.0, 1017.0, 1017.0, 1016.0, 1016.0, 1015.0, 1014.0, 1015.0, 1015.0, 1017.0, 1017.0, 1017.0, 1015.0, 1016.0, 1016.0, 1016.0, 1016.0, 1015.0]
Crossover offspring noisy fitness: [1017.0, 1014.0, 1016.0, 1016.0, 1016.0, 1016.0, 1013.0, 1017.0, 1017.0, 1016.0, 1015.0, 1016.0, 1015.0, 1016.0, 1016.0, 1016.0, 1017.0, 1016.0, 1017.0, 1014.0, 1016.0, 1015.0, 1016.0, 1016.0, 1016.0, 1017.0, 1016.0, 1015.0, 1017.0, 1017.0, 1014.0, 1016.0, 1016.0, 1017.0, 1016.0, 1016.0, 1017.0, 1017.0, 1017.0, 1017.0, 1016.0, 1016.0, 1017.0, 1015.0, 1017.0, 1015.0, 1017.0, 1017.0, 1016.0, 1017.0, 1017.0, 1017.0, 1014.0, 1017.0, 1016.0, 1017.0, 1016.0, 1017.0, 1017.0, 1017.0, 1016.0, 1016.0, 1016.0, 1016.0, 1014.0, 1015.0, 1015.0, 1016.0, 1016.0, 1018.0, 1016.0, 1016.0, 1015.0, 1016.0, 1016.0, 1017.0, 1016.0, 1015.0, 1017.0, 1016.0, 1017.0, 1017.0, 1017.0, 1016.0, 1017.0, 1017.0, 1016.0, 1016.0, 1015.0, 1014.0, 1015.0, 1015.0, 1017.0, 1016.0, 1017.0, 1014.0, 1016.0, 1016.0, 1016.0, 1016.0, 1015.0]
Is bad individual winner: 0
Is good individual winner: 1
Real fitness of best good: 1018.0
Noisy fitness of best good: 1018.0
Real fitness of best bad: 1016.0
Noisy fitness of best bad: 1016.0

l: 107
Real fitness of mutation winner: 916.0
Noisy fitness of mutation winner: 916.0
Crossover offspring real fitness: [1017.0, 1017.0, 1016.0, 1015.0, 1015.0, 1017.0, 1017.0, 1017.0, 1016.0, 1017.0, 1015.0, 1015.0, 1016.0, 1014.0, 1016.0, 1015.0, 1016.0, 1016.0, 1017.0, 1016.0, 1017.0, 1015.0, 1016.0, 1014.0, 1017.0, 1017.0, 1017.0, 1014.0, 1016.0, 1016.0, 1016.0, 1016.0, 1016.0, 1016.0, 1017.0, 1016.0, 1016.0, 1017.0, 1017.0, 1017.0, 1016.0, 1017.0, 1016.0, 1016.0, 1015.0, 1017.0, 1016.0, 1016.0, 1017.0, 1016.0, 1016.0, 1014.0, 1017.0, 1017.0, 1016.0, 1016.0, 1017.0, 1016.0, 1016.0, 1017.0, 1015.0, 1015.0, 1016.0, 1014.0, 1018.0, 1013.0, 1016.0, 1017.0, 1017.0, 1016.0, 1017.0, 1016.0, 1016.0, 1015.0, 1017.0, 1016.0, 1016.0, 1018.0, 1017.0, 1016.0, 1016.0, 1015.0, 1017.0, 1016.0, 1014.0, 1016.0, 1014.0, 1017.0, 1013.0, 1015.0, 1013.0, 1015.0, 1017.0, 1016.0, 1017.0, 1017.0, 1015.0, 1017.0, 1017.0, 1016.0, 1017.0]
Crossover offspring noisy fitness: [1017.0, 1017.0, 1015.0, 1014.0, 1015.0, 1017.0, 1017.0, 1017.0, 1016.0, 1017.0, 1015.0, 1015.0, 1016.0, 1014.0, 1016.0, 1015.0, 1016.0, 1016.0, 1016.0, 1016.0, 1017.0, 1015.0, 1016.0, 1014.0, 1017.0, 1017.0, 1017.0, 1014.0, 1016.0, 1015.0, 1016.0, 1016.0, 1016.0, 1016.0, 1017.0, 1016.0, 1016.0, 1017.0, 1017.0, 1017.0, 1016.0, 1017.0, 1016.0, 1016.0, 1015.0, 1017.0, 1016.0, 1016.0, 1017.0, 1016.0, 1016.0, 1014.0, 1017.0, 1017.0, 1016.0, 1016.0, 1017.0, 1016.0, 1016.0, 1017.0, 1015.0, 1014.0, 1016.0, 1013.0, 1018.0, 1013.0, 1016.0, 1017.0, 1017.0, 1016.0, 1017.0, 1016.0, 1016.0, 1015.0, 1017.0, 1016.0, 1016.0, 1018.0, 1017.0, 1016.0, 1016.0, 1015.0, 1017.0, 1016.0, 1014.0, 1016.0, 1014.0, 1017.0, 1013.0, 1015.0, 1013.0, 1015.0, 1017.0, 1016.0, 1017.0, 1017.0, 1015.0, 1017.0, 1017.0, 1016.0, 1017.0]
Is bad individual winner: 0
Is good individual winner: 1
Real fitness of best good: 1018.0
Noisy fitness of best good: 1018.0
Real fitness of best bad: 1016.0
Noisy fitness of best bad: 1016.0

l: 90
Real fitness of mutation winner: 933.0
Noisy fitness of mutation winner: 933.0
Crossover offspring real fitness: [1017.0, 1017.0, 1017.0, 1016.0, 1016.0, 1017.0, 1017.0, 1017.0, 1017.0, 1017.0, 1014.0, 1016.0, 1017.0, 1017.0, 1017.0, 1014.0, 1017.0, 1015.0, 1015.0, 1017.0, 1016.0, 1017.0, 1016.0, 1016.0, 1017.0, 1016.0, 1017.0, 1016.0, 1017.0, 1016.0, 1015.0, 1017.0, 1017.0, 1017.0, 1017.0, 1017.0, 1017.0, 1016.0, 1017.0, 1017.0, 1017.0, 1017.0, 1017.0, 1017.0, 1018.0, 1017.0, 1017.0, 1016.0, 1017.0, 1016.0, 1016.0, 1016.0, 1016.0, 1017.0, 1015.0, 1016.0, 1015.0, 1017.0, 1018.0, 1016.0, 1018.0, 1015.0, 1017.0, 1016.0, 1016.0, 1017.0, 1017.0, 1017.0, 1016.0, 1017.0, 1016.0, 1016.0, 1016.0, 1017.0, 1016.0, 1015.0, 1016.0, 1017.0, 1014.0, 1016.0, 1017.0, 1016.0, 1016.0, 1016.0, 1015.0, 1017.0, 1015.0, 1017.0, 1016.0, 1017.0, 1016.0, 1015.0, 1017.0, 1016.0, 1015.0, 1017.0, 1017.0, 1016.0, 1016.0, 1017.0, 1016.0]
Crossover offspring noisy fitness: [1017.0, 1017.0, 1017.0, 1016.0, 1016.0, 1017.0, 1017.0, 1017.0, 1017.0, 1017.0, 1014.0, 1016.0, 1017.0, 1017.0, 1017.0, 1014.0, 1017.0, 1015.0, 1015.0, 1017.0, 1016.0, 1017.0, 1016.0, 1016.0, 1017.0, 1016.0, 1017.0, 1016.0, 1017.0, 1015.0, 1015.0, 1016.0, 1017.0, 1017.0, 1017.0, 1017.0, 1017.0, 1016.0, 1017.0, 1017.0, 1017.0, 1017.0, 1017.0, 1017.0, 1018.0, 1017.0, 1017.0, 1016.0, 1017.0, 1016.0, 1015.0, 1016.0, 1016.0, 1017.0, 1015.0, 1016.0, 1015.0, 1017.0, 1018.0, 1016.0, 1018.0, 1015.0, 1017.0, 1016.0, 1016.0, 1017.0, 1017.0, 1017.0, 1016.0, 1017.0, 1016.0, 1016.0, 1016.0, 1017.0, 1016.0, 1015.0, 1016.0, 1017.0, 1014.0, 1016.0, 1017.0, 1016.0, 1016.0, 1016.0, 1015.0, 1017.0, 1015.0, 1017.0, 1016.0, 1017.0, 1016.0, 1014.0, 1017.0, 1016.0, 1015.0, 1017.0, 1017.0, 1016.0, 1016.0, 1017.0, 1016.0]
Is bad individual winner: 0
Is good individual winner: 1
Real fitness of best good: 1018.0
Noisy fitness of best good: 1018.0
Real fitness of best bad: 1016.0
Noisy fitness of best bad: 1016.0

l: 102
Real fitness of mutation winner: 923.0
Noisy fitness of mutation winner: 923.0
Crossover offspring real fitness: [1016.0, 1017.0, 1016.0, 1018.0, 1017.0, 1017.0, 1017.0, 1016.0, 1016.0, 1017.0, 1017.0, 1017.0, 1016.0, 1016.0, 1016.0, 1018.0, 1015.0, 1015.0, 1016.0, 1014.0, 1016.0, 1017.0, 1017.0, 1016.0, 1016.0, 1015.0, 1016.0, 1017.0, 1016.0, 1017.0, 1016.0, 1016.0, 1017.0, 1017.0, 1017.0, 1014.0, 1016.0, 1016.0, 1016.0, 1017.0, 1015.0, 1013.0, 1015.0, 1016.0, 1018.0, 1017.0, 1015.0, 1015.0, 1015.0, 1016.0, 1017.0, 1016.0, 1017.0, 1015.0, 1017.0, 1016.0, 1016.0, 1015.0, 1017.0, 1017.0, 1017.0, 1015.0, 1017.0, 1017.0, 1016.0, 1015.0, 1015.0, 1016.0, 1016.0, 1013.0, 1016.0, 1017.0, 1017.0, 1016.0, 1017.0, 1015.0, 1017.0, 1016.0, 1016.0, 1017.0, 1017.0, 1016.0, 1017.0, 1016.0, 1015.0, 1016.0, 1017.0, 1016.0, 1016.0, 1015.0, 1017.0, 1015.0, 1014.0, 1016.0, 1017.0, 1014.0, 1014.0, 1015.0, 1017.0, 1016.0, 1016.0]
Crossover offspring noisy fitness: [1016.0, 1017.0, 1016.0, 1018.0, 1017.0, 1017.0, 1017.0, 1016.0, 1016.0, 1017.0, 1017.0, 1017.0, 1016.0, 1016.0, 1016.0, 1018.0, 1015.0, 1015.0, 1016.0, 1014.0, 1016.0, 1017.0, 1017.0, 1016.0, 1016.0, 1015.0, 1016.0, 1017.0, 1016.0, 1017.0, 1016.0, 1016.0, 1017.0, 1017.0, 1017.0, 1014.0, 1016.0, 1016.0, 1016.0, 1017.0, 1015.0, 1013.0, 1015.0, 1016.0, 1018.0, 1017.0, 1015.0, 1015.0, 1015.0, 1015.0, 1017.0, 1016.0, 1017.0, 1015.0, 1017.0, 1016.0, 1016.0, 1015.0, 1017.0, 1017.0, 1017.0, 1015.0, 1017.0, 1017.0, 1016.0, 1014.0, 1015.0, 1016.0, 1016.0, 1013.0, 1016.0, 1017.0, 1017.0, 1016.0, 1017.0, 1015.0, 1017.0, 1016.0, 1016.0, 1017.0, 1017.0, 1016.0, 1017.0, 1016.0, 1015.0, 1016.0, 1017.0, 1016.0, 1016.0, 1015.0, 1017.0, 1014.0, 1014.0, 1016.0, 1017.0, 1014.0, 1014.0, 1015.0, 1017.0, 1015.0, 1016.0]
Is bad individual winner: 0
Is good individual winner: 1
Real fitness of best good: 1018.0
Noisy fitness of best good: 1018.0
Real fitness of best bad: 1016.0
Noisy fitness of best bad: 1016.0

l: 104
Real fitness of mutation winner: 921.0
Noisy fitness of mutation winner: 921.0
Crossover offspring real fitness: [1015.0, 1014.0, 1016.0, 1016.0, 1017.0, 1017.0, 1017.0, 1017.0, 1016.0, 1017.0, 1013.0, 1016.0, 1015.0, 1016.0, 1016.0, 1016.0, 1017.0, 1016.0, 1014.0, 1016.0, 1016.0, 1016.0, 1017.0, 1015.0, 1016.0, 1016.0, 1016.0, 1016.0, 1017.0, 1016.0, 1017.0, 1017.0, 1016.0, 1014.0, 1017.0, 1016.0, 1017.0, 1017.0, 1016.0, 1015.0, 1016.0, 1016.0, 1017.0, 1015.0, 1016.0, 1016.0, 1016.0, 1017.0, 1014.0, 1015.0, 1017.0, 1017.0, 1016.0, 1017.0, 1016.0, 1016.0, 1017.0, 1017.0, 1017.0, 1017.0, 1017.0, 1016.0, 1017.0, 1015.0, 1016.0, 1017.0, 1016.0, 1017.0, 1015.0, 1015.0, 1016.0, 1014.0, 1016.0, 1016.0, 1017.0, 1017.0, 1012.0, 1017.0, 1017.0, 1018.0, 1017.0, 1015.0, 1018.0, 1016.0, 1016.0, 1017.0, 1016.0, 1017.0, 1015.0, 1017.0, 1017.0, 1014.0, 1016.0, 1017.0, 1016.0, 1016.0, 1017.0, 1018.0, 1017.0, 1017.0, 1017.0]
Crossover offspring noisy fitness: [1015.0, 1014.0, 1016.0, 1016.0, 1017.0, 1017.0, 1017.0, 1017.0, 1016.0, 1016.0, 1013.0, 1016.0, 1015.0, 1016.0, 1016.0, 1016.0, 1017.0, 1016.0, 1014.0, 1016.0, 1016.0, 1016.0, 1017.0, 1015.0, 1016.0, 1016.0, 1016.0, 1016.0, 1017.0, 1016.0, 1017.0, 1017.0, 1016.0, 1013.0, 1017.0, 1016.0, 1017.0, 1017.0, 1016.0, 1015.0, 1016.0, 1016.0, 1017.0, 1015.0, 1016.0, 1016.0, 1016.0, 1017.0, 1014.0, 1015.0, 1017.0, 1017.0, 1016.0, 1017.0, 1015.0, 1016.0, 1017.0, 1017.0, 1017.0, 1017.0, 1017.0, 1016.0, 1017.0, 1015.0, 1016.0, 1017.0, 1016.0, 1017.0, 1015.0, 1015.0, 1016.0, 1014.0, 1016.0, 1015.0, 1017.0, 1017.0, 1012.0, 1017.0, 1017.0, 1018.0, 1017.0, 1015.0, 1018.0, 1016.0, 1016.0, 1017.0, 1016.0, 1017.0, 1015.0, 1017.0, 1017.0, 1014.0, 1016.0, 1017.0, 1016.0, 1016.0, 1017.0, 1018.0, 1017.0, 1017.0, 1017.0]
Is bad individual winner: 0
Is good individual winner: 1
Real fitness of best good: 1018.0
Noisy fitness of best good: 1018.0
Real fitness of best bad: 1016.0
Noisy fitness of best bad: 1016.0

l: 101
Real fitness of mutation winner: 922.0
Noisy fitness of mutation winner: 922.0
Crossover offspring real fitness: [1016.0, 1017.0, 1017.0, 1016.0, 1016.0, 1015.0, 1013.0, 1015.0, 1015.0, 1017.0, 1017.0, 1016.0, 1015.0, 1016.0, 1016.0, 1016.0, 1016.0, 1016.0, 1017.0, 1016.0, 1016.0, 1017.0, 1017.0, 1017.0, 1016.0, 1016.0, 1017.0, 1016.0, 1013.0, 1016.0, 1014.0, 1016.0, 1015.0, 1014.0, 1017.0, 1018.0, 1016.0, 1015.0, 1014.0, 1016.0, 1017.0, 1017.0, 1016.0, 1016.0, 1016.0, 1016.0, 1015.0, 1015.0, 1016.0, 1017.0, 1017.0, 1017.0, 1015.0, 1017.0, 1015.0, 1015.0, 1015.0, 1015.0, 1017.0, 1015.0, 1016.0, 1015.0, 1015.0, 1017.0, 1016.0, 1017.0, 1016.0, 1017.0, 1016.0, 1017.0, 1015.0, 1015.0, 1016.0, 1015.0, 1016.0, 1016.0, 1015.0, 1016.0, 1017.0, 1017.0, 1017.0, 1016.0, 1016.0, 1016.0, 1017.0, 1015.0, 1016.0, 1016.0, 1016.0, 1016.0, 1016.0, 1017.0, 1015.0, 1016.0, 1016.0, 1017.0, 1016.0, 1015.0, 1017.0, 1016.0, 1016.0]
Crossover offspring noisy fitness: [1015.0, 1017.0, 1016.0, 1016.0, 1016.0, 1015.0, 1013.0, 1015.0, 1015.0, 1017.0, 1017.0, 1015.0, 1014.0, 1016.0, 1016.0, 1016.0, 1016.0, 1016.0, 1017.0, 1016.0, 1016.0, 1017.0, 1017.0, 1017.0, 1016.0, 1016.0, 1017.0, 1016.0, 1013.0, 1016.0, 1014.0, 1016.0, 1015.0, 1014.0, 1017.0, 1018.0, 1016.0, 1015.0, 1014.0, 1016.0, 1017.0, 1017.0, 1016.0, 1016.0, 1016.0, 1016.0, 1015.0, 1015.0, 1016.0, 1017.0, 1017.0, 1017.0, 1015.0, 1017.0, 1015.0, 1015.0, 1015.0, 1015.0, 1017.0, 1015.0, 1016.0, 1015.0, 1015.0, 1017.0, 1016.0, 1017.0, 1016.0, 1017.0, 1016.0, 1017.0, 1015.0, 1015.0, 1016.0, 1015.0, 1016.0, 1016.0, 1015.0, 1016.0, 1017.0, 1016.0, 1017.0, 1016.0, 1016.0, 1016.0, 1017.0, 1015.0, 1016.0, 1016.0, 1016.0, 1016.0, 1016.0, 1017.0, 1015.0, 1016.0, 1016.0, 1017.0, 1016.0, 1015.0, 1017.0, 1016.0, 1016.0]
Is bad individual winner: 0
Is good individual winner: 1
Real fitness of best good: 1018.0
Noisy fitness of best good: 1018.0
Real fitness of best bad: 1016.0
Noisy fitness of best bad: 1016.0

l: 73
Real fitness of mutation winner: 948.0
Noisy fitness of mutation winner: 948.0
Crossover offspring real fitness: [1015.0, 1016.0, 1017.0, 1017.0, 1017.0, 1017.0, 1017.0, 1017.0, 1017.0, 1017.0, 1016.0, 1017.0, 1016.0, 1016.0, 1015.0, 1017.0, 1017.0, 1017.0, 1016.0, 1015.0, 1017.0, 1017.0, 1015.0, 1017.0, 1016.0, 1017.0, 1017.0, 1017.0, 1016.0, 1017.0, 1016.0, 1017.0, 1016.0, 1017.0, 1015.0, 1016.0, 1016.0, 1016.0, 1017.0, 1017.0, 1016.0, 1017.0, 1017.0, 1017.0, 1016.0, 1016.0, 1014.0, 1016.0, 1017.0, 1017.0, 1016.0, 1015.0, 1015.0, 1015.0, 1017.0, 1016.0, 1017.0, 1017.0, 1015.0, 1016.0, 1016.0, 1016.0, 1017.0, 1015.0, 1017.0, 1016.0, 1017.0, 1017.0, 1018.0, 1017.0, 1017.0, 1016.0, 1017.0, 1017.0, 1017.0, 1015.0, 1017.0, 1016.0, 1017.0, 1016.0, 1017.0, 1017.0, 1015.0, 1016.0, 1017.0, 1015.0, 1014.0, 1015.0, 1017.0, 1017.0, 1015.0, 1017.0, 1017.0, 1017.0, 1017.0, 1016.0, 1015.0, 1017.0, 1017.0, 1017.0, 1016.0]
Crossover offspring noisy fitness: [1015.0, 1016.0, 1017.0, 1017.0, 1017.0, 1017.0, 1017.0, 1017.0, 1017.0, 1017.0, 1016.0, 1017.0, 1016.0, 1016.0, 1015.0, 1017.0, 1017.0, 1017.0, 1015.0, 1015.0, 1017.0, 1017.0, 1015.0, 1017.0, 1016.0, 1017.0, 1017.0, 1017.0, 1016.0, 1017.0, 1016.0, 1017.0, 1016.0, 1017.0, 1015.0, 1016.0, 1016.0, 1016.0, 1017.0, 1017.0, 1016.0, 1017.0, 1016.0, 1017.0, 1015.0, 1016.0, 1014.0, 1016.0, 1017.0, 1017.0, 1016.0, 1015.0, 1015.0, 1015.0, 1017.0, 1016.0, 1017.0, 1016.0, 1015.0, 1015.0, 1016.0, 1016.0, 1017.0, 1015.0, 1017.0, 1016.0, 1017.0, 1017.0, 1018.0, 1017.0, 1017.0, 1016.0, 1017.0, 1017.0, 1016.0, 1015.0, 1017.0, 1016.0, 1017.0, 1015.0, 1017.0, 1017.0, 1015.0, 1016.0, 1017.0, 1015.0, 1014.0, 1015.0, 1017.0, 1017.0, 1015.0, 1017.0, 1017.0, 1017.0, 1017.0, 1016.0, 1015.0, 1017.0, 1016.0, 1017.0, 1016.0]
Is bad individual winner: 0
Is good individual winner: 1
Real fitness of best good: 1018.0
Noisy fitness of best good: 1018.0
Real fitness of best bad: 1016.0
Noisy fitness of best bad: 1016.0

l: 108
Real fitness of mutation winner: 915.0
Noisy fitness of mutation winner: 915.0
Crossover offspring real fitness: [1015.0, 1017.0, 1017.0, 1016.0, 1017.0, 1016.0, 1017.0, 1017.0, 1016.0, 1015.0, 1015.0, 1016.0, 1017.0, 1015.0, 1016.0, 1017.0, 1016.0, 1015.0, 1016.0, 1018.0, 1017.0, 1015.0, 1016.0, 1016.0, 1017.0, 1015.0, 1015.0, 1017.0, 1017.0, 1017.0, 1017.0, 1016.0, 1015.0, 1016.0, 1016.0, 1016.0, 1017.0, 1016.0, 1016.0, 1016.0, 1017.0, 1015.0, 1017.0, 1017.0, 1015.0, 1015.0, 1015.0, 1017.0, 1015.0, 1016.0, 1017.0, 1016.0, 1017.0, 1016.0, 1016.0, 1018.0, 1017.0, 1017.0, 1016.0, 1014.0, 1017.0, 1014.0, 1017.0, 1016.0, 1016.0, 1016.0, 1017.0, 1017.0, 1016.0, 1016.0, 1017.0, 1016.0, 1015.0, 1016.0, 1017.0, 1017.0, 1017.0, 1017.0, 1017.0, 1017.0, 1017.0, 1016.0, 1017.0, 1015.0, 1017.0, 1016.0, 1017.0, 1016.0, 1015.0, 1017.0, 1017.0, 1017.0, 1016.0, 1017.0, 1017.0, 1017.0, 1016.0, 1016.0, 1017.0, 1016.0, 1017.0]
Crossover offspring noisy fitness: [1015.0, 1017.0, 1017.0, 1015.0, 1017.0, 1016.0, 1017.0, 1017.0, 1016.0, 1015.0, 1015.0, 1016.0, 1017.0, 1015.0, 1016.0, 1017.0, 1016.0, 1015.0, 1016.0, 1018.0, 1017.0, 1015.0, 1016.0, 1016.0, 1017.0, 1015.0, 1015.0, 1017.0, 1017.0, 1017.0, 1017.0, 1016.0, 1015.0, 1015.0, 1016.0, 1016.0, 1017.0, 1016.0, 1016.0, 1016.0, 1017.0, 1015.0, 1017.0, 1017.0, 1015.0, 1015.0, 1015.0, 1017.0, 1014.0, 1016.0, 1017.0, 1016.0, 1017.0, 1016.0, 1016.0, 1018.0, 1017.0, 1017.0, 1016.0, 1014.0, 1017.0, 1014.0, 1017.0, 1016.0, 1016.0, 1016.0, 1017.0, 1017.0, 1016.0, 1016.0, 1017.0, 1016.0, 1015.0, 1016.0, 1017.0, 1017.0, 1017.0, 1017.0, 1017.0, 1017.0, 1017.0, 1016.0, 1017.0, 1015.0, 1017.0, 1016.0, 1017.0, 1016.0, 1015.0, 1017.0, 1017.0, 1017.0, 1015.0, 1017.0, 1017.0, 1017.0, 1015.0, 1016.0, 1017.0, 1016.0, 1017.0]
Is bad individual winner: 0
Is good individual winner: 1
Real fitness of best good: 1018.0
Noisy fitness of best good: 1018.0
Real fitness of best bad: 1016.0
Noisy fitness of best bad: 1016.0

l: 94
Real fitness of mutation winner: 931.0
Noisy fitness of mutation winner: 931.0
Crossover offspring real fitness: [1016.0, 1016.0, 1016.0, 1017.0, 1017.0, 1017.0, 1015.0, 1017.0, 1017.0, 1013.0, 1016.0, 1016.0, 1017.0, 1015.0, 1016.0, 1017.0, 1017.0, 1016.0, 1016.0, 1016.0, 1012.0, 1016.0, 1016.0, 1017.0, 1017.0, 1015.0, 1017.0, 1016.0, 1016.0, 1016.0, 1017.0, 1016.0, 1017.0, 1016.0, 1015.0, 1017.0, 1014.0, 1015.0, 1013.0, 1016.0, 1016.0, 1016.0, 1016.0, 1017.0, 1017.0, 1016.0, 1017.0, 1015.0, 1016.0, 1017.0, 1016.0, 1017.0, 1014.0, 1014.0, 1017.0, 1017.0, 1016.0, 1017.0, 1016.0, 1015.0, 1017.0, 1016.0, 1017.0, 1017.0, 1016.0, 1016.0, 1016.0, 1016.0, 1017.0, 1014.0, 1016.0, 1017.0, 1016.0, 1014.0, 1017.0, 1014.0, 1015.0, 1015.0, 1014.0, 1016.0, 1017.0, 1016.0, 1015.0, 1016.0, 1016.0, 1016.0, 1016.0, 1015.0, 1015.0, 1016.0, 1017.0, 1016.0, 1017.0, 1016.0, 1015.0, 1016.0, 1015.0, 1015.0, 1016.0, 1017.0, 1016.0]
Crossover offspring noisy fitness: [1016.0, 1016.0, 1016.0, 1017.0, 1017.0, 1017.0, 1015.0, 1017.0, 1016.0, 1013.0, 1016.0, 1015.0, 1017.0, 1015.0, 1015.0, 1017.0, 1016.0, 1016.0, 1016.0, 1016.0, 1012.0, 1016.0, 1016.0, 1017.0, 1017.0, 1015.0, 1017.0, 1016.0, 1016.0, 1016.0, 1016.0, 1016.0, 1017.0, 1016.0, 1015.0, 1017.0, 1014.0, 1015.0, 1013.0, 1016.0, 1016.0, 1016.0, 1016.0, 1017.0, 1017.0, 1016.0, 1017.0, 1015.0, 1016.0, 1017.0, 1016.0, 1017.0, 1013.0, 1014.0, 1017.0, 1017.0, 1016.0, 1017.0, 1016.0, 1015.0, 1017.0, 1016.0, 1017.0, 1017.0, 1016.0, 1016.0, 1016.0, 1016.0, 1017.0, 1014.0, 1016.0, 1017.0, 1016.0, 1014.0, 1017.0, 1013.0, 1015.0, 1015.0, 1014.0, 1016.0, 1016.0, 1016.0, 1015.0, 1016.0, 1016.0, 1016.0, 1015.0, 1015.0, 1014.0, 1016.0, 1017.0, 1016.0, 1016.0, 1016.0, 1014.0, 1015.0, 1015.0, 1015.0, 1016.0, 1017.0, 1016.0]
Is bad individual winner: 0
Is good individual winner: 0
Real fitness of best good: 1017.0
Noisy fitness of best good: 1017.0
Real fitness of best bad: 1016.0
Noisy fitness of best bad: 1016.0

l: 85
Real fitness of mutation winner: 938.0
Noisy fitness of mutation winner: 938.0
Crossover offspring real fitness: [1016.0, 1015.0, 1017.0, 1017.0, 1016.0, 1017.0, 1016.0, 1016.0, 1016.0, 1017.0, 1016.0, 1017.0, 1016.0, 1015.0, 1017.0, 1017.0, 1015.0, 1015.0, 1016.0, 1018.0, 1017.0, 1015.0, 1017.0, 1016.0, 1016.0, 1016.0, 1017.0, 1017.0, 1017.0, 1017.0, 1017.0, 1016.0, 1015.0, 1015.0, 1017.0, 1017.0, 1016.0, 1017.0, 1017.0, 1017.0, 1018.0, 1015.0, 1015.0, 1016.0, 1015.0, 1016.0, 1017.0, 1016.0, 1017.0, 1016.0, 1015.0, 1016.0, 1014.0, 1016.0, 1017.0, 1015.0, 1017.0, 1016.0, 1017.0, 1012.0, 1016.0, 1017.0, 1017.0, 1016.0, 1015.0, 1015.0, 1016.0, 1017.0, 1016.0, 1016.0, 1015.0, 1016.0, 1017.0, 1017.0, 1017.0, 1017.0, 1015.0, 1016.0, 1013.0, 1017.0, 1017.0, 1016.0, 1017.0, 1014.0, 1016.0, 1016.0, 1016.0, 1017.0, 1016.0, 1017.0, 1017.0, 1015.0, 1017.0, 1014.0, 1016.0, 1017.0, 1017.0, 1016.0, 1016.0, 1017.0, 1017.0]
Crossover offspring noisy fitness: [1016.0, 1015.0, 1017.0, 1017.0, 1016.0, 1017.0, 1016.0, 1016.0, 1016.0, 1017.0, 1015.0, 1017.0, 1016.0, 1015.0, 1017.0, 1017.0, 1015.0, 1015.0, 1016.0, 1018.0, 1017.0, 1015.0, 1017.0, 1016.0, 1016.0, 1016.0, 1017.0, 1017.0, 1017.0, 1017.0, 1017.0, 1015.0, 1015.0, 1015.0, 1017.0, 1017.0, 1016.0, 1017.0, 1017.0, 1016.0, 1018.0, 1014.0, 1015.0, 1016.0, 1015.0, 1016.0, 1017.0, 1016.0, 1017.0, 1016.0, 1015.0, 1016.0, 1014.0, 1016.0, 1017.0, 1015.0, 1017.0, 1016.0, 1017.0, 1011.0, 1016.0, 1017.0, 1017.0, 1016.0, 1015.0, 1015.0, 1016.0, 1017.0, 1016.0, 1015.0, 1015.0, 1016.0, 1017.0, 1017.0, 1016.0, 1016.0, 1015.0, 1016.0, 1013.0, 1016.0, 1017.0, 1016.0, 1017.0, 1014.0, 1016.0, 1016.0, 1016.0, 1017.0, 1015.0, 1017.0, 1017.0, 1015.0, 1017.0, 1014.0, 1015.0, 1017.0, 1017.0, 1016.0, 1016.0, 1017.0, 1017.0]
Is bad individual winner: 0
Is good individual winner: 1
Real fitness of best good: 1018.0
Noisy fitness of best good: 1018.0
Real fitness of best bad: 1016.0
Noisy fitness of best bad: 1016.0

l: 97
Real fitness of mutation winner: 926.0
Noisy fitness of mutation winner: 926.0
Crossover offspring real fitness: [1017.0, 1014.0, 1016.0, 1017.0, 1017.0, 1017.0, 1017.0, 1017.0, 1016.0, 1015.0, 1017.0, 1014.0, 1015.0, 1016.0, 1015.0, 1016.0, 1016.0, 1016.0, 1016.0, 1015.0, 1016.0, 1017.0, 1016.0, 1017.0, 1016.0, 1017.0, 1016.0, 1015.0, 1017.0, 1017.0, 1016.0, 1016.0, 1015.0, 1017.0, 1016.0, 1017.0, 1016.0, 1017.0, 1017.0, 1017.0, 1016.0, 1015.0, 1017.0, 1016.0, 1017.0, 1017.0, 1014.0, 1017.0, 1017.0, 1017.0, 1016.0, 1016.0, 1017.0, 1015.0, 1016.0, 1017.0, 1016.0, 1017.0, 1017.0, 1017.0, 1017.0, 1016.0, 1015.0, 1016.0, 1017.0, 1016.0, 1016.0, 1016.0, 1017.0, 1016.0, 1017.0, 1017.0, 1017.0, 1015.0, 1017.0, 1017.0, 1017.0, 1017.0, 1017.0, 1015.0, 1015.0, 1015.0, 1016.0, 1014.0, 1017.0, 1015.0, 1014.0, 1014.0, 1017.0, 1014.0, 1018.0, 1014.0, 1016.0, 1018.0, 1015.0, 1017.0, 1017.0, 1017.0, 1016.0, 1016.0, 1016.0]
Crossover offspring noisy fitness: [1017.0, 1014.0, 1016.0, 1017.0, 1017.0, 1017.0, 1017.0, 1017.0, 1016.0, 1015.0, 1017.0, 1014.0, 1015.0, 1016.0, 1015.0, 1016.0, 1016.0, 1016.0, 1016.0, 1015.0, 1016.0, 1017.0, 1016.0, 1017.0, 1016.0, 1017.0, 1016.0, 1015.0, 1017.0, 1017.0, 1016.0, 1016.0, 1015.0, 1017.0, 1016.0, 1017.0, 1016.0, 1017.0, 1017.0, 1017.0, 1016.0, 1014.0, 1017.0, 1016.0, 1017.0, 1017.0, 1014.0, 1017.0, 1017.0, 1017.0, 1016.0, 1016.0, 1017.0, 1015.0, 1016.0, 1017.0, 1016.0, 1017.0, 1017.0, 1017.0, 1017.0, 1016.0, 1015.0, 1016.0, 1017.0, 1016.0, 1016.0, 1016.0, 1016.0, 1016.0, 1017.0, 1017.0, 1016.0, 1015.0, 1015.0, 1017.0, 1017.0, 1017.0, 1017.0, 1015.0, 1014.0, 1015.0, 1016.0, 1014.0, 1017.0, 1015.0, 1014.0, 1014.0, 1017.0, 1014.0, 1018.0, 1014.0, 1015.0, 1018.0, 1015.0, 1017.0, 1016.0, 1017.0, 1016.0, 1016.0, 1016.0]
Is bad individual winner: 0
Is good individual winner: 1
Real fitness of best good: 1018.0
Noisy fitness of best good: 1018.0
Real fitness of best bad: 1016.0
Noisy fitness of best bad: 1016.0

l: 102
Real fitness of mutation winner: 921.0
Noisy fitness of mutation winner: 921.0
Crossover offspring real fitness: [1016.0, 1015.0, 1017.0, 1017.0, 1016.0, 1015.0, 1016.0, 1015.0, 1017.0, 1014.0, 1016.0, 1017.0, 1015.0, 1016.0, 1016.0, 1016.0, 1016.0, 1015.0, 1014.0, 1016.0, 1015.0, 1017.0, 1016.0, 1017.0, 1016.0, 1017.0, 1016.0, 1016.0, 1017.0, 1016.0, 1017.0, 1015.0, 1015.0, 1016.0, 1017.0, 1015.0, 1014.0, 1014.0, 1017.0, 1015.0, 1017.0, 1016.0, 1016.0, 1016.0, 1016.0, 1016.0, 1016.0, 1016.0, 1016.0, 1016.0, 1016.0, 1015.0, 1016.0, 1015.0, 1017.0, 1017.0, 1015.0, 1016.0, 1015.0, 1017.0, 1017.0, 1017.0, 1016.0, 1017.0, 1017.0, 1017.0, 1017.0, 1016.0, 1014.0, 1016.0, 1015.0, 1016.0, 1017.0, 1017.0, 1015.0, 1016.0, 1017.0, 1017.0, 1015.0, 1017.0, 1017.0, 1017.0, 1017.0, 1016.0, 1017.0, 1016.0, 1015.0, 1017.0, 1017.0, 1016.0, 1016.0, 1016.0, 1016.0, 1015.0, 1017.0, 1017.0, 1016.0, 1017.0, 1016.0, 1017.0, 1016.0]
Crossover offspring noisy fitness: [1016.0, 1015.0, 1017.0, 1017.0, 1016.0, 1015.0, 1016.0, 1015.0, 1017.0, 1014.0, 1016.0, 1017.0, 1015.0, 1016.0, 1016.0, 1016.0, 1016.0, 1015.0, 1014.0, 1015.0, 1015.0, 1017.0, 1016.0, 1017.0, 1016.0, 1017.0, 1016.0, 1016.0, 1017.0, 1016.0, 1017.0, 1015.0, 1015.0, 1016.0, 1017.0, 1015.0, 1014.0, 1014.0, 1017.0, 1015.0, 1017.0, 1016.0, 1016.0, 1016.0, 1016.0, 1016.0, 1016.0, 1016.0, 1016.0, 1016.0, 1016.0, 1015.0, 1016.0, 1015.0, 1017.0, 1017.0, 1015.0, 1015.0, 1015.0, 1017.0, 1017.0, 1017.0, 1016.0, 1017.0, 1017.0, 1017.0, 1017.0, 1016.0, 1014.0, 1016.0, 1015.0, 1016.0, 1017.0, 1017.0, 1015.0, 1016.0, 1016.0, 1017.0, 1015.0, 1017.0, 1017.0, 1017.0, 1017.0, 1016.0, 1017.0, 1016.0, 1015.0, 1017.0, 1017.0, 1016.0, 1016.0, 1016.0, 1016.0, 1015.0, 1017.0, 1017.0, 1016.0, 1017.0, 1016.0, 1017.0, 1016.0]
Is bad individual winner: 0
Is good individual winner: 0
Real fitness of best good: 1017.0
Noisy fitness of best good: 1017.0
Real fitness of best bad: 1016.0
Noisy fitness of best bad: 1016.0

l: 122
Real fitness of mutation winner: 903.0
Noisy fitness of mutation winner: 903.0
Crossover offspring real fitness: [1016.0, 1015.0, 1016.0, 1017.0, 1017.0, 1014.0, 1016.0, 1016.0, 1014.0, 1016.0, 1017.0, 1016.0, 1015.0, 1013.0, 1017.0, 1017.0, 1016.0, 1014.0, 1016.0, 1015.0, 1016.0, 1014.0, 1017.0, 1016.0, 1014.0, 1016.0, 1016.0, 1017.0, 1017.0, 1017.0, 1017.0, 1016.0, 1015.0, 1017.0, 1014.0, 1016.0, 1017.0, 1016.0, 1015.0, 1017.0, 1013.0, 1014.0, 1016.0, 1015.0, 1015.0, 1017.0, 1017.0, 1017.0, 1016.0, 1015.0, 1017.0, 1013.0, 1016.0, 1016.0, 1016.0, 1016.0, 1016.0, 1015.0, 1016.0, 1018.0, 1015.0, 1017.0, 1016.0, 1016.0, 1016.0, 1017.0, 1017.0, 1014.0, 1014.0, 1016.0, 1016.0, 1017.0, 1017.0, 1016.0, 1016.0, 1017.0, 1017.0, 1016.0, 1016.0, 1016.0, 1016.0, 1015.0, 1013.0, 1013.0, 1016.0, 1016.0, 1017.0, 1017.0, 1015.0, 1015.0, 1015.0, 1013.0, 1016.0, 1016.0, 1013.0, 1013.0, 1017.0, 1015.0, 1017.0, 1016.0, 1016.0]
Crossover offspring noisy fitness: [1016.0, 1015.0, 1016.0, 1017.0, 1017.0, 1014.0, 1016.0, 1015.0, 1014.0, 1016.0, 1017.0, 1016.0, 1015.0, 1013.0, 1016.0, 1017.0, 1016.0, 1014.0, 1016.0, 1015.0, 1016.0, 1014.0, 1017.0, 1016.0, 1014.0, 1016.0, 1016.0, 1017.0, 1017.0, 1015.0, 1017.0, 1016.0, 1015.0, 1017.0, 1014.0, 1016.0, 1017.0, 1016.0, 1015.0, 1017.0, 1013.0, 1014.0, 1015.0, 1015.0, 1015.0, 1017.0, 1016.0, 1017.0, 1016.0, 1015.0, 1017.0, 1013.0, 1016.0, 1016.0, 1016.0, 1016.0, 1016.0, 1015.0, 1016.0, 1018.0, 1015.0, 1017.0, 1016.0, 1016.0, 1016.0, 1016.0, 1017.0, 1014.0, 1014.0, 1016.0, 1016.0, 1017.0, 1016.0, 1016.0, 1016.0, 1017.0, 1017.0, 1016.0, 1016.0, 1016.0, 1015.0, 1015.0, 1013.0, 1013.0, 1016.0, 1016.0, 1017.0, 1017.0, 1015.0, 1015.0, 1015.0, 1013.0, 1016.0, 1016.0, 1013.0, 1013.0, 1017.0, 1015.0, 1017.0, 1015.0, 1015.0]
Is bad individual winner: 0
Is good individual winner: 1
Real fitness of best good: 1018.0
Noisy fitness of best good: 1018.0
Real fitness of best bad: 1016.0
Noisy fitness of best bad: 1016.0

l: 97
Real fitness of mutation winner: 926.0
Noisy fitness of mutation winner: 926.0
Crossover offspring real fitness: [1014.0, 1016.0, 1014.0, 1016.0, 1015.0, 1016.0, 1016.0, 1017.0, 1017.0, 1015.0, 1017.0, 1017.0, 1017.0, 1017.0, 1017.0, 1016.0, 1015.0, 1016.0, 1016.0, 1017.0, 1017.0, 1016.0, 1017.0, 1015.0, 1017.0, 1016.0, 1016.0, 1017.0, 1016.0, 1015.0, 1017.0, 1017.0, 1016.0, 1016.0, 1017.0, 1015.0, 1017.0, 1016.0, 1016.0, 1017.0, 1016.0, 1016.0, 1015.0, 1016.0, 1017.0, 1017.0, 1017.0, 1015.0, 1016.0, 1016.0, 1015.0, 1017.0, 1016.0, 1017.0, 1016.0, 1017.0, 1017.0, 1015.0, 1017.0, 1017.0, 1017.0, 1015.0, 1016.0, 1015.0, 1018.0, 1016.0, 1016.0, 1015.0, 1017.0, 1015.0, 1017.0, 1017.0, 1017.0, 1017.0, 1017.0, 1015.0, 1014.0, 1016.0, 1017.0, 1016.0, 1016.0, 1017.0, 1017.0, 1017.0, 1016.0, 1017.0, 1016.0, 1017.0, 1016.0, 1016.0, 1017.0, 1016.0, 1017.0, 1017.0, 1013.0, 1014.0, 1014.0, 1017.0, 1016.0, 1017.0, 1015.0]
Crossover offspring noisy fitness: [1013.0, 1016.0, 1014.0, 1016.0, 1015.0, 1016.0, 1016.0, 1017.0, 1017.0, 1015.0, 1017.0, 1017.0, 1016.0, 1017.0, 1017.0, 1016.0, 1015.0, 1016.0, 1016.0, 1017.0, 1017.0, 1016.0, 1017.0, 1015.0, 1017.0, 1016.0, 1016.0, 1017.0, 1016.0, 1015.0, 1017.0, 1017.0, 1016.0, 1016.0, 1017.0, 1015.0, 1017.0, 1015.0, 1016.0, 1017.0, 1015.0, 1016.0, 1015.0, 1016.0, 1017.0, 1017.0, 1017.0, 1015.0, 1016.0, 1016.0, 1015.0, 1017.0, 1016.0, 1017.0, 1016.0, 1017.0, 1017.0, 1015.0, 1017.0, 1017.0, 1017.0, 1014.0, 1016.0, 1015.0, 1018.0, 1016.0, 1016.0, 1015.0, 1017.0, 1015.0, 1016.0, 1017.0, 1017.0, 1017.0, 1017.0, 1015.0, 1014.0, 1016.0, 1017.0, 1016.0, 1016.0, 1017.0, 1017.0, 1016.0, 1015.0, 1016.0, 1016.0, 1017.0, 1016.0, 1016.0, 1016.0, 1016.0, 1017.0, 1017.0, 1013.0, 1014.0, 1014.0, 1017.0, 1016.0, 1017.0, 1015.0]
Is bad individual winner: 0
Is good individual winner: 1
Real fitness of best good: 1018.0
Noisy fitness of best good: 1018.0
Real fitness of best bad: 1016.0
Noisy fitness of best bad: 1016.0

l: 82
Real fitness of mutation winner: 939.0
Noisy fitness of mutation winner: 939.0
Crossover offspring real fitness: [1017.0, 1013.0, 1017.0, 1017.0, 1017.0, 1017.0, 1017.0, 1016.0, 1014.0, 1016.0, 1016.0, 1015.0, 1017.0, 1016.0, 1017.0, 1015.0, 1015.0, 1016.0, 1016.0, 1017.0, 1016.0, 1016.0, 1017.0, 1016.0, 1017.0, 1016.0, 1015.0, 1017.0, 1017.0, 1015.0, 1015.0, 1016.0, 1015.0, 1016.0, 1016.0, 1015.0, 1017.0, 1013.0, 1016.0, 1017.0, 1015.0, 1017.0, 1017.0, 1016.0, 1017.0, 1017.0, 1017.0, 1017.0, 1016.0, 1014.0, 1017.0, 1015.0, 1016.0, 1016.0, 1017.0, 1017.0, 1016.0, 1016.0, 1016.0, 1016.0, 1017.0, 1017.0, 1017.0, 1017.0, 1017.0, 1018.0, 1017.0, 1016.0, 1017.0, 1015.0, 1015.0, 1017.0, 1013.0, 1017.0, 1017.0, 1016.0, 1017.0, 1017.0, 1017.0, 1017.0, 1015.0, 1016.0, 1017.0, 1015.0, 1017.0, 1014.0, 1017.0, 1018.0, 1016.0, 1015.0, 1015.0, 1017.0, 1016.0, 1017.0, 1017.0, 1015.0, 1017.0, 1017.0, 1015.0, 1017.0, 1016.0]
Crossover offspring noisy fitness: [1017.0, 1013.0, 1017.0, 1017.0, 1017.0, 1017.0, 1017.0, 1016.0, 1014.0, 1016.0, 1016.0, 1015.0, 1017.0, 1016.0, 1017.0, 1015.0, 1015.0, 1016.0, 1016.0, 1017.0, 1016.0, 1015.0, 1017.0, 1016.0, 1016.0, 1016.0, 1015.0, 1017.0, 1017.0, 1014.0, 1015.0, 1016.0, 1014.0, 1016.0, 1016.0, 1015.0, 1017.0, 1013.0, 1016.0, 1017.0, 1015.0, 1016.0, 1017.0, 1016.0, 1016.0, 1017.0, 1017.0, 1017.0, 1015.0, 1014.0, 1017.0, 1015.0, 1016.0, 1016.0, 1017.0, 1017.0, 1016.0, 1016.0, 1016.0, 1016.0, 1017.0, 1017.0, 1017.0, 1016.0, 1017.0, 1018.0, 1017.0, 1016.0, 1017.0, 1015.0, 1015.0, 1017.0, 1013.0, 1017.0, 1017.0, 1016.0, 1017.0, 1017.0, 1017.0, 1017.0, 1015.0, 1016.0, 1017.0, 1015.0, 1017.0, 1014.0, 1017.0, 1018.0, 1016.0, 1015.0, 1014.0, 1017.0, 1016.0, 1017.0, 1017.0, 1015.0, 1017.0, 1017.0, 1015.0, 1017.0, 1016.0]
Is bad individual winner: 0
Is good individual winner: 1
Real fitness of best good: 1018.0
Noisy fitness of best good: 1018.0
Real fitness of best bad: 1016.0
Noisy fitness of best bad: 1016.0

l: 96
Real fitness of mutation winner: 927.0
Noisy fitness of mutation winner: 927.0
Crossover offspring real fitness: [1016.0, 1017.0, 1017.0, 1014.0, 1015.0, 1015.0, 1016.0, 1017.0, 1016.0, 1016.0, 1017.0, 1014.0, 1016.0, 1016.0, 1015.0, 1015.0, 1016.0, 1015.0, 1015.0, 1017.0, 1015.0, 1015.0, 1017.0, 1015.0, 1016.0, 1013.0, 1016.0, 1016.0, 1015.0, 1017.0, 1017.0, 1017.0, 1015.0, 1016.0, 1017.0, 1016.0, 1017.0, 1017.0, 1014.0, 1016.0, 1015.0, 1017.0, 1017.0, 1016.0, 1016.0, 1016.0, 1016.0, 1016.0, 1018.0, 1015.0, 1016.0, 1017.0, 1017.0, 1017.0, 1015.0, 1016.0, 1015.0, 1015.0, 1017.0, 1016.0, 1016.0, 1017.0, 1016.0, 1017.0, 1016.0, 1017.0, 1017.0, 1017.0, 1014.0, 1017.0, 1017.0, 1014.0, 1017.0, 1016.0, 1016.0, 1017.0, 1014.0, 1017.0, 1016.0, 1017.0, 1017.0, 1017.0, 1016.0, 1016.0, 1016.0, 1017.0, 1016.0, 1014.0, 1016.0, 1016.0, 1014.0, 1015.0, 1017.0, 1016.0, 1016.0, 1016.0, 1016.0, 1017.0, 1016.0, 1017.0, 1015.0]
Crossover offspring noisy fitness: [1016.0, 1017.0, 1017.0, 1014.0, 1015.0, 1015.0, 1016.0, 1017.0, 1016.0, 1016.0, 1017.0, 1014.0, 1016.0, 1016.0, 1015.0, 1015.0, 1016.0, 1015.0, 1015.0, 1017.0, 1015.0, 1016.0, 1017.0, 1015.0, 1016.0, 1013.0, 1016.0, 1016.0, 1015.0, 1017.0, 1017.0, 1017.0, 1015.0, 1016.0, 1017.0, 1016.0, 1017.0, 1017.0, 1014.0, 1016.0, 1015.0, 1017.0, 1017.0, 1016.0, 1016.0, 1016.0, 1016.0, 1016.0, 1018.0, 1015.0, 1016.0, 1017.0, 1017.0, 1017.0, 1015.0, 1016.0, 1015.0, 1014.0, 1017.0, 1016.0, 1015.0, 1017.0, 1016.0, 1016.0, 1016.0, 1017.0, 1017.0, 1017.0, 1014.0, 1017.0, 1016.0, 1014.0, 1017.0, 1015.0, 1016.0, 1017.0, 1014.0, 1017.0, 1015.0, 1017.0, 1017.0, 1017.0, 1016.0, 1016.0, 1016.0, 1017.0, 1016.0, 1014.0, 1016.0, 1016.0, 1014.0, 1015.0, 1017.0, 1016.0, 1016.0, 1016.0, 1016.0, 1017.0, 1016.0, 1017.0, 1015.0]
Is bad individual winner: 0
Is good individual winner: 1
Real fitness of best good: 1018.0
Noisy fitness of best good: 1018.0
Real fitness of best bad: 1016.0
Noisy fitness of best bad: 1016.0

l: 90
Real fitness of mutation winner: 933.0
Noisy fitness of mutation winner: 933.0
Crossover offspring real fitness: [1017.0, 1016.0, 1016.0, 1016.0, 1017.0, 1016.0, 1017.0, 1016.0, 1016.0, 1017.0, 1017.0, 1017.0, 1017.0, 1017.0, 1017.0, 1017.0, 1017.0, 1015.0, 1015.0, 1016.0, 1017.0, 1017.0, 1017.0, 1017.0, 1014.0, 1016.0, 1017.0, 1016.0, 1017.0, 1017.0, 1016.0, 1015.0, 1017.0, 1016.0, 1016.0, 1016.0, 1017.0, 1014.0, 1017.0, 1015.0, 1017.0, 1017.0, 1017.0, 1017.0, 1017.0, 1017.0, 1014.0, 1016.0, 1017.0, 1016.0, 1015.0, 1016.0, 1014.0, 1017.0, 1016.0, 1014.0, 1015.0, 1016.0, 1017.0, 1017.0, 1016.0, 1016.0, 1016.0, 1016.0, 1017.0, 1017.0, 1017.0, 1017.0, 1016.0, 1016.0, 1017.0, 1016.0, 1017.0, 1016.0, 1016.0, 1017.0, 1016.0, 1016.0, 1017.0, 1017.0, 1017.0, 1017.0, 1016.0, 1017.0, 1017.0, 1018.0, 1017.0, 1017.0, 1016.0, 1015.0, 1017.0, 1018.0, 1016.0, 1016.0, 1017.0, 1017.0, 1017.0, 1016.0, 1015.0, 1016.0, 1017.0]
Crossover offspring noisy fitness: [1017.0, 1016.0, 1016.0, 1016.0, 1017.0, 1016.0, 1017.0, 1016.0, 1016.0, 1017.0, 1017.0, 1017.0, 1017.0, 1017.0, 1017.0, 1017.0, 1017.0, 1015.0, 1015.0, 1016.0, 1017.0, 1017.0, 1017.0, 1017.0, 1014.0, 1016.0, 1017.0, 1015.0, 1017.0, 1017.0, 1016.0, 1015.0, 1017.0, 1016.0, 1016.0, 1016.0, 1017.0, 1014.0, 1017.0, 1015.0, 1017.0, 1017.0, 1017.0, 1017.0, 1017.0, 1017.0, 1014.0, 1016.0, 1017.0, 1016.0, 1015.0, 1016.0, 1014.0, 1017.0, 1016.0, 1014.0, 1015.0, 1016.0, 1017.0, 1017.0, 1016.0, 1016.0, 1016.0, 1016.0, 1017.0, 1017.0, 1016.0, 1017.0, 1016.0, 1016.0, 1017.0, 1016.0, 1017.0, 1016.0, 1016.0, 1017.0, 1015.0, 1015.0, 1017.0, 1017.0, 1017.0, 1017.0, 1016.0, 1017.0, 1017.0, 1018.0, 1017.0, 1017.0, 1016.0, 1015.0, 1017.0, 1018.0, 1016.0, 1016.0, 1017.0, 1017.0, 1017.0, 1016.0, 1015.0, 1016.0, 1017.0]
Is bad individual winner: 0
Is good individual winner: 1
Real fitness of best good: 1018.0
Noisy fitness of best good: 1018.0
Real fitness of best bad: 1016.0
Noisy fitness of best bad: 1016.0

l: 117
Real fitness of mutation winner: 906.0
Noisy fitness of mutation winner: 906.0
Crossover offspring real fitness: [1017.0, 1013.0, 1017.0, 1015.0, 1017.0, 1017.0, 1017.0, 1017.0, 1017.0, 1013.0, 1017.0, 1017.0, 1015.0, 1016.0, 1017.0, 1016.0, 1014.0, 1017.0, 1015.0, 1016.0, 1016.0, 1016.0, 1016.0, 1014.0, 1016.0, 1016.0, 1017.0, 1014.0, 1017.0, 1017.0, 1016.0, 1017.0, 1015.0, 1015.0, 1016.0, 1017.0, 1017.0, 1017.0, 1015.0, 1017.0, 1017.0, 1016.0, 1016.0, 1016.0, 1016.0, 1015.0, 1017.0, 1015.0, 1016.0, 1015.0, 1015.0, 1017.0, 1014.0, 1017.0, 1016.0, 1016.0, 1017.0, 1016.0, 1017.0, 1017.0, 1017.0, 1017.0, 1013.0, 1016.0, 1015.0, 1016.0, 1015.0, 1016.0, 1017.0, 1016.0, 1017.0, 1015.0, 1017.0, 1016.0, 1015.0, 1017.0, 1016.0, 1015.0, 1015.0, 1017.0, 1016.0, 1014.0, 1017.0, 1017.0, 1017.0, 1016.0, 1017.0, 1017.0, 1016.0, 1014.0, 1015.0, 1016.0, 1016.0, 1017.0, 1014.0, 1016.0, 1016.0, 1015.0, 1016.0, 1016.0, 1017.0]
Crossover offspring noisy fitness: [1017.0, 1013.0, 1017.0, 1015.0, 1017.0, 1017.0, 1017.0, 1017.0, 1017.0, 1013.0, 1017.0, 1017.0, 1015.0, 1016.0, 1017.0, 1016.0, 1014.0, 1017.0, 1015.0, 1016.0, 1016.0, 1016.0, 1016.0, 1014.0, 1016.0, 1016.0, 1017.0, 1014.0, 1017.0, 1017.0, 1016.0, 1017.0, 1015.0, 1015.0, 1016.0, 1017.0, 1017.0, 1017.0, 1015.0, 1017.0, 1017.0, 1015.0, 1016.0, 1015.0, 1016.0, 1015.0, 1017.0, 1015.0, 1016.0, 1015.0, 1015.0, 1017.0, 1014.0, 1017.0, 1016.0, 1016.0, 1017.0, 1016.0, 1017.0, 1017.0, 1017.0, 1017.0, 1013.0, 1016.0, 1015.0, 1016.0, 1015.0, 1016.0, 1017.0, 1016.0, 1017.0, 1015.0, 1017.0, 1016.0, 1015.0, 1017.0, 1016.0, 1015.0, 1015.0, 1017.0, 1016.0, 1014.0, 1017.0, 1017.0, 1017.0, 1016.0, 1017.0, 1017.0, 1016.0, 1014.0, 1015.0, 1016.0, 1016.0, 1017.0, 1014.0, 1016.0, 1016.0, 1015.0, 1016.0, 1016.0, 1017.0]
Is bad individual winner: 0
Is good individual winner: 0
Real fitness of best good: 1017.0
Noisy fitness of best good: 1017.0
Real fitness of best bad: 1016.0
Noisy fitness of best bad: 1016.0

l: 95
Real fitness of mutation winner: 928.0
Noisy fitness of mutation winner: 928.0
Crossover offspring real fitness: [1016.0, 1016.0, 1016.0, 1015.0, 1016.0, 1017.0, 1014.0, 1017.0, 1017.0, 1016.0, 1014.0, 1015.0, 1017.0, 1017.0, 1017.0, 1015.0, 1016.0, 1017.0, 1017.0, 1014.0, 1017.0, 1015.0, 1016.0, 1017.0, 1016.0, 1017.0, 1015.0, 1017.0, 1016.0, 1015.0, 1016.0, 1015.0, 1017.0, 1016.0, 1016.0, 1016.0, 1015.0, 1017.0, 1016.0, 1016.0, 1017.0, 1016.0, 1017.0, 1017.0, 1016.0, 1016.0, 1014.0, 1015.0, 1016.0, 1015.0, 1017.0, 1015.0, 1015.0, 1017.0, 1015.0, 1015.0, 1017.0, 1016.0, 1016.0, 1015.0, 1016.0, 1017.0, 1015.0, 1015.0, 1016.0, 1014.0, 1017.0, 1016.0, 1017.0, 1014.0, 1017.0, 1017.0, 1017.0, 1017.0, 1016.0, 1015.0, 1016.0, 1018.0, 1014.0, 1016.0, 1017.0, 1017.0, 1016.0, 1017.0, 1013.0, 1016.0, 1016.0, 1016.0, 1015.0, 1016.0, 1016.0, 1017.0, 1016.0, 1016.0, 1017.0, 1017.0, 1016.0, 1016.0, 1015.0, 1016.0, 1017.0]
Crossover offspring noisy fitness: [1016.0, 1016.0, 1016.0, 1015.0, 1016.0, 1017.0, 1014.0, 1017.0, 1017.0, 1016.0, 1014.0, 1015.0, 1017.0, 1017.0, 1017.0, 1015.0, 1016.0, 1017.0, 1017.0, 1014.0, 1017.0, 1015.0, 1016.0, 1017.0, 1016.0, 1017.0, 1015.0, 1017.0, 1016.0, 1015.0, 1016.0, 1015.0, 1017.0, 1016.0, 1016.0, 1016.0, 1015.0, 1017.0, 1016.0, 1016.0, 1017.0, 1016.0, 1017.0, 1017.0, 1016.0, 1016.0, 1014.0, 1015.0, 1016.0, 1015.0, 1017.0, 1015.0, 1015.0, 1017.0, 1015.0, 1015.0, 1017.0, 1016.0, 1015.0, 1015.0, 1016.0, 1017.0, 1015.0, 1015.0, 1016.0, 1014.0, 1017.0, 1016.0, 1017.0, 1014.0, 1017.0, 1017.0, 1017.0, 1017.0, 1016.0, 1015.0, 1016.0, 1018.0, 1014.0, 1016.0, 1017.0, 1017.0, 1016.0, 1016.0, 1014.0, 1016.0, 1016.0, 1016.0, 1015.0, 1016.0, 1016.0, 1017.0, 1016.0, 1016.0, 1017.0, 1017.0, 1016.0, 1016.0, 1015.0, 1016.0, 1017.0]
Is bad individual winner: 0
Is good individual winner: 1
Real fitness of best good: 1018.0
Noisy fitness of best good: 1018.0
Real fitness of best bad: 1016.0
Noisy fitness of best bad: 1016.0

l: 112
Real fitness of mutation winner: 913.0
Noisy fitness of mutation winner: 913.0
Crossover offspring real fitness: [1017.0, 1016.0, 1017.0, 1016.0, 1017.0, 1017.0, 1017.0, 1016.0, 1015.0, 1014.0, 1017.0, 1016.0, 1017.0, 1016.0, 1014.0, 1017.0, 1017.0, 1017.0, 1015.0, 1017.0, 1017.0, 1017.0, 1015.0, 1014.0, 1016.0, 1016.0, 1017.0, 1015.0, 1017.0, 1016.0, 1016.0, 1015.0, 1016.0, 1017.0, 1016.0, 1016.0, 1016.0, 1017.0, 1017.0, 1016.0, 1016.0, 1016.0, 1016.0, 1017.0, 1017.0, 1016.0, 1016.0, 1017.0, 1016.0, 1016.0, 1016.0, 1017.0, 1015.0, 1017.0, 1017.0, 1016.0, 1017.0, 1017.0, 1014.0, 1016.0, 1016.0, 1017.0, 1015.0, 1016.0, 1017.0, 1015.0, 1015.0, 1017.0, 1016.0, 1015.0, 1017.0, 1017.0, 1015.0, 1016.0, 1015.0, 1016.0, 1015.0, 1017.0, 1017.0, 1016.0, 1017.0, 1016.0, 1017.0, 1017.0, 1017.0, 1014.0, 1015.0, 1015.0, 1016.0, 1016.0, 1015.0, 1016.0, 1015.0, 1017.0, 1016.0, 1015.0, 1017.0, 1016.0, 1017.0, 1014.0, 1017.0]
Crossover offspring noisy fitness: [1017.0, 1016.0, 1017.0, 1016.0, 1017.0, 1017.0, 1017.0, 1016.0, 1015.0, 1014.0, 1017.0, 1016.0, 1017.0, 1016.0, 1014.0, 1017.0, 1017.0, 1017.0, 1015.0, 1017.0, 1016.0, 1017.0, 1015.0, 1014.0, 1016.0, 1016.0, 1017.0, 1015.0, 1017.0, 1016.0, 1016.0, 1015.0, 1016.0, 1017.0, 1016.0, 1016.0, 1016.0, 1017.0, 1017.0, 1016.0, 1016.0, 1016.0, 1016.0, 1017.0, 1017.0, 1015.0, 1016.0, 1017.0, 1016.0, 1016.0, 1016.0, 1017.0, 1015.0, 1016.0, 1017.0, 1016.0, 1017.0, 1017.0, 1014.0, 1016.0, 1016.0, 1017.0, 1015.0, 1016.0, 1017.0, 1015.0, 1015.0, 1017.0, 1016.0, 1015.0, 1017.0, 1017.0, 1015.0, 1016.0, 1015.0, 1016.0, 1014.0, 1017.0, 1015.0, 1016.0, 1016.0, 1016.0, 1017.0, 1017.0, 1017.0, 1014.0, 1014.0, 1015.0, 1016.0, 1016.0, 1015.0, 1016.0, 1015.0, 1017.0, 1016.0, 1014.0, 1017.0, 1016.0, 1017.0, 1014.0, 1017.0]
Is bad individual winner: 0
Is good individual winner: 0
Real fitness of best good: 1017.0
Noisy fitness of best good: 1017.0
Real fitness of best bad: 1016.0
Noisy fitness of best bad: 1016.0

l: 86
Real fitness of mutation winner: 935.0
Noisy fitness of mutation winner: 935.0
Crossover offspring real fitness: [1016.0, 1016.0, 1015.0, 1017.0, 1016.0, 1017.0, 1016.0, 1017.0, 1016.0, 1017.0, 1017.0, 1015.0, 1016.0, 1017.0, 1016.0, 1017.0, 1016.0, 1016.0, 1017.0, 1016.0, 1015.0, 1017.0, 1017.0, 1017.0, 1015.0, 1017.0, 1016.0, 1017.0, 1017.0, 1017.0, 1017.0, 1017.0, 1017.0, 1017.0, 1016.0, 1017.0, 1017.0, 1017.0, 1014.0, 1017.0, 1016.0, 1016.0, 1015.0, 1017.0, 1015.0, 1017.0, 1015.0, 1016.0, 1014.0, 1016.0, 1015.0, 1017.0, 1016.0, 1017.0, 1013.0, 1015.0, 1016.0, 1017.0, 1014.0, 1017.0, 1017.0, 1016.0, 1016.0, 1015.0, 1017.0, 1016.0, 1017.0, 1016.0, 1017.0, 1017.0, 1017.0, 1017.0, 1017.0, 1016.0, 1015.0, 1016.0, 1015.0, 1015.0, 1017.0, 1017.0, 1015.0, 1015.0, 1016.0, 1016.0, 1017.0, 1015.0, 1016.0, 1016.0, 1016.0, 1017.0, 1016.0, 1017.0, 1015.0, 1015.0, 1014.0, 1017.0, 1016.0, 1017.0, 1017.0, 1016.0, 1016.0]
Crossover offspring noisy fitness: [1016.0, 1016.0, 1015.0, 1017.0, 1016.0, 1017.0, 1016.0, 1016.0, 1016.0, 1017.0, 1017.0, 1015.0, 1016.0, 1017.0, 1016.0, 1017.0, 1016.0, 1016.0, 1017.0, 1016.0, 1014.0, 1017.0, 1017.0, 1017.0, 1015.0, 1017.0, 1016.0, 1017.0, 1017.0, 1017.0, 1017.0, 1017.0, 1017.0, 1017.0, 1016.0, 1017.0, 1017.0, 1017.0, 1014.0, 1017.0, 1016.0, 1016.0, 1015.0, 1017.0, 1015.0, 1016.0, 1015.0, 1015.0, 1014.0, 1016.0, 1015.0, 1017.0, 1016.0, 1017.0, 1013.0, 1015.0, 1016.0, 1017.0, 1014.0, 1017.0, 1017.0, 1016.0, 1016.0, 1015.0, 1017.0, 1016.0, 1017.0, 1016.0, 1017.0, 1017.0, 1017.0, 1017.0, 1017.0, 1016.0, 1015.0, 1015.0, 1015.0, 1015.0, 1017.0, 1017.0, 1015.0, 1015.0, 1016.0, 1016.0, 1016.0, 1015.0, 1016.0, 1016.0, 1016.0, 1017.0, 1016.0, 1017.0, 1015.0, 1014.0, 1014.0, 1016.0, 1016.0, 1017.0, 1017.0, 1016.0, 1016.0]
Is bad individual winner: 0
Is good individual winner: 0
Real fitness of best good: 1017.0
Noisy fitness of best good: 1017.0
Real fitness of best bad: 1016.0
Noisy fitness of best bad: 1016.0

l: 100
Real fitness of mutation winner: 923.0
Noisy fitness of mutation winner: 923.0
Crossover offspring real fitness: [1014.0, 1017.0, 1015.0, 1016.0, 1016.0, 1017.0, 1018.0, 1017.0, 1016.0, 1015.0, 1017.0, 1017.0, 1017.0, 1018.0, 1016.0, 1016.0, 1014.0, 1015.0, 1013.0, 1016.0, 1015.0, 1016.0, 1016.0, 1015.0, 1018.0, 1015.0, 1014.0, 1016.0, 1016.0, 1017.0, 1015.0, 1015.0, 1017.0, 1017.0, 1017.0, 1016.0, 1016.0, 1017.0, 1015.0, 1015.0, 1017.0, 1017.0, 1016.0, 1017.0, 1016.0, 1016.0, 1015.0, 1015.0, 1017.0, 1017.0, 1017.0, 1017.0, 1016.0, 1016.0, 1017.0, 1017.0, 1016.0, 1017.0, 1017.0, 1017.0, 1016.0, 1016.0, 1017.0, 1015.0, 1017.0, 1017.0, 1014.0, 1017.0, 1014.0, 1016.0, 1014.0, 1014.0, 1017.0, 1017.0, 1014.0, 1016.0, 1015.0, 1017.0, 1017.0, 1016.0, 1015.0, 1014.0, 1017.0, 1017.0, 1017.0, 1015.0, 1016.0, 1014.0, 1017.0, 1017.0, 1017.0, 1016.0, 1016.0, 1017.0, 1016.0, 1016.0, 1016.0, 1016.0, 1017.0, 1016.0, 1016.0]
Crossover offspring noisy fitness: [1013.0, 1017.0, 1014.0, 1016.0, 1016.0, 1017.0, 1018.0, 1017.0, 1015.0, 1015.0, 1017.0, 1017.0, 1017.0, 1018.0, 1016.0, 1016.0, 1014.0, 1015.0, 1013.0, 1016.0, 1015.0, 1016.0, 1016.0, 1015.0, 1018.0, 1015.0, 1014.0, 1016.0, 1016.0, 1017.0, 1015.0, 1015.0, 1017.0, 1017.0, 1017.0, 1016.0, 1016.0, 1017.0, 1015.0, 1015.0, 1017.0, 1017.0, 1016.0, 1017.0, 1016.0, 1016.0, 1015.0, 1015.0, 1017.0, 1017.0, 1016.0, 1017.0, 1016.0, 1016.0, 1016.0, 1017.0, 1016.0, 1017.0, 1017.0, 1017.0, 1016.0, 1016.0, 1017.0, 1015.0, 1017.0, 1017.0, 1014.0, 1017.0, 1014.0, 1016.0, 1014.0, 1014.0, 1017.0, 1017.0, 1014.0, 1016.0, 1015.0, 1017.0, 1016.0, 1015.0, 1015.0, 1014.0, 1017.0, 1017.0, 1017.0, 1015.0, 1016.0, 1014.0, 1016.0, 1017.0, 1017.0, 1016.0, 1016.0, 1017.0, 1016.0, 1016.0, 1016.0, 1016.0, 1017.0, 1016.0, 1016.0]
Is bad individual winner: 0
Is good individual winner: 1
Real fitness of best good: 1018.0
Noisy fitness of best good: 1018.0
Real fitness of best bad: 1016.0
Noisy fitness of best bad: 1016.0

l: 96
Real fitness of mutation winner: 927.0
Noisy fitness of mutation winner: 927.0
Crossover offspring real fitness: [1017.0, 1016.0, 1017.0, 1016.0, 1017.0, 1017.0, 1016.0, 1014.0, 1014.0, 1015.0, 1017.0, 1017.0, 1016.0, 1016.0, 1016.0, 1016.0, 1016.0, 1016.0, 1017.0, 1015.0, 1016.0, 1016.0, 1018.0, 1016.0, 1015.0, 1017.0, 1015.0, 1015.0, 1015.0, 1017.0, 1017.0, 1016.0, 1016.0, 1017.0, 1016.0, 1017.0, 1016.0, 1017.0, 1016.0, 1017.0, 1016.0, 1017.0, 1017.0, 1017.0, 1017.0, 1016.0, 1016.0, 1015.0, 1015.0, 1016.0, 1016.0, 1016.0, 1015.0, 1017.0, 1017.0, 1016.0, 1016.0, 1016.0, 1016.0, 1015.0, 1017.0, 1015.0, 1017.0, 1017.0, 1015.0, 1017.0, 1017.0, 1015.0, 1015.0, 1017.0, 1017.0, 1015.0, 1017.0, 1016.0, 1016.0, 1016.0, 1017.0, 1017.0, 1016.0, 1016.0, 1017.0, 1013.0, 1015.0, 1016.0, 1017.0, 1016.0, 1015.0, 1017.0, 1013.0, 1015.0, 1016.0, 1015.0, 1017.0, 1014.0, 1016.0, 1015.0, 1015.0, 1017.0, 1017.0, 1017.0, 1017.0]
Crossover offspring noisy fitness: [1016.0, 1016.0, 1017.0, 1016.0, 1017.0, 1017.0, 1016.0, 1014.0, 1014.0, 1015.0, 1017.0, 1017.0, 1016.0, 1016.0, 1016.0, 1016.0, 1016.0, 1016.0, 1017.0, 1015.0, 1016.0, 1016.0, 1018.0, 1016.0, 1015.0, 1017.0, 1015.0, 1015.0, 1014.0, 1017.0, 1017.0, 1016.0, 1016.0, 1017.0, 1016.0, 1017.0, 1016.0, 1017.0, 1015.0, 1017.0, 1016.0, 1017.0, 1017.0, 1017.0, 1017.0, 1016.0, 1016.0, 1015.0, 1015.0, 1016.0, 1016.0, 1016.0, 1015.0, 1017.0, 1017.0, 1016.0, 1016.0, 1015.0, 1016.0, 1015.0, 1017.0, 1015.0, 1017.0, 1017.0, 1014.0, 1017.0, 1017.0, 1015.0, 1015.0, 1017.0, 1017.0, 1015.0, 1017.0, 1016.0, 1016.0, 1016.0, 1017.0, 1017.0, 1016.0, 1016.0, 1017.0, 1013.0, 1015.0, 1016.0, 1017.0, 1016.0, 1015.0, 1017.0, 1013.0, 1015.0, 1016.0, 1015.0, 1017.0, 1014.0, 1016.0, 1015.0, 1015.0, 1017.0, 1017.0, 1017.0, 1017.0]
Is bad individual winner: 0
Is good individual winner: 1
Real fitness of best good: 1018.0
Noisy fitness of best good: 1018.0
Real fitness of best bad: 1016.0
Noisy fitness of best bad: 1016.0

l: 89
Real fitness of mutation winner: 934.0
Noisy fitness of mutation winner: 934.0
Crossover offspring real fitness: [1016.0, 1015.0, 1017.0, 1016.0, 1017.0, 1017.0, 1017.0, 1017.0, 1016.0, 1016.0, 1015.0, 1018.0, 1016.0, 1015.0, 1016.0, 1016.0, 1016.0, 1016.0, 1015.0, 1015.0, 1017.0, 1015.0, 1015.0, 1015.0, 1014.0, 1015.0, 1017.0, 1017.0, 1014.0, 1016.0, 1017.0, 1015.0, 1017.0, 1017.0, 1017.0, 1017.0, 1014.0, 1017.0, 1014.0, 1016.0, 1016.0, 1014.0, 1016.0, 1017.0, 1015.0, 1017.0, 1017.0, 1015.0, 1017.0, 1017.0, 1017.0, 1013.0, 1014.0, 1017.0, 1017.0, 1016.0, 1017.0, 1017.0, 1017.0, 1016.0, 1016.0, 1017.0, 1015.0, 1017.0, 1017.0, 1016.0, 1017.0, 1016.0, 1014.0, 1015.0, 1017.0, 1017.0, 1016.0, 1016.0, 1016.0, 1017.0, 1017.0, 1017.0, 1016.0, 1017.0, 1016.0, 1016.0, 1016.0, 1017.0, 1017.0, 1015.0, 1017.0, 1017.0, 1016.0, 1016.0, 1017.0, 1017.0, 1017.0, 1017.0, 1014.0, 1017.0, 1016.0, 1015.0, 1016.0, 1017.0, 1014.0]
Crossover offspring noisy fitness: [1016.0, 1015.0, 1017.0, 1016.0, 1017.0, 1017.0, 1017.0, 1017.0, 1016.0, 1016.0, 1015.0, 1018.0, 1016.0, 1015.0, 1016.0, 1016.0, 1016.0, 1016.0, 1015.0, 1015.0, 1017.0, 1015.0, 1015.0, 1015.0, 1014.0, 1015.0, 1017.0, 1017.0, 1014.0, 1015.0, 1017.0, 1015.0, 1017.0, 1017.0, 1017.0, 1017.0, 1014.0, 1017.0, 1014.0, 1015.0, 1016.0, 1014.0, 1016.0, 1017.0, 1015.0, 1017.0, 1017.0, 1015.0, 1017.0, 1016.0, 1017.0, 1013.0, 1014.0, 1017.0, 1017.0, 1016.0, 1017.0, 1017.0, 1017.0, 1016.0, 1015.0, 1017.0, 1015.0, 1017.0, 1017.0, 1016.0, 1017.0, 1016.0, 1014.0, 1015.0, 1017.0, 1017.0, 1016.0, 1016.0, 1016.0, 1017.0, 1016.0, 1015.0, 1016.0, 1017.0, 1016.0, 1016.0, 1016.0, 1017.0, 1017.0, 1015.0, 1017.0, 1017.0, 1016.0, 1016.0, 1017.0, 1017.0, 1017.0, 1017.0, 1014.0, 1016.0, 1016.0, 1015.0, 1016.0, 1017.0, 1014.0]
Is bad individual winner: 0
Is good individual winner: 1
Real fitness of best good: 1018.0
Noisy fitness of best good: 1018.0
Real fitness of best bad: 1016.0
Noisy fitness of best bad: 1016.0

l: 103
Real fitness of mutation winner: 920.0
Noisy fitness of mutation winner: 920.0
Crossover offspring real fitness: [1016.0, 1016.0, 1016.0, 1017.0, 1018.0, 1016.0, 1016.0, 1017.0, 1014.0, 1017.0, 1017.0, 1016.0, 1016.0, 1017.0, 1017.0, 1016.0, 1016.0, 1017.0, 1017.0, 1017.0, 1016.0, 1017.0, 1016.0, 1017.0, 1016.0, 1016.0, 1014.0, 1017.0, 1016.0, 1017.0, 1017.0, 1017.0, 1017.0, 1015.0, 1016.0, 1016.0, 1015.0, 1017.0, 1017.0, 1015.0, 1013.0, 1016.0, 1016.0, 1016.0, 1017.0, 1016.0, 1015.0, 1016.0, 1017.0, 1011.0, 1015.0, 1014.0, 1015.0, 1015.0, 1017.0, 1016.0, 1016.0, 1017.0, 1017.0, 1017.0, 1013.0, 1017.0, 1015.0, 1016.0, 1016.0, 1015.0, 1017.0, 1016.0, 1016.0, 1016.0, 1015.0, 1015.0, 1016.0, 1015.0, 1016.0, 1015.0, 1017.0, 1016.0, 1015.0, 1017.0, 1016.0, 1016.0, 1016.0, 1017.0, 1015.0, 1015.0, 1017.0, 1017.0, 1017.0, 1017.0, 1016.0, 1017.0, 1017.0, 1017.0, 1017.0, 1016.0, 1017.0, 1016.0, 1015.0, 1016.0, 1016.0]
Crossover offspring noisy fitness: [1016.0, 1016.0, 1016.0, 1017.0, 1017.0, 1016.0, 1016.0, 1017.0, 1014.0, 1017.0, 1017.0, 1016.0, 1016.0, 1017.0, 1017.0, 1016.0, 1016.0, 1017.0, 1017.0, 1017.0, 1016.0, 1017.0, 1015.0, 1017.0, 1016.0, 1016.0, 1014.0, 1017.0, 1016.0, 1017.0, 1017.0, 1017.0, 1017.0, 1015.0, 1016.0, 1016.0, 1015.0, 1017.0, 1017.0, 1015.0, 1013.0, 1016.0, 1016.0, 1016.0, 1017.0, 1016.0, 1015.0, 1016.0, 1017.0, 1011.0, 1015.0, 1014.0, 1015.0, 1015.0, 1017.0, 1016.0, 1016.0, 1017.0, 1016.0, 1017.0, 1013.0, 1017.0, 1015.0, 1016.0, 1016.0, 1015.0, 1017.0, 1016.0, 1016.0, 1016.0, 1015.0, 1015.0, 1016.0, 1015.0, 1016.0, 1015.0, 1017.0, 1016.0, 1015.0, 1017.0, 1016.0, 1016.0, 1016.0, 1017.0, 1015.0, 1014.0, 1017.0, 1017.0, 1017.0, 1017.0, 1016.0, 1017.0, 1017.0, 1017.0, 1017.0, 1015.0, 1017.0, 1016.0, 1014.0, 1016.0, 1016.0]
Is bad individual winner: 0
Is good individual winner: 0
Real fitness of best good: 1018.0
Noisy fitness of best good: 1017.0
Real fitness of best bad: 1016.0
Noisy fitness of best bad: 1016.0

