l: 110
Real fitness of mutation winner: 915.0
Noisy fitness of mutation winner: 915.0
Crossover offspring real fitness: [1023.0, 1021.0, 1022.0, 1023.0, 1021.0, 1022.0, 1022.0, 1022.0, 1022.0, 1020.0, 1022.0, 1023.0, 1023.0, 1022.0, 1022.0, 1023.0, 1023.0, 1022.0, 1021.0, 1023.0, 1022.0, 1021.0, 1022.0, 1022.0, 1021.0, 1021.0, 1021.0, 1023.0, 1023.0, 1023.0, 1021.0, 1021.0, 1023.0, 1024.0, 1023.0, 1023.0, 1022.0, 1022.0, 1023.0, 1023.0, 1023.0, 1022.0, 1022.0, 1021.0, 1021.0, 1023.0, 1023.0, 1022.0, 1023.0, 1022.0, 1023.0, 1023.0, 1023.0, 1023.0, 1023.0, 1022.0, 1021.0, 1023.0, 1020.0, 1022.0, 1023.0, 1023.0, 1023.0, 1023.0, 1022.0, 1022.0, 1023.0, 1023.0, 1021.0, 1022.0, 1022.0, 1022.0, 1023.0, 1021.0, 1020.0, 1022.0, 1022.0, 1023.0, 1022.0, 1023.0, 1018.0, 1023.0, 1021.0, 1021.0, 1022.0, 1021.0, 1021.0, 1021.0, 1022.0, 1023.0, 1021.0, 1022.0, 1022.0, 1021.0, 1021.0, 1023.0, 1021.0, 1022.0, 1022.0, 1022.0, 1022.0]
Crossover offspring noisy fitness: [1023.0, 1021.0, 1022.0, 1023.0, 1021.0, 1022.0, 1022.0, 1022.0, 1022.0, 1020.0, 1022.0, 1023.0, 1023.0, 1022.0, 1022.0, 1023.0, 1023.0, 1022.0, 1021.0, 1023.0, 1022.0, 1021.0, 1022.0, 1022.0, 1021.0, 1020.0, 1021.0, 1023.0, 1023.0, 1023.0, 1021.0, 1021.0, 1023.0, 1024.0, 1023.0, 1023.0, 1022.0, 1022.0, 1023.0, 1023.0, 1022.0, 1022.0, 1022.0, 1021.0, 1021.0, 1023.0, 1023.0, 1022.0, 1023.0, 1022.0, 1023.0, 1023.0, 1023.0, 1023.0, 1023.0, 1022.0, 1021.0, 1023.0, 1020.0, 1022.0, 1023.0, 1023.0, 1023.0, 1023.0, 1021.0, 1022.0, 1023.0, 1023.0, 1021.0, 1022.0, 1022.0, 1022.0, 1023.0, 1021.0, 1020.0, 1022.0, 1022.0, 1023.0, 1022.0, 1023.0, 1018.0, 1023.0, 1021.0, 1021.0, 1022.0, 1021.0, 1021.0, 1021.0, 1022.0, 1023.0, 1021.0, 1022.0, 1022.0, 1021.0, 1021.0, 1022.0, 1021.0, 1022.0, 1022.0, 1022.0, 1022.0]
Is bad individual winner: 0
Is good individual winner: 1
Real fitness of best good: 1024.0
Noisy fitness of best good: 1024.0
Real fitness of best bad: 1022.0
Noisy fitness of best bad: 1022.0

l: 105
Real fitness of mutation winner: 920.0
Noisy fitness of mutation winner: 920.0
Crossover offspring real fitness: [1022.0, 1023.0, 1023.0, 1023.0, 1023.0, 1022.0, 1023.0, 1022.0, 1022.0, 1020.0, 1022.0, 1022.0, 1021.0, 1022.0, 1022.0, 1022.0, 1022.0, 1023.0, 1022.0, 1022.0, 1023.0, 1021.0, 1021.0, 1023.0, 1021.0, 1023.0, 1022.0, 1020.0, 1023.0, 1021.0, 1021.0, 1023.0, 1023.0, 1021.0, 1023.0, 1022.0, 1021.0, 1021.0, 1023.0, 1023.0, 1023.0, 1023.0, 1022.0, 1021.0, 1023.0, 1022.0, 1023.0, 1020.0, 1021.0, 1022.0, 1021.0, 1022.0, 1023.0, 1021.0, 1022.0, 1023.0, 1022.0, 1022.0, 1021.0, 1021.0, 1023.0, 1023.0, 1021.0, 1020.0, 1023.0, 1020.0, 1020.0, 1023.0, 1023.0, 1022.0, 1021.0, 1022.0, 1022.0, 1023.0, 1023.0, 1023.0, 1022.0, 1022.0, 1023.0, 1022.0, 1023.0, 1022.0, 1023.0, 1022.0, 1022.0, 1023.0, 1023.0, 1022.0, 1021.0, 1021.0, 1022.0, 1023.0, 1023.0, 1022.0, 1022.0, 1023.0, 1021.0, 1023.0, 1022.0, 1022.0, 1023.0]
Crossover offspring noisy fitness: [1021.0, 1023.0, 1023.0, 1023.0, 1023.0, 1022.0, 1023.0, 1022.0, 1022.0, 1020.0, 1022.0, 1022.0, 1021.0, 1022.0, 1022.0, 1022.0, 1022.0, 1023.0, 1021.0, 1022.0, 1023.0, 1021.0, 1021.0, 1023.0, 1021.0, 1023.0, 1022.0, 1020.0, 1023.0, 1021.0, 1021.0, 1023.0, 1023.0, 1021.0, 1023.0, 1022.0, 1021.0, 1021.0, 1023.0, 1023.0, 1023.0, 1023.0, 1022.0, 1021.0, 1023.0, 1022.0, 1023.0, 1020.0, 1021.0, 1022.0, 1021.0, 1022.0, 1023.0, 1021.0, 1021.0, 1023.0, 1021.0, 1022.0, 1021.0, 1021.0, 1023.0, 1023.0, 1021.0, 1020.0, 1023.0, 1020.0, 1020.0, 1023.0, 1023.0, 1022.0, 1021.0, 1022.0, 1022.0, 1023.0, 1022.0, 1023.0, 1022.0, 1022.0, 1023.0, 1022.0, 1022.0, 1022.0, 1023.0, 1022.0, 1022.0, 1023.0, 1023.0, 1022.0, 1021.0, 1021.0, 1022.0, 1023.0, 1023.0, 1022.0, 1022.0, 1023.0, 1021.0, 1023.0, 1022.0, 1022.0, 1023.0]
Is bad individual winner: 0
Is good individual winner: 0
Real fitness of best good: 1023.0
Noisy fitness of best good: 1023.0
Real fitness of best bad: 1022.0
Noisy fitness of best bad: 1022.0

l: 111
Real fitness of mutation winner: 914.0
Noisy fitness of mutation winner: 914.0
Crossover offspring real fitness: [1023.0, 1023.0, 1022.0, 1023.0, 1021.0, 1022.0, 1021.0, 1022.0, 1023.0, 1022.0, 1023.0, 1020.0, 1019.0, 1023.0, 1022.0, 1023.0, 1022.0, 1023.0, 1022.0, 1021.0, 1023.0, 1020.0, 1022.0, 1022.0, 1023.0, 1021.0, 1022.0, 1023.0, 1021.0, 1020.0, 1021.0, 1021.0, 1023.0, 1021.0, 1022.0, 1023.0, 1022.0, 1021.0, 1019.0, 1023.0, 1021.0, 1021.0, 1023.0, 1023.0, 1021.0, 1022.0, 1022.0, 1023.0, 1023.0, 1023.0, 1021.0, 1023.0, 1022.0, 1022.0, 1023.0, 1022.0, 1020.0, 1022.0, 1022.0, 1023.0, 1020.0, 1023.0, 1022.0, 1023.0, 1022.0, 1023.0, 1023.0, 1022.0, 1023.0, 1023.0, 1022.0, 1021.0, 1021.0, 1021.0, 1023.0, 1022.0, 1022.0, 1021.0, 1022.0, 1022.0, 1023.0, 1022.0, 1023.0, 1021.0, 1022.0, 1021.0, 1022.0, 1022.0, 1020.0, 1021.0, 1021.0, 1023.0, 1020.0, 1022.0, 1023.0, 1020.0, 1020.0, 1022.0, 1022.0, 1023.0, 1020.0]
Crossover offspring noisy fitness: [1023.0, 1023.0, 1022.0, 1023.0, 1021.0, 1022.0, 1021.0, 1022.0, 1023.0, 1022.0, 1023.0, 1020.0, 1019.0, 1023.0, 1022.0, 1023.0, 1022.0, 1023.0, 1022.0, 1021.0, 1023.0, 1020.0, 1021.0, 1022.0, 1023.0, 1021.0, 1022.0, 1023.0, 1021.0, 1020.0, 1021.0, 1021.0, 1023.0, 1021.0, 1022.0, 1023.0, 1022.0, 1021.0, 1019.0, 1023.0, 1021.0, 1021.0, 1023.0, 1023.0, 1021.0, 1022.0, 1022.0, 1023.0, 1023.0, 1023.0, 1021.0, 1023.0, 1022.0, 1022.0, 1023.0, 1021.0, 1020.0, 1022.0, 1022.0, 1023.0, 1020.0, 1023.0, 1022.0, 1023.0, 1022.0, 1023.0, 1023.0, 1022.0, 1023.0, 1022.0, 1022.0, 1021.0, 1021.0, 1021.0, 1022.0, 1022.0, 1022.0, 1021.0, 1022.0, 1022.0, 1023.0, 1022.0, 1023.0, 1021.0, 1022.0, 1021.0, 1022.0, 1022.0, 1020.0, 1021.0, 1021.0, 1023.0, 1020.0, 1022.0, 1023.0, 1020.0, 1020.0, 1022.0, 1022.0, 1023.0, 1020.0]
Is bad individual winner: 0
Is good individual winner: 0
Real fitness of best good: 1023.0
Noisy fitness of best good: 1023.0
Real fitness of best bad: 1022.0
Noisy fitness of best bad: 1022.0

l: 100
Real fitness of mutation winner: 925.0
Noisy fitness of mutation winner: 925.0
Crossover offspring real fitness: [1022.0, 1023.0, 1023.0, 1022.0, 1022.0, 1021.0, 1023.0, 1021.0, 1022.0, 1022.0, 1023.0, 1023.0, 1023.0, 1022.0, 1023.0, 1021.0, 1022.0, 1022.0, 1021.0, 1023.0, 1023.0, 1023.0, 1023.0, 1022.0, 1023.0, 1023.0, 1023.0, 1022.0, 1021.0, 1019.0, 1023.0, 1022.0, 1023.0, 1022.0, 1023.0, 1022.0, 1023.0, 1018.0, 1022.0, 1022.0, 1023.0, 1023.0, 1023.0, 1022.0, 1023.0, 1021.0, 1023.0, 1023.0, 1022.0, 1022.0, 1019.0, 1021.0, 1021.0, 1021.0, 1023.0, 1023.0, 1023.0, 1021.0, 1022.0, 1021.0, 1023.0, 1023.0, 1021.0, 1021.0, 1023.0, 1022.0, 1023.0, 1021.0, 1022.0, 1020.0, 1023.0, 1021.0, 1023.0, 1023.0, 1020.0, 1022.0, 1022.0, 1023.0, 1023.0, 1023.0, 1022.0, 1023.0, 1021.0, 1023.0, 1022.0, 1022.0, 1023.0, 1021.0, 1021.0, 1023.0, 1021.0, 1023.0, 1022.0, 1021.0, 1022.0, 1023.0, 1023.0, 1019.0, 1023.0, 1020.0, 1022.0]
Crossover offspring noisy fitness: [1022.0, 1023.0, 1023.0, 1022.0, 1022.0, 1021.0, 1023.0, 1021.0, 1022.0, 1022.0, 1023.0, 1023.0, 1023.0, 1022.0, 1023.0, 1021.0, 1022.0, 1022.0, 1021.0, 1023.0, 1023.0, 1023.0, 1022.0, 1022.0, 1022.0, 1023.0, 1023.0, 1022.0, 1021.0, 1019.0, 1023.0, 1022.0, 1023.0, 1022.0, 1023.0, 1022.0, 1023.0, 1018.0, 1022.0, 1022.0, 1023.0, 1023.0, 1023.0, 1022.0, 1023.0, 1021.0, 1023.0, 1023.0, 1021.0, 1022.0, 1018.0, 1021.0, 1021.0, 1021.0, 1023.0, 1023.0, 1023.0, 1021.0, 1022.0, 1021.0, 1023.0, 1023.0, 1021.0, 1021.0, 1023.0, 1021.0, 1022.0, 1021.0, 1022.0, 1020.0, 1023.0, 1021.0, 1023.0, 1023.0, 1020.0, 1022.0, 1022.0, 1023.0, 1023.0, 1023.0, 1022.0, 1023.0, 1021.0, 1023.0, 1022.0, 1022.0, 1023.0, 1021.0, 1021.0, 1023.0, 1021.0, 1023.0, 1022.0, 1021.0, 1021.0, 1023.0, 1023.0, 1019.0, 1023.0, 1020.0, 1022.0]
Is bad individual winner: 0
Is good individual winner: 0
Real fitness of best good: 1023.0
Noisy fitness of best good: 1023.0
Real fitness of best bad: 1022.0
Noisy fitness of best bad: 1022.0

l: 90
Real fitness of mutation winner: 935.0
Noisy fitness of mutation winner: 936.0
Crossover offspring real fitness: [1022.0, 1022.0, 1023.0, 1023.0, 1023.0, 1023.0, 1023.0, 1021.0, 1021.0, 1023.0, 1022.0, 1021.0, 1022.0, 1021.0, 1021.0, 1022.0, 1023.0, 1023.0, 1022.0, 1022.0, 1023.0, 1023.0, 1023.0, 1021.0, 1022.0, 1022.0, 1022.0, 1023.0, 1021.0, 1022.0, 1021.0, 1022.0, 1018.0, 1022.0, 1023.0, 1022.0, 1022.0, 1022.0, 1022.0, 1021.0, 1022.0, 1021.0, 1023.0, 1023.0, 1021.0, 1023.0, 1023.0, 1023.0, 1023.0, 1023.0, 1022.0, 1023.0, 1023.0, 1023.0, 1023.0, 1023.0, 1021.0, 1023.0, 1023.0, 1023.0, 1022.0, 1021.0, 1022.0, 1023.0, 1022.0, 1021.0, 1023.0, 1023.0, 1022.0, 1021.0, 1019.0, 1023.0, 1022.0, 1021.0, 1023.0, 1022.0, 1022.0, 1023.0, 1022.0, 1023.0, 1022.0, 1022.0, 1022.0, 1023.0, 1021.0, 1023.0, 1023.0, 1023.0, 1019.0, 1022.0, 1021.0, 1023.0, 1020.0, 1022.0, 1021.0, 1023.0, 1023.0, 1021.0, 1022.0, 1021.0, 1023.0]
Crossover offspring noisy fitness: [1022.0, 1022.0, 1023.0, 1022.0, 1022.0, 1023.0, 1023.0, 1021.0, 1021.0, 1023.0, 1022.0, 1021.0, 1022.0, 1021.0, 1021.0, 1022.0, 1023.0, 1023.0, 1022.0, 1022.0, 1022.0, 1023.0, 1023.0, 1021.0, 1021.0, 1022.0, 1022.0, 1023.0, 1021.0, 1022.0, 1021.0, 1022.0, 1018.0, 1022.0, 1023.0, 1022.0, 1022.0, 1022.0, 1022.0, 1021.0, 1022.0, 1020.0, 1021.0, 1022.0, 1021.0, 1023.0, 1023.0, 1023.0, 1023.0, 1023.0, 1022.0, 1023.0, 1023.0, 1023.0, 1023.0, 1023.0, 1021.0, 1023.0, 1023.0, 1023.0, 1022.0, 1021.0, 1022.0, 1023.0, 1022.0, 1021.0, 1023.0, 1023.0, 1022.0, 1021.0, 1019.0, 1023.0, 1022.0, 1021.0, 1023.0, 1022.0, 1022.0, 1023.0, 1022.0, 1023.0, 1022.0, 1022.0, 1022.0, 1023.0, 1021.0, 1023.0, 1022.0, 1023.0, 1019.0, 1022.0, 1021.0, 1023.0, 1020.0, 1022.0, 1021.0, 1023.0, 1023.0, 1021.0, 1022.0, 1021.0, 1023.0]
Is bad individual winner: 0
Is good individual winner: 0
Real fitness of best good: 1023.0
Noisy fitness of best good: 1023.0
Real fitness of best bad: 1022.0
Noisy fitness of best bad: 1022.0

l: 106
Real fitness of mutation winner: 919.0
Noisy fitness of mutation winner: 919.0
Crossover offspring real fitness: [1023.0, 1022.0, 1023.0, 1023.0, 1021.0, 1022.0, 1023.0, 1022.0, 1022.0, 1023.0, 1023.0, 1023.0, 1023.0, 1022.0, 1022.0, 1022.0, 1022.0, 1022.0, 1023.0, 1023.0, 1021.0, 1021.0, 1022.0, 1023.0, 1023.0, 1023.0, 1022.0, 1022.0, 1022.0, 1022.0, 1023.0, 1021.0, 1021.0, 1023.0, 1023.0, 1021.0, 1023.0, 1023.0, 1022.0, 1022.0, 1023.0, 1023.0, 1022.0, 1023.0, 1022.0, 1021.0, 1022.0, 1022.0, 1022.0, 1020.0, 1022.0, 1021.0, 1022.0, 1023.0, 1023.0, 1021.0, 1022.0, 1023.0, 1021.0, 1023.0, 1023.0, 1023.0, 1021.0, 1022.0, 1020.0, 1021.0, 1022.0, 1020.0, 1023.0, 1022.0, 1022.0, 1022.0, 1020.0, 1023.0, 1023.0, 1022.0, 1022.0, 1022.0, 1021.0, 1023.0, 1021.0, 1021.0, 1019.0, 1021.0, 1022.0, 1020.0, 1022.0, 1023.0, 1022.0, 1023.0, 1023.0, 1021.0, 1022.0, 1022.0, 1022.0, 1022.0, 1022.0, 1023.0, 1023.0, 1023.0, 1023.0]
Crossover offspring noisy fitness: [1023.0, 1022.0, 1023.0, 1023.0, 1021.0, 1022.0, 1023.0, 1022.0, 1022.0, 1023.0, 1023.0, 1023.0, 1023.0, 1021.0, 1022.0, 1022.0, 1022.0, 1022.0, 1023.0, 1023.0, 1021.0, 1021.0, 1022.0, 1023.0, 1023.0, 1023.0, 1022.0, 1022.0, 1022.0, 1022.0, 1023.0, 1021.0, 1021.0, 1023.0, 1023.0, 1021.0, 1023.0, 1023.0, 1022.0, 1022.0, 1023.0, 1023.0, 1022.0, 1023.0, 1022.0, 1020.0, 1022.0, 1022.0, 1022.0, 1020.0, 1022.0, 1021.0, 1020.0, 1023.0, 1022.0, 1021.0, 1022.0, 1023.0, 1021.0, 1023.0, 1023.0, 1023.0, 1021.0, 1022.0, 1020.0, 1021.0, 1022.0, 1020.0, 1023.0, 1022.0, 1021.0, 1022.0, 1020.0, 1023.0, 1023.0, 1022.0, 1022.0, 1022.0, 1021.0, 1023.0, 1021.0, 1021.0, 1019.0, 1021.0, 1022.0, 1020.0, 1022.0, 1022.0, 1022.0, 1023.0, 1023.0, 1021.0, 1022.0, 1022.0, 1022.0, 1022.0, 1022.0, 1023.0, 1022.0, 1023.0, 1023.0]
Is bad individual winner: 0
Is good individual winner: 0
Real fitness of best good: 1023.0
Noisy fitness of best good: 1023.0
Real fitness of best bad: 1022.0
Noisy fitness of best bad: 1022.0

l: 111
Real fitness of mutation winner: 914.0
Noisy fitness of mutation winner: 914.0
Crossover offspring real fitness: [1023.0, 1022.0, 1021.0, 1021.0, 1022.0, 1021.0, 1021.0, 1023.0, 1022.0, 1023.0, 1023.0, 1023.0, 1023.0, 1022.0, 1023.0, 1022.0, 1023.0, 1020.0, 1021.0, 1020.0, 1021.0, 1021.0, 1022.0, 1019.0, 1021.0, 1021.0, 1021.0, 1022.0, 1021.0, 1020.0, 1023.0, 1022.0, 1023.0, 1021.0, 1021.0, 1023.0, 1022.0, 1022.0, 1023.0, 1022.0, 1022.0, 1022.0, 1023.0, 1021.0, 1020.0, 1023.0, 1019.0, 1021.0, 1023.0, 1022.0, 1022.0, 1022.0, 1022.0, 1023.0, 1023.0, 1023.0, 1019.0, 1022.0, 1023.0, 1023.0, 1023.0, 1018.0, 1022.0, 1022.0, 1022.0, 1021.0, 1023.0, 1021.0, 1022.0, 1021.0, 1022.0, 1022.0, 1023.0, 1023.0, 1023.0, 1022.0, 1023.0, 1022.0, 1022.0, 1023.0, 1021.0, 1022.0, 1021.0, 1022.0, 1023.0, 1023.0, 1023.0, 1023.0, 1023.0, 1022.0, 1023.0, 1022.0, 1022.0, 1023.0, 1022.0, 1023.0, 1023.0, 1021.0, 1021.0, 1022.0, 1022.0]
Crossover offspring noisy fitness: [1023.0, 1022.0, 1021.0, 1021.0, 1022.0, 1021.0, 1021.0, 1023.0, 1022.0, 1023.0, 1023.0, 1023.0, 1023.0, 1022.0, 1023.0, 1022.0, 1022.0, 1020.0, 1021.0, 1020.0, 1021.0, 1021.0, 1022.0, 1019.0, 1021.0, 1021.0, 1021.0, 1022.0, 1021.0, 1020.0, 1023.0, 1022.0, 1023.0, 1021.0, 1021.0, 1023.0, 1022.0, 1022.0, 1023.0, 1022.0, 1022.0, 1022.0, 1022.0, 1021.0, 1020.0, 1023.0, 1019.0, 1021.0, 1023.0, 1022.0, 1021.0, 1022.0, 1022.0, 1023.0, 1023.0, 1023.0, 1019.0, 1022.0, 1023.0, 1023.0, 1023.0, 1018.0, 1022.0, 1022.0, 1022.0, 1021.0, 1023.0, 1021.0, 1022.0, 1021.0, 1022.0, 1022.0, 1023.0, 1023.0, 1022.0, 1022.0, 1023.0, 1022.0, 1022.0, 1023.0, 1021.0, 1022.0, 1021.0, 1022.0, 1023.0, 1023.0, 1023.0, 1023.0, 1023.0, 1022.0, 1023.0, 1022.0, 1021.0, 1023.0, 1021.0, 1023.0, 1023.0, 1021.0, 1021.0, 1022.0, 1022.0]
Is bad individual winner: 0
Is good individual winner: 0
Real fitness of best good: 1023.0
Noisy fitness of best good: 1023.0
Real fitness of best bad: 1022.0
Noisy fitness of best bad: 1022.0

l: 95
Real fitness of mutation winner: 930.0
Noisy fitness of mutation winner: 930.0
Crossover offspring real fitness: [1022.0, 1022.0, 1021.0, 1022.0, 1022.0, 1022.0, 1022.0, 1023.0, 1023.0, 1023.0, 1023.0, 1022.0, 1021.0, 1023.0, 1022.0, 1022.0, 1023.0, 1022.0, 1023.0, 1022.0, 1023.0, 1023.0, 1022.0, 1023.0, 1022.0, 1022.0, 1023.0, 1023.0, 1022.0, 1023.0, 1022.0, 1021.0, 1023.0, 1022.0, 1023.0, 1022.0, 1023.0, 1023.0, 1022.0, 1020.0, 1021.0, 1022.0, 1022.0, 1021.0, 1022.0, 1023.0, 1021.0, 1021.0, 1022.0, 1020.0, 1022.0, 1023.0, 1022.0, 1022.0, 1022.0, 1021.0, 1022.0, 1023.0, 1022.0, 1022.0, 1022.0, 1023.0, 1020.0, 1023.0, 1020.0, 1021.0, 1023.0, 1022.0, 1022.0, 1022.0, 1023.0, 1021.0, 1021.0, 1022.0, 1023.0, 1022.0, 1022.0, 1023.0, 1023.0, 1023.0, 1022.0, 1023.0, 1023.0, 1022.0, 1023.0, 1023.0, 1022.0, 1022.0, 1021.0, 1020.0, 1023.0, 1021.0, 1023.0, 1023.0, 1020.0, 1023.0, 1023.0, 1022.0, 1023.0, 1023.0, 1023.0]
Crossover offspring noisy fitness: [1022.0, 1022.0, 1021.0, 1022.0, 1022.0, 1022.0, 1022.0, 1023.0, 1023.0, 1023.0, 1023.0, 1022.0, 1021.0, 1022.0, 1022.0, 1022.0, 1023.0, 1022.0, 1023.0, 1022.0, 1023.0, 1023.0, 1022.0, 1023.0, 1022.0, 1022.0, 1023.0, 1023.0, 1022.0, 1022.0, 1022.0, 1021.0, 1023.0, 1022.0, 1023.0, 1022.0, 1023.0, 1023.0, 1022.0, 1020.0, 1021.0, 1022.0, 1022.0, 1021.0, 1022.0, 1023.0, 1021.0, 1021.0, 1022.0, 1020.0, 1022.0, 1023.0, 1022.0, 1022.0, 1022.0, 1021.0, 1021.0, 1023.0, 1022.0, 1022.0, 1022.0, 1023.0, 1020.0, 1023.0, 1020.0, 1021.0, 1023.0, 1022.0, 1022.0, 1022.0, 1023.0, 1021.0, 1021.0, 1022.0, 1023.0, 1022.0, 1022.0, 1023.0, 1023.0, 1023.0, 1022.0, 1023.0, 1023.0, 1022.0, 1023.0, 1023.0, 1022.0, 1022.0, 1021.0, 1020.0, 1023.0, 1021.0, 1023.0, 1023.0, 1020.0, 1023.0, 1023.0, 1022.0, 1023.0, 1023.0, 1023.0]
Is bad individual winner: 0
Is good individual winner: 0
Real fitness of best good: 1023.0
Noisy fitness of best good: 1023.0
Real fitness of best bad: 1022.0
Noisy fitness of best bad: 1022.0

l: 96
Real fitness of mutation winner: 929.0
Noisy fitness of mutation winner: 929.0
Crossover offspring real fitness: [1021.0, 1023.0, 1023.0, 1022.0, 1023.0, 1022.0, 1021.0, 1022.0, 1022.0, 1020.0, 1023.0, 1023.0, 1022.0, 1022.0, 1023.0, 1023.0, 1022.0, 1023.0, 1023.0, 1022.0, 1023.0, 1022.0, 1020.0, 1021.0, 1023.0, 1022.0, 1023.0, 1023.0, 1022.0, 1022.0, 1021.0, 1023.0, 1022.0, 1021.0, 1022.0, 1023.0, 1023.0, 1023.0, 1019.0, 1022.0, 1021.0, 1023.0, 1023.0, 1022.0, 1023.0, 1022.0, 1021.0, 1022.0, 1021.0, 1022.0, 1021.0, 1023.0, 1023.0, 1022.0, 1022.0, 1022.0, 1022.0, 1022.0, 1021.0, 1022.0, 1021.0, 1023.0, 1021.0, 1023.0, 1022.0, 1021.0, 1023.0, 1020.0, 1023.0, 1021.0, 1022.0, 1022.0, 1023.0, 1022.0, 1023.0, 1023.0, 1021.0, 1023.0, 1022.0, 1022.0, 1023.0, 1019.0, 1023.0, 1021.0, 1023.0, 1021.0, 1020.0, 1021.0, 1021.0, 1022.0, 1023.0, 1021.0, 1021.0, 1023.0, 1021.0, 1023.0, 1021.0, 1022.0, 1023.0, 1023.0, 1021.0]
Crossover offspring noisy fitness: [1021.0, 1023.0, 1023.0, 1022.0, 1022.0, 1022.0, 1021.0, 1021.0, 1022.0, 1020.0, 1023.0, 1023.0, 1022.0, 1022.0, 1023.0, 1023.0, 1022.0, 1023.0, 1023.0, 1022.0, 1023.0, 1022.0, 1020.0, 1021.0, 1023.0, 1022.0, 1023.0, 1023.0, 1022.0, 1022.0, 1020.0, 1023.0, 1022.0, 1021.0, 1022.0, 1023.0, 1023.0, 1023.0, 1019.0, 1022.0, 1021.0, 1023.0, 1023.0, 1022.0, 1022.0, 1022.0, 1021.0, 1022.0, 1021.0, 1022.0, 1021.0, 1023.0, 1023.0, 1022.0, 1022.0, 1022.0, 1022.0, 1022.0, 1021.0, 1022.0, 1021.0, 1023.0, 1021.0, 1023.0, 1022.0, 1021.0, 1023.0, 1020.0, 1023.0, 1021.0, 1022.0, 1022.0, 1023.0, 1022.0, 1023.0, 1023.0, 1021.0, 1023.0, 1022.0, 1022.0, 1023.0, 1019.0, 1023.0, 1021.0, 1023.0, 1021.0, 1020.0, 1021.0, 1021.0, 1022.0, 1023.0, 1021.0, 1021.0, 1023.0, 1021.0, 1023.0, 1021.0, 1022.0, 1023.0, 1023.0, 1021.0]
Is bad individual winner: 0
Is good individual winner: 0
Real fitness of best good: 1023.0
Noisy fitness of best good: 1023.0
Real fitness of best bad: 1022.0
Noisy fitness of best bad: 1022.0

l: 100
Real fitness of mutation winner: 925.0
Noisy fitness of mutation winner: 925.0
Crossover offspring real fitness: [1023.0, 1023.0, 1023.0, 1022.0, 1023.0, 1021.0, 1020.0, 1021.0, 1021.0, 1021.0, 1021.0, 1023.0, 1020.0, 1023.0, 1022.0, 1023.0, 1023.0, 1023.0, 1023.0, 1022.0, 1023.0, 1021.0, 1020.0, 1021.0, 1022.0, 1022.0, 1022.0, 1023.0, 1023.0, 1023.0, 1021.0, 1023.0, 1023.0, 1022.0, 1022.0, 1022.0, 1019.0, 1023.0, 1022.0, 1023.0, 1022.0, 1022.0, 1022.0, 1021.0, 1023.0, 1022.0, 1021.0, 1023.0, 1021.0, 1023.0, 1023.0, 1021.0, 1022.0, 1022.0, 1022.0, 1021.0, 1021.0, 1021.0, 1021.0, 1023.0, 1023.0, 1022.0, 1022.0, 1020.0, 1022.0, 1021.0, 1023.0, 1022.0, 1022.0, 1021.0, 1021.0, 1022.0, 1023.0, 1022.0, 1020.0, 1022.0, 1022.0, 1020.0, 1022.0, 1023.0, 1022.0, 1022.0, 1020.0, 1022.0, 1021.0, 1021.0, 1020.0, 1021.0, 1019.0, 1023.0, 1021.0, 1022.0, 1021.0, 1022.0, 1022.0, 1023.0, 1023.0, 1023.0, 1022.0, 1022.0, 1022.0]
Crossover offspring noisy fitness: [1023.0, 1023.0, 1023.0, 1021.0, 1023.0, 1021.0, 1020.0, 1021.0, 1021.0, 1021.0, 1021.0, 1023.0, 1020.0, 1023.0, 1022.0, 1023.0, 1023.0, 1023.0, 1023.0, 1022.0, 1023.0, 1021.0, 1020.0, 1021.0, 1022.0, 1022.0, 1022.0, 1023.0, 1023.0, 1023.0, 1021.0, 1022.0, 1023.0, 1022.0, 1022.0, 1022.0, 1019.0, 1023.0, 1022.0, 1023.0, 1022.0, 1022.0, 1022.0, 1021.0, 1023.0, 1022.0, 1021.0, 1023.0, 1021.0, 1023.0, 1023.0, 1021.0, 1022.0, 1022.0, 1022.0, 1021.0, 1021.0, 1021.0, 1021.0, 1023.0, 1023.0, 1022.0, 1022.0, 1020.0, 1022.0, 1021.0, 1023.0, 1022.0, 1022.0, 1021.0, 1021.0, 1022.0, 1023.0, 1022.0, 1020.0, 1022.0, 1022.0, 1020.0, 1022.0, 1023.0, 1022.0, 1022.0, 1020.0, 1022.0, 1021.0, 1021.0, 1019.0, 1021.0, 1018.0, 1023.0, 1021.0, 1022.0, 1021.0, 1022.0, 1022.0, 1023.0, 1023.0, 1023.0, 1022.0, 1022.0, 1022.0]
Is bad individual winner: 0
Is good individual winner: 0
Real fitness of best good: 1023.0
Noisy fitness of best good: 1023.0
Real fitness of best bad: 1022.0
Noisy fitness of best bad: 1022.0

l: 98
Real fitness of mutation winner: 927.0
Noisy fitness of mutation winner: 927.0
Crossover offspring real fitness: [1023.0, 1020.0, 1022.0, 1022.0, 1023.0, 1023.0, 1021.0, 1023.0, 1020.0, 1022.0, 1023.0, 1023.0, 1023.0, 1022.0, 1018.0, 1022.0, 1023.0, 1022.0, 1022.0, 1022.0, 1021.0, 1023.0, 1022.0, 1023.0, 1022.0, 1023.0, 1021.0, 1023.0, 1023.0, 1022.0, 1023.0, 1023.0, 1023.0, 1023.0, 1020.0, 1023.0, 1020.0, 1022.0, 1022.0, 1023.0, 1020.0, 1019.0, 1023.0, 1021.0, 1022.0, 1021.0, 1023.0, 1023.0, 1023.0, 1023.0, 1023.0, 1022.0, 1021.0, 1023.0, 1023.0, 1022.0, 1021.0, 1022.0, 1023.0, 1022.0, 1023.0, 1022.0, 1022.0, 1022.0, 1023.0, 1023.0, 1023.0, 1021.0, 1023.0, 1023.0, 1023.0, 1023.0, 1021.0, 1022.0, 1023.0, 1021.0, 1022.0, 1023.0, 1022.0, 1022.0, 1020.0, 1023.0, 1022.0, 1021.0, 1023.0, 1023.0, 1022.0, 1022.0, 1020.0, 1021.0, 1023.0, 1021.0, 1022.0, 1021.0, 1022.0, 1021.0, 1023.0, 1023.0, 1023.0, 1022.0, 1023.0]
Crossover offspring noisy fitness: [1022.0, 1020.0, 1022.0, 1022.0, 1023.0, 1023.0, 1021.0, 1023.0, 1020.0, 1022.0, 1023.0, 1023.0, 1023.0, 1022.0, 1018.0, 1022.0, 1023.0, 1022.0, 1022.0, 1022.0, 1021.0, 1023.0, 1022.0, 1023.0, 1022.0, 1023.0, 1021.0, 1023.0, 1022.0, 1022.0, 1023.0, 1023.0, 1023.0, 1023.0, 1020.0, 1023.0, 1020.0, 1022.0, 1022.0, 1023.0, 1019.0, 1019.0, 1023.0, 1021.0, 1022.0, 1021.0, 1023.0, 1023.0, 1023.0, 1023.0, 1023.0, 1022.0, 1021.0, 1023.0, 1023.0, 1022.0, 1021.0, 1022.0, 1023.0, 1022.0, 1023.0, 1022.0, 1022.0, 1022.0, 1023.0, 1023.0, 1023.0, 1021.0, 1023.0, 1023.0, 1023.0, 1022.0, 1021.0, 1022.0, 1023.0, 1021.0, 1022.0, 1023.0, 1022.0, 1022.0, 1020.0, 1023.0, 1022.0, 1021.0, 1023.0, 1023.0, 1022.0, 1022.0, 1020.0, 1021.0, 1023.0, 1021.0, 1022.0, 1021.0, 1021.0, 1021.0, 1023.0, 1023.0, 1023.0, 1022.0, 1023.0]
Is bad individual winner: 0
Is good individual winner: 0
Real fitness of best good: 1023.0
Noisy fitness of best good: 1023.0
Real fitness of best bad: 1022.0
Noisy fitness of best bad: 1022.0

l: 91
Real fitness of mutation winner: 934.0
Noisy fitness of mutation winner: 934.0
Crossover offspring real fitness: [1020.0, 1022.0, 1023.0, 1022.0, 1023.0, 1022.0, 1022.0, 1022.0, 1021.0, 1022.0, 1022.0, 1022.0, 1021.0, 1023.0, 1023.0, 1023.0, 1021.0, 1023.0, 1023.0, 1021.0, 1023.0, 1022.0, 1022.0, 1023.0, 1021.0, 1021.0, 1023.0, 1023.0, 1022.0, 1021.0, 1022.0, 1021.0, 1023.0, 1023.0, 1018.0, 1023.0, 1021.0, 1022.0, 1022.0, 1023.0, 1022.0, 1023.0, 1023.0, 1023.0, 1023.0, 1023.0, 1024.0, 1022.0, 1023.0, 1023.0, 1023.0, 1023.0, 1021.0, 1023.0, 1023.0, 1023.0, 1023.0, 1022.0, 1022.0, 1020.0, 1022.0, 1021.0, 1022.0, 1021.0, 1022.0, 1023.0, 1021.0, 1021.0, 1022.0, 1023.0, 1023.0, 1022.0, 1021.0, 1022.0, 1023.0, 1023.0, 1023.0, 1022.0, 1023.0, 1023.0, 1020.0, 1022.0, 1020.0, 1023.0, 1023.0, 1022.0, 1022.0, 1023.0, 1023.0, 1020.0, 1023.0, 1022.0, 1022.0, 1021.0, 1023.0, 1023.0, 1022.0, 1022.0, 1023.0, 1023.0, 1023.0]
Crossover offspring noisy fitness: [1019.0, 1022.0, 1023.0, 1022.0, 1023.0, 1022.0, 1022.0, 1022.0, 1021.0, 1022.0, 1021.0, 1022.0, 1021.0, 1023.0, 1023.0, 1023.0, 1021.0, 1023.0, 1023.0, 1021.0, 1023.0, 1022.0, 1022.0, 1023.0, 1021.0, 1021.0, 1023.0, 1023.0, 1021.0, 1021.0, 1022.0, 1021.0, 1023.0, 1023.0, 1018.0, 1023.0, 1020.0, 1022.0, 1022.0, 1023.0, 1022.0, 1023.0, 1023.0, 1023.0, 1023.0, 1023.0, 1024.0, 1022.0, 1023.0, 1023.0, 1023.0, 1023.0, 1021.0, 1023.0, 1023.0, 1023.0, 1023.0, 1022.0, 1022.0, 1020.0, 1022.0, 1020.0, 1022.0, 1021.0, 1022.0, 1023.0, 1021.0, 1021.0, 1022.0, 1023.0, 1023.0, 1022.0, 1021.0, 1022.0, 1023.0, 1023.0, 1023.0, 1022.0, 1023.0, 1023.0, 1020.0, 1021.0, 1020.0, 1023.0, 1021.0, 1022.0, 1022.0, 1023.0, 1023.0, 1020.0, 1023.0, 1022.0, 1022.0, 1020.0, 1023.0, 1023.0, 1022.0, 1022.0, 1022.0, 1023.0, 1023.0]
Is bad individual winner: 0
Is good individual winner: 1
Real fitness of best good: 1024.0
Noisy fitness of best good: 1024.0
Real fitness of best bad: 1022.0
Noisy fitness of best bad: 1022.0

l: 106
Real fitness of mutation winner: 919.0
Noisy fitness of mutation winner: 920.0
Crossover offspring real fitness: [1022.0, 1021.0, 1022.0, 1022.0, 1022.0, 1023.0, 1023.0, 1020.0, 1022.0, 1022.0, 1023.0, 1021.0, 1023.0, 1023.0, 1022.0, 1022.0, 1022.0, 1021.0, 1021.0, 1020.0, 1022.0, 1022.0, 1023.0, 1022.0, 1021.0, 1022.0, 1022.0, 1023.0, 1023.0, 1022.0, 1022.0, 1023.0, 1023.0, 1021.0, 1023.0, 1023.0, 1021.0, 1022.0, 1022.0, 1023.0, 1021.0, 1022.0, 1023.0, 1021.0, 1023.0, 1022.0, 1022.0, 1023.0, 1020.0, 1023.0, 1023.0, 1021.0, 1023.0, 1022.0, 1023.0, 1020.0, 1023.0, 1022.0, 1022.0, 1023.0, 1023.0, 1023.0, 1023.0, 1023.0, 1021.0, 1022.0, 1023.0, 1021.0, 1022.0, 1021.0, 1023.0, 1023.0, 1022.0, 1023.0, 1023.0, 1021.0, 1022.0, 1023.0, 1023.0, 1022.0, 1022.0, 1023.0, 1023.0, 1021.0, 1023.0, 1021.0, 1023.0, 1022.0, 1021.0, 1020.0, 1022.0, 1022.0, 1021.0, 1022.0, 1022.0, 1021.0, 1023.0, 1021.0, 1022.0, 1023.0, 1022.0]
Crossover offspring noisy fitness: [1022.0, 1021.0, 1022.0, 1022.0, 1022.0, 1023.0, 1023.0, 1020.0, 1022.0, 1021.0, 1023.0, 1021.0, 1023.0, 1023.0, 1022.0, 1022.0, 1022.0, 1021.0, 1021.0, 1020.0, 1022.0, 1022.0, 1023.0, 1022.0, 1021.0, 1022.0, 1022.0, 1023.0, 1023.0, 1022.0, 1022.0, 1023.0, 1023.0, 1021.0, 1023.0, 1023.0, 1021.0, 1021.0, 1022.0, 1023.0, 1021.0, 1022.0, 1023.0, 1021.0, 1023.0, 1022.0, 1021.0, 1023.0, 1020.0, 1023.0, 1023.0, 1021.0, 1023.0, 1022.0, 1023.0, 1020.0, 1023.0, 1022.0, 1022.0, 1023.0, 1023.0, 1023.0, 1023.0, 1023.0, 1021.0, 1022.0, 1023.0, 1021.0, 1022.0, 1021.0, 1023.0, 1023.0, 1022.0, 1023.0, 1023.0, 1021.0, 1022.0, 1023.0, 1023.0, 1022.0, 1022.0, 1023.0, 1023.0, 1021.0, 1023.0, 1021.0, 1023.0, 1022.0, 1021.0, 1020.0, 1022.0, 1021.0, 1021.0, 1022.0, 1022.0, 1021.0, 1023.0, 1021.0, 1022.0, 1023.0, 1022.0]
Is bad individual winner: 0
Is good individual winner: 0
Real fitness of best good: 1023.0
Noisy fitness of best good: 1023.0
Real fitness of best bad: 1022.0
Noisy fitness of best bad: 1022.0

l: 113
Real fitness of mutation winner: 912.0
Noisy fitness of mutation winner: 912.0
Crossover offspring real fitness: [1022.0, 1022.0, 1022.0, 1021.0, 1020.0, 1021.0, 1023.0, 1022.0, 1022.0, 1020.0, 1023.0, 1023.0, 1022.0, 1023.0, 1022.0, 1020.0, 1023.0, 1022.0, 1023.0, 1021.0, 1020.0, 1023.0, 1022.0, 1020.0, 1022.0, 1022.0, 1022.0, 1023.0, 1022.0, 1022.0, 1022.0, 1019.0, 1023.0, 1021.0, 1023.0, 1021.0, 1023.0, 1022.0, 1021.0, 1023.0, 1023.0, 1022.0, 1022.0, 1023.0, 1023.0, 1021.0, 1023.0, 1021.0, 1022.0, 1023.0, 1022.0, 1022.0, 1023.0, 1021.0, 1022.0, 1021.0, 1021.0, 1022.0, 1022.0, 1023.0, 1023.0, 1022.0, 1023.0, 1023.0, 1022.0, 1022.0, 1022.0, 1021.0, 1021.0, 1019.0, 1022.0, 1021.0, 1022.0, 1022.0, 1023.0, 1023.0, 1023.0, 1020.0, 1023.0, 1021.0, 1021.0, 1021.0, 1022.0, 1021.0, 1023.0, 1023.0, 1022.0, 1022.0, 1021.0, 1023.0, 1021.0, 1022.0, 1023.0, 1020.0, 1022.0, 1023.0, 1023.0, 1023.0, 1023.0, 1022.0, 1021.0]
Crossover offspring noisy fitness: [1022.0, 1022.0, 1022.0, 1021.0, 1020.0, 1021.0, 1023.0, 1022.0, 1022.0, 1020.0, 1023.0, 1023.0, 1021.0, 1023.0, 1022.0, 1020.0, 1023.0, 1021.0, 1023.0, 1021.0, 1020.0, 1023.0, 1022.0, 1019.0, 1022.0, 1022.0, 1022.0, 1023.0, 1021.0, 1022.0, 1022.0, 1019.0, 1023.0, 1021.0, 1023.0, 1021.0, 1023.0, 1022.0, 1021.0, 1023.0, 1023.0, 1022.0, 1022.0, 1023.0, 1023.0, 1021.0, 1023.0, 1021.0, 1022.0, 1023.0, 1021.0, 1022.0, 1023.0, 1021.0, 1021.0, 1021.0, 1020.0, 1022.0, 1022.0, 1023.0, 1023.0, 1021.0, 1023.0, 1023.0, 1022.0, 1022.0, 1022.0, 1021.0, 1021.0, 1019.0, 1022.0, 1021.0, 1022.0, 1022.0, 1023.0, 1023.0, 1023.0, 1020.0, 1023.0, 1021.0, 1021.0, 1021.0, 1022.0, 1021.0, 1023.0, 1023.0, 1022.0, 1022.0, 1021.0, 1023.0, 1021.0, 1022.0, 1023.0, 1020.0, 1022.0, 1023.0, 1022.0, 1023.0, 1023.0, 1022.0, 1021.0]
Is bad individual winner: 0
Is good individual winner: 0
Real fitness of best good: 1023.0
Noisy fitness of best good: 1023.0
Real fitness of best bad: 1022.0
Noisy fitness of best bad: 1022.0

l: 96
Real fitness of mutation winner: 929.0
Noisy fitness of mutation winner: 929.0
Crossover offspring real fitness: [1021.0, 1021.0, 1022.0, 1023.0, 1023.0, 1023.0, 1023.0, 1022.0, 1022.0, 1023.0, 1023.0, 1023.0, 1023.0, 1023.0, 1023.0, 1022.0, 1022.0, 1022.0, 1022.0, 1023.0, 1020.0, 1023.0, 1023.0, 1023.0, 1023.0, 1022.0, 1022.0, 1022.0, 1022.0, 1022.0, 1019.0, 1023.0, 1022.0, 1021.0, 1022.0, 1023.0, 1022.0, 1022.0, 1021.0, 1023.0, 1021.0, 1022.0, 1023.0, 1022.0, 1021.0, 1021.0, 1023.0, 1022.0, 1021.0, 1023.0, 1023.0, 1023.0, 1022.0, 1023.0, 1022.0, 1022.0, 1022.0, 1023.0, 1022.0, 1023.0, 1023.0, 1023.0, 1023.0, 1023.0, 1022.0, 1022.0, 1023.0, 1021.0, 1022.0, 1023.0, 1023.0, 1023.0, 1023.0, 1022.0, 1021.0, 1021.0, 1021.0, 1022.0, 1020.0, 1022.0, 1023.0, 1023.0, 1022.0, 1021.0, 1022.0, 1022.0, 1023.0, 1023.0, 1022.0, 1020.0, 1020.0, 1022.0, 1022.0, 1020.0, 1023.0, 1021.0, 1021.0, 1018.0, 1021.0, 1023.0, 1023.0]
Crossover offspring noisy fitness: [1021.0, 1021.0, 1022.0, 1023.0, 1023.0, 1023.0, 1023.0, 1022.0, 1022.0, 1023.0, 1023.0, 1022.0, 1023.0, 1023.0, 1023.0, 1022.0, 1021.0, 1022.0, 1022.0, 1023.0, 1020.0, 1023.0, 1023.0, 1023.0, 1023.0, 1022.0, 1022.0, 1022.0, 1022.0, 1022.0, 1019.0, 1023.0, 1022.0, 1021.0, 1022.0, 1023.0, 1022.0, 1022.0, 1021.0, 1023.0, 1021.0, 1022.0, 1023.0, 1022.0, 1021.0, 1021.0, 1023.0, 1022.0, 1021.0, 1023.0, 1023.0, 1023.0, 1022.0, 1023.0, 1022.0, 1022.0, 1022.0, 1023.0, 1022.0, 1022.0, 1023.0, 1023.0, 1023.0, 1023.0, 1021.0, 1022.0, 1023.0, 1021.0, 1022.0, 1023.0, 1023.0, 1023.0, 1023.0, 1022.0, 1021.0, 1021.0, 1021.0, 1022.0, 1020.0, 1022.0, 1023.0, 1023.0, 1022.0, 1021.0, 1021.0, 1022.0, 1023.0, 1023.0, 1022.0, 1020.0, 1020.0, 1022.0, 1022.0, 1020.0, 1023.0, 1021.0, 1021.0, 1018.0, 1021.0, 1023.0, 1023.0]
Is bad individual winner: 0
Is good individual winner: 0
Real fitness of best good: 1023.0
Noisy fitness of best good: 1023.0
Real fitness of best bad: 1022.0
Noisy fitness of best bad: 1022.0

l: 108
Real fitness of mutation winner: 917.0
Noisy fitness of mutation winner: 917.0
Crossover offspring real fitness: [1019.0, 1023.0, 1018.0, 1022.0, 1022.0, 1020.0, 1021.0, 1023.0, 1022.0, 1021.0, 1021.0, 1021.0, 1023.0, 1019.0, 1023.0, 1023.0, 1021.0, 1023.0, 1022.0, 1023.0, 1022.0, 1021.0, 1022.0, 1022.0, 1018.0, 1021.0, 1022.0, 1021.0, 1022.0, 1022.0, 1021.0, 1022.0, 1022.0, 1021.0, 1023.0, 1022.0, 1023.0, 1022.0, 1020.0, 1023.0, 1019.0, 1023.0, 1022.0, 1023.0, 1022.0, 1022.0, 1023.0, 1021.0, 1023.0, 1023.0, 1022.0, 1023.0, 1021.0, 1022.0, 1023.0, 1022.0, 1021.0, 1023.0, 1023.0, 1022.0, 1022.0, 1021.0, 1023.0, 1020.0, 1022.0, 1021.0, 1023.0, 1019.0, 1022.0, 1023.0, 1020.0, 1021.0, 1023.0, 1024.0, 1023.0, 1022.0, 1022.0, 1019.0, 1022.0, 1022.0, 1021.0, 1023.0, 1023.0, 1022.0, 1022.0, 1023.0, 1023.0, 1022.0, 1023.0, 1020.0, 1021.0, 1021.0, 1021.0, 1022.0, 1022.0, 1022.0, 1023.0, 1022.0, 1023.0, 1022.0, 1021.0]
Crossover offspring noisy fitness: [1019.0, 1023.0, 1018.0, 1022.0, 1022.0, 1020.0, 1020.0, 1023.0, 1022.0, 1021.0, 1020.0, 1021.0, 1023.0, 1019.0, 1023.0, 1023.0, 1021.0, 1023.0, 1022.0, 1023.0, 1022.0, 1021.0, 1022.0, 1022.0, 1018.0, 1021.0, 1022.0, 1021.0, 1022.0, 1022.0, 1021.0, 1021.0, 1022.0, 1021.0, 1023.0, 1022.0, 1022.0, 1022.0, 1020.0, 1023.0, 1019.0, 1023.0, 1022.0, 1023.0, 1022.0, 1022.0, 1023.0, 1021.0, 1023.0, 1023.0, 1021.0, 1023.0, 1021.0, 1022.0, 1023.0, 1022.0, 1020.0, 1023.0, 1022.0, 1022.0, 1022.0, 1021.0, 1023.0, 1020.0, 1022.0, 1021.0, 1023.0, 1019.0, 1022.0, 1023.0, 1020.0, 1021.0, 1023.0, 1024.0, 1023.0, 1021.0, 1022.0, 1019.0, 1022.0, 1022.0, 1021.0, 1023.0, 1023.0, 1022.0, 1022.0, 1023.0, 1023.0, 1022.0, 1023.0, 1020.0, 1021.0, 1021.0, 1021.0, 1022.0, 1022.0, 1022.0, 1023.0, 1022.0, 1023.0, 1022.0, 1021.0]
Is bad individual winner: 0
Is good individual winner: 1
Real fitness of best good: 1024.0
Noisy fitness of best good: 1024.0
Real fitness of best bad: 1022.0
Noisy fitness of best bad: 1022.0

l: 87
Real fitness of mutation winner: 938.0
Noisy fitness of mutation winner: 938.0
Crossover offspring real fitness: [1020.0, 1022.0, 1021.0, 1023.0, 1023.0, 1020.0, 1023.0, 1023.0, 1023.0, 1023.0, 1022.0, 1023.0, 1023.0, 1023.0, 1021.0, 1022.0, 1022.0, 1023.0, 1023.0, 1018.0, 1022.0, 1023.0, 1021.0, 1019.0, 1022.0, 1023.0, 1023.0, 1023.0, 1023.0, 1022.0, 1023.0, 1022.0, 1021.0, 1022.0, 1023.0, 1022.0, 1022.0, 1021.0, 1021.0, 1023.0, 1022.0, 1023.0, 1021.0, 1023.0, 1022.0, 1021.0, 1023.0, 1023.0, 1023.0, 1022.0, 1023.0, 1021.0, 1018.0, 1019.0, 1020.0, 1021.0, 1023.0, 1023.0, 1023.0, 1023.0, 1022.0, 1022.0, 1023.0, 1021.0, 1023.0, 1023.0, 1023.0, 1023.0, 1023.0, 1022.0, 1023.0, 1023.0, 1023.0, 1022.0, 1023.0, 1023.0, 1022.0, 1022.0, 1022.0, 1022.0, 1022.0, 1024.0, 1021.0, 1020.0, 1022.0, 1023.0, 1022.0, 1023.0, 1022.0, 1023.0, 1023.0, 1023.0, 1021.0, 1023.0, 1022.0, 1021.0, 1023.0, 1023.0, 1021.0, 1022.0, 1023.0]
Crossover offspring noisy fitness: [1020.0, 1022.0, 1020.0, 1023.0, 1023.0, 1018.0, 1023.0, 1023.0, 1023.0, 1023.0, 1022.0, 1022.0, 1023.0, 1023.0, 1021.0, 1022.0, 1021.0, 1023.0, 1023.0, 1018.0, 1022.0, 1023.0, 1021.0, 1019.0, 1022.0, 1023.0, 1023.0, 1023.0, 1023.0, 1022.0, 1023.0, 1022.0, 1021.0, 1022.0, 1023.0, 1022.0, 1022.0, 1021.0, 1021.0, 1023.0, 1022.0, 1023.0, 1021.0, 1023.0, 1022.0, 1021.0, 1023.0, 1023.0, 1023.0, 1022.0, 1023.0, 1021.0, 1018.0, 1018.0, 1020.0, 1021.0, 1022.0, 1023.0, 1022.0, 1023.0, 1022.0, 1022.0, 1023.0, 1021.0, 1023.0, 1023.0, 1023.0, 1023.0, 1023.0, 1022.0, 1023.0, 1022.0, 1023.0, 1022.0, 1023.0, 1023.0, 1022.0, 1022.0, 1022.0, 1022.0, 1022.0, 1024.0, 1021.0, 1019.0, 1022.0, 1023.0, 1022.0, 1023.0, 1022.0, 1023.0, 1022.0, 1022.0, 1021.0, 1023.0, 1022.0, 1021.0, 1023.0, 1023.0, 1021.0, 1022.0, 1023.0]
Is bad individual winner: 0
Is good individual winner: 1
Real fitness of best good: 1024.0
Noisy fitness of best good: 1024.0
Real fitness of best bad: 1022.0
Noisy fitness of best bad: 1022.0

l: 95
Real fitness of mutation winner: 930.0
Noisy fitness of mutation winner: 930.0
Crossover offspring real fitness: [1023.0, 1023.0, 1022.0, 1019.0, 1022.0, 1022.0, 1022.0, 1023.0, 1021.0, 1023.0, 1022.0, 1022.0, 1022.0, 1024.0, 1022.0, 1022.0, 1023.0, 1023.0, 1020.0, 1022.0, 1021.0, 1021.0, 1022.0, 1023.0, 1023.0, 1021.0, 1024.0, 1021.0, 1021.0, 1023.0, 1022.0, 1022.0, 1022.0, 1022.0, 1022.0, 1023.0, 1020.0, 1023.0, 1023.0, 1023.0, 1023.0, 1021.0, 1021.0, 1021.0, 1022.0, 1023.0, 1021.0, 1023.0, 1021.0, 1023.0, 1020.0, 1023.0, 1021.0, 1023.0, 1023.0, 1023.0, 1022.0, 1023.0, 1022.0, 1020.0, 1019.0, 1020.0, 1023.0, 1022.0, 1023.0, 1021.0, 1023.0, 1021.0, 1023.0, 1022.0, 1020.0, 1023.0, 1022.0, 1023.0, 1021.0, 1022.0, 1022.0, 1022.0, 1020.0, 1022.0, 1022.0, 1023.0, 1023.0, 1023.0, 1023.0, 1020.0, 1022.0, 1020.0, 1023.0, 1021.0, 1022.0, 1022.0, 1021.0, 1022.0, 1022.0, 1022.0, 1021.0, 1022.0, 1022.0, 1023.0, 1023.0]
Crossover offspring noisy fitness: [1023.0, 1023.0, 1022.0, 1019.0, 1022.0, 1021.0, 1022.0, 1023.0, 1021.0, 1023.0, 1022.0, 1022.0, 1022.0, 1024.0, 1022.0, 1022.0, 1023.0, 1023.0, 1020.0, 1022.0, 1021.0, 1021.0, 1020.0, 1023.0, 1023.0, 1021.0, 1024.0, 1021.0, 1021.0, 1023.0, 1022.0, 1022.0, 1021.0, 1022.0, 1022.0, 1023.0, 1020.0, 1023.0, 1023.0, 1023.0, 1023.0, 1021.0, 1021.0, 1021.0, 1022.0, 1023.0, 1021.0, 1023.0, 1020.0, 1023.0, 1020.0, 1023.0, 1021.0, 1023.0, 1023.0, 1022.0, 1022.0, 1023.0, 1022.0, 1020.0, 1017.0, 1020.0, 1023.0, 1022.0, 1023.0, 1021.0, 1023.0, 1020.0, 1023.0, 1022.0, 1020.0, 1023.0, 1022.0, 1023.0, 1021.0, 1022.0, 1022.0, 1021.0, 1020.0, 1022.0, 1022.0, 1023.0, 1023.0, 1023.0, 1023.0, 1019.0, 1022.0, 1020.0, 1023.0, 1021.0, 1022.0, 1022.0, 1021.0, 1021.0, 1022.0, 1021.0, 1021.0, 1022.0, 1022.0, 1023.0, 1023.0]
Is bad individual winner: 0
Is good individual winner: 1
Real fitness of best good: 1024.0
Noisy fitness of best good: 1024.0
Real fitness of best bad: 1022.0
Noisy fitness of best bad: 1022.0

l: 100
Real fitness of mutation winner: 925.0
Noisy fitness of mutation winner: 925.0
Crossover offspring real fitness: [1021.0, 1022.0, 1023.0, 1020.0, 1021.0, 1021.0, 1022.0, 1022.0, 1023.0, 1021.0, 1023.0, 1023.0, 1023.0, 1022.0, 1021.0, 1023.0, 1020.0, 1023.0, 1022.0, 1022.0, 1018.0, 1023.0, 1022.0, 1021.0, 1021.0, 1020.0, 1022.0, 1023.0, 1023.0, 1024.0, 1023.0, 1022.0, 1022.0, 1022.0, 1022.0, 1021.0, 1023.0, 1023.0, 1019.0, 1023.0, 1022.0, 1022.0, 1022.0, 1023.0, 1023.0, 1022.0, 1020.0, 1022.0, 1022.0, 1023.0, 1022.0, 1022.0, 1023.0, 1022.0, 1023.0, 1020.0, 1022.0, 1020.0, 1023.0, 1021.0, 1020.0, 1021.0, 1022.0, 1023.0, 1022.0, 1023.0, 1022.0, 1022.0, 1020.0, 1022.0, 1022.0, 1021.0, 1022.0, 1022.0, 1022.0, 1023.0, 1023.0, 1023.0, 1021.0, 1023.0, 1023.0, 1022.0, 1022.0, 1023.0, 1021.0, 1023.0, 1023.0, 1021.0, 1022.0, 1023.0, 1021.0, 1022.0, 1022.0, 1022.0, 1021.0, 1022.0, 1022.0, 1022.0, 1023.0, 1022.0, 1021.0]
Crossover offspring noisy fitness: [1021.0, 1022.0, 1023.0, 1020.0, 1021.0, 1021.0, 1022.0, 1022.0, 1022.0, 1021.0, 1023.0, 1023.0, 1023.0, 1022.0, 1021.0, 1023.0, 1019.0, 1023.0, 1021.0, 1022.0, 1018.0, 1023.0, 1022.0, 1021.0, 1021.0, 1020.0, 1022.0, 1023.0, 1023.0, 1024.0, 1023.0, 1022.0, 1022.0, 1022.0, 1022.0, 1021.0, 1023.0, 1023.0, 1019.0, 1023.0, 1022.0, 1022.0, 1022.0, 1023.0, 1023.0, 1022.0, 1020.0, 1022.0, 1022.0, 1023.0, 1022.0, 1022.0, 1023.0, 1022.0, 1023.0, 1020.0, 1022.0, 1020.0, 1023.0, 1021.0, 1020.0, 1021.0, 1022.0, 1022.0, 1022.0, 1023.0, 1022.0, 1022.0, 1020.0, 1022.0, 1022.0, 1021.0, 1022.0, 1022.0, 1022.0, 1023.0, 1022.0, 1023.0, 1021.0, 1023.0, 1023.0, 1021.0, 1022.0, 1023.0, 1021.0, 1023.0, 1023.0, 1021.0, 1022.0, 1023.0, 1021.0, 1022.0, 1022.0, 1022.0, 1021.0, 1022.0, 1022.0, 1022.0, 1023.0, 1022.0, 1021.0]
Is bad individual winner: 0
Is good individual winner: 1
Real fitness of best good: 1024.0
Noisy fitness of best good: 1024.0
Real fitness of best bad: 1022.0
Noisy fitness of best bad: 1022.0

l: 108
Real fitness of mutation winner: 917.0
Noisy fitness of mutation winner: 917.0
Crossover offspring real fitness: [1019.0, 1023.0, 1022.0, 1021.0, 1023.0, 1022.0, 1022.0, 1022.0, 1022.0, 1022.0, 1019.0, 1022.0, 1020.0, 1018.0, 1021.0, 1019.0, 1020.0, 1022.0, 1020.0, 1021.0, 1022.0, 1021.0, 1023.0, 1023.0, 1022.0, 1023.0, 1020.0, 1023.0, 1023.0, 1022.0, 1023.0, 1022.0, 1022.0, 1023.0, 1022.0, 1022.0, 1023.0, 1020.0, 1020.0, 1022.0, 1023.0, 1020.0, 1022.0, 1021.0, 1023.0, 1023.0, 1022.0, 1020.0, 1022.0, 1022.0, 1022.0, 1019.0, 1021.0, 1023.0, 1023.0, 1022.0, 1023.0, 1022.0, 1023.0, 1023.0, 1022.0, 1023.0, 1023.0, 1022.0, 1022.0, 1023.0, 1022.0, 1022.0, 1022.0, 1023.0, 1023.0, 1021.0, 1021.0, 1021.0, 1023.0, 1023.0, 1023.0, 1022.0, 1020.0, 1023.0, 1023.0, 1023.0, 1023.0, 1023.0, 1019.0, 1022.0, 1022.0, 1022.0, 1023.0, 1021.0, 1023.0, 1019.0, 1023.0, 1021.0, 1021.0, 1022.0, 1021.0, 1020.0, 1023.0, 1021.0, 1021.0]
Crossover offspring noisy fitness: [1019.0, 1023.0, 1022.0, 1021.0, 1023.0, 1022.0, 1022.0, 1022.0, 1022.0, 1022.0, 1019.0, 1022.0, 1020.0, 1018.0, 1020.0, 1019.0, 1020.0, 1022.0, 1020.0, 1021.0, 1022.0, 1021.0, 1023.0, 1023.0, 1022.0, 1023.0, 1020.0, 1023.0, 1023.0, 1022.0, 1023.0, 1022.0, 1022.0, 1023.0, 1022.0, 1022.0, 1023.0, 1020.0, 1020.0, 1022.0, 1023.0, 1020.0, 1022.0, 1021.0, 1023.0, 1023.0, 1022.0, 1020.0, 1022.0, 1022.0, 1022.0, 1019.0, 1021.0, 1023.0, 1023.0, 1022.0, 1023.0, 1022.0, 1023.0, 1022.0, 1022.0, 1023.0, 1023.0, 1022.0, 1022.0, 1023.0, 1022.0, 1022.0, 1022.0, 1023.0, 1022.0, 1021.0, 1021.0, 1021.0, 1022.0, 1023.0, 1023.0, 1022.0, 1020.0, 1023.0, 1023.0, 1023.0, 1023.0, 1023.0, 1019.0, 1022.0, 1022.0, 1022.0, 1023.0, 1021.0, 1022.0, 1019.0, 1023.0, 1021.0, 1021.0, 1022.0, 1021.0, 1020.0, 1023.0, 1021.0, 1021.0]
Is bad individual winner: 0
Is good individual winner: 0
Real fitness of best good: 1023.0
Noisy fitness of best good: 1023.0
Real fitness of best bad: 1022.0
Noisy fitness of best bad: 1022.0

l: 84
Real fitness of mutation winner: 941.0
Noisy fitness of mutation winner: 941.0
Crossover offspring real fitness: [1019.0, 1022.0, 1023.0, 1023.0, 1022.0, 1023.0, 1023.0, 1023.0, 1023.0, 1022.0, 1023.0, 1023.0, 1021.0, 1020.0, 1022.0, 1023.0, 1021.0, 1021.0, 1021.0, 1021.0, 1023.0, 1023.0, 1022.0, 1022.0, 1019.0, 1022.0, 1023.0, 1023.0, 1021.0, 1019.0, 1022.0, 1021.0, 1022.0, 1022.0, 1022.0, 1023.0, 1021.0, 1023.0, 1023.0, 1022.0, 1023.0, 1022.0, 1022.0, 1023.0, 1022.0, 1022.0, 1023.0, 1023.0, 1022.0, 1019.0, 1020.0, 1023.0, 1023.0, 1023.0, 1022.0, 1022.0, 1021.0, 1021.0, 1022.0, 1023.0, 1023.0, 1022.0, 1021.0, 1022.0, 1022.0, 1023.0, 1022.0, 1022.0, 1022.0, 1023.0, 1023.0, 1021.0, 1023.0, 1024.0, 1023.0, 1023.0, 1023.0, 1021.0, 1023.0, 1022.0, 1023.0, 1022.0, 1023.0, 1023.0, 1023.0, 1022.0, 1021.0, 1023.0, 1020.0, 1021.0, 1021.0, 1022.0, 1022.0, 1022.0, 1022.0, 1023.0, 1022.0, 1021.0, 1023.0, 1020.0, 1023.0]
Crossover offspring noisy fitness: [1019.0, 1021.0, 1023.0, 1023.0, 1022.0, 1023.0, 1023.0, 1023.0, 1023.0, 1021.0, 1023.0, 1023.0, 1021.0, 1019.0, 1022.0, 1023.0, 1021.0, 1021.0, 1021.0, 1021.0, 1023.0, 1023.0, 1022.0, 1022.0, 1019.0, 1022.0, 1023.0, 1023.0, 1021.0, 1019.0, 1022.0, 1021.0, 1022.0, 1022.0, 1022.0, 1023.0, 1021.0, 1023.0, 1023.0, 1022.0, 1023.0, 1022.0, 1022.0, 1023.0, 1022.0, 1021.0, 1023.0, 1023.0, 1022.0, 1019.0, 1020.0, 1022.0, 1023.0, 1023.0, 1022.0, 1022.0, 1021.0, 1020.0, 1022.0, 1023.0, 1023.0, 1022.0, 1021.0, 1022.0, 1022.0, 1023.0, 1022.0, 1022.0, 1022.0, 1023.0, 1023.0, 1020.0, 1023.0, 1024.0, 1023.0, 1023.0, 1022.0, 1021.0, 1023.0, 1022.0, 1023.0, 1022.0, 1023.0, 1023.0, 1023.0, 1022.0, 1021.0, 1023.0, 1020.0, 1021.0, 1021.0, 1022.0, 1022.0, 1022.0, 1022.0, 1023.0, 1022.0, 1021.0, 1023.0, 1020.0, 1022.0]
Is bad individual winner: 0
Is good individual winner: 1
Real fitness of best good: 1024.0
Noisy fitness of best good: 1024.0
Real fitness of best bad: 1022.0
Noisy fitness of best bad: 1022.0

l: 108
Real fitness of mutation winner: 917.0
Noisy fitness of mutation winner: 917.0
Crossover offspring real fitness: [1023.0, 1020.0, 1023.0, 1022.0, 1021.0, 1022.0, 1022.0, 1023.0, 1022.0, 1023.0, 1022.0, 1021.0, 1022.0, 1022.0, 1021.0, 1022.0, 1022.0, 1023.0, 1020.0, 1023.0, 1022.0, 1022.0, 1020.0, 1022.0, 1021.0, 1020.0, 1022.0, 1023.0, 1019.0, 1022.0, 1023.0, 1023.0, 1023.0, 1023.0, 1021.0, 1022.0, 1021.0, 1023.0, 1022.0, 1023.0, 1023.0, 1023.0, 1022.0, 1023.0, 1022.0, 1022.0, 1023.0, 1021.0, 1023.0, 1022.0, 1022.0, 1022.0, 1023.0, 1020.0, 1023.0, 1022.0, 1023.0, 1022.0, 1023.0, 1022.0, 1023.0, 1022.0, 1021.0, 1020.0, 1021.0, 1020.0, 1021.0, 1023.0, 1022.0, 1023.0, 1023.0, 1021.0, 1021.0, 1021.0, 1022.0, 1018.0, 1022.0, 1022.0, 1022.0, 1022.0, 1022.0, 1022.0, 1022.0, 1021.0, 1021.0, 1023.0, 1023.0, 1020.0, 1023.0, 1023.0, 1022.0, 1023.0, 1022.0, 1020.0, 1021.0, 1023.0, 1023.0, 1022.0, 1023.0, 1022.0, 1022.0]
Crossover offspring noisy fitness: [1023.0, 1020.0, 1023.0, 1022.0, 1021.0, 1022.0, 1022.0, 1023.0, 1022.0, 1023.0, 1022.0, 1021.0, 1022.0, 1022.0, 1021.0, 1022.0, 1022.0, 1023.0, 1020.0, 1023.0, 1022.0, 1022.0, 1020.0, 1021.0, 1021.0, 1019.0, 1022.0, 1023.0, 1019.0, 1022.0, 1023.0, 1023.0, 1023.0, 1023.0, 1021.0, 1022.0, 1021.0, 1023.0, 1022.0, 1023.0, 1023.0, 1023.0, 1022.0, 1023.0, 1022.0, 1021.0, 1023.0, 1021.0, 1023.0, 1022.0, 1022.0, 1022.0, 1023.0, 1020.0, 1022.0, 1022.0, 1023.0, 1021.0, 1023.0, 1022.0, 1023.0, 1022.0, 1021.0, 1020.0, 1021.0, 1020.0, 1021.0, 1023.0, 1022.0, 1022.0, 1023.0, 1020.0, 1021.0, 1021.0, 1022.0, 1018.0, 1022.0, 1022.0, 1022.0, 1022.0, 1022.0, 1022.0, 1022.0, 1021.0, 1021.0, 1023.0, 1023.0, 1020.0, 1023.0, 1023.0, 1022.0, 1023.0, 1022.0, 1020.0, 1021.0, 1023.0, 1022.0, 1022.0, 1023.0, 1022.0, 1022.0]
Is bad individual winner: 0
Is good individual winner: 0
Real fitness of best good: 1023.0
Noisy fitness of best good: 1023.0
Real fitness of best bad: 1022.0
Noisy fitness of best bad: 1022.0

l: 116
Real fitness of mutation winner: 909.0
Noisy fitness of mutation winner: 909.0
Crossover offspring real fitness: [1022.0, 1022.0, 1022.0, 1021.0, 1022.0, 1021.0, 1021.0, 1022.0, 1020.0, 1023.0, 1022.0, 1021.0, 1022.0, 1023.0, 1023.0, 1023.0, 1023.0, 1022.0, 1021.0, 1022.0, 1021.0, 1020.0, 1023.0, 1022.0, 1022.0, 1023.0, 1022.0, 1022.0, 1022.0, 1022.0, 1023.0, 1023.0, 1018.0, 1023.0, 1023.0, 1022.0, 1023.0, 1021.0, 1023.0, 1023.0, 1023.0, 1020.0, 1023.0, 1023.0, 1023.0, 1022.0, 1023.0, 1022.0, 1022.0, 1022.0, 1022.0, 1023.0, 1020.0, 1022.0, 1023.0, 1023.0, 1022.0, 1022.0, 1020.0, 1022.0, 1023.0, 1022.0, 1022.0, 1023.0, 1021.0, 1022.0, 1022.0, 1023.0, 1023.0, 1022.0, 1016.0, 1021.0, 1022.0, 1021.0, 1021.0, 1022.0, 1021.0, 1022.0, 1022.0, 1023.0, 1021.0, 1022.0, 1022.0, 1023.0, 1023.0, 1023.0, 1022.0, 1021.0, 1020.0, 1022.0, 1021.0, 1023.0, 1022.0, 1021.0, 1022.0, 1022.0, 1022.0, 1022.0, 1022.0, 1021.0, 1022.0]
Crossover offspring noisy fitness: [1022.0, 1022.0, 1022.0, 1021.0, 1022.0, 1021.0, 1021.0, 1022.0, 1020.0, 1023.0, 1022.0, 1021.0, 1022.0, 1023.0, 1023.0, 1023.0, 1023.0, 1022.0, 1021.0, 1022.0, 1021.0, 1020.0, 1023.0, 1022.0, 1021.0, 1023.0, 1021.0, 1022.0, 1022.0, 1022.0, 1023.0, 1023.0, 1018.0, 1022.0, 1022.0, 1022.0, 1023.0, 1021.0, 1023.0, 1023.0, 1023.0, 1020.0, 1023.0, 1023.0, 1023.0, 1022.0, 1023.0, 1022.0, 1022.0, 1022.0, 1022.0, 1023.0, 1020.0, 1022.0, 1023.0, 1023.0, 1022.0, 1022.0, 1020.0, 1022.0, 1023.0, 1022.0, 1022.0, 1023.0, 1021.0, 1022.0, 1022.0, 1023.0, 1023.0, 1022.0, 1016.0, 1021.0, 1022.0, 1021.0, 1021.0, 1022.0, 1021.0, 1022.0, 1022.0, 1023.0, 1021.0, 1022.0, 1022.0, 1023.0, 1023.0, 1023.0, 1022.0, 1021.0, 1019.0, 1022.0, 1021.0, 1023.0, 1021.0, 1020.0, 1022.0, 1022.0, 1022.0, 1022.0, 1022.0, 1021.0, 1022.0]
Is bad individual winner: 0
Is good individual winner: 0
Real fitness of best good: 1023.0
Noisy fitness of best good: 1023.0
Real fitness of best bad: 1022.0
Noisy fitness of best bad: 1022.0

l: 105
Real fitness of mutation winner: 920.0
Noisy fitness of mutation winner: 920.0
Crossover offspring real fitness: [1023.0, 1022.0, 1022.0, 1023.0, 1022.0, 1022.0, 1022.0, 1021.0, 1023.0, 1021.0, 1023.0, 1022.0, 1023.0, 1022.0, 1023.0, 1020.0, 1021.0, 1021.0, 1023.0, 1021.0, 1022.0, 1023.0, 1021.0, 1023.0, 1020.0, 1021.0, 1022.0, 1023.0, 1022.0, 1023.0, 1021.0, 1023.0, 1020.0, 1022.0, 1021.0, 1022.0, 1022.0, 1021.0, 1022.0, 1021.0, 1023.0, 1023.0, 1023.0, 1021.0, 1023.0, 1023.0, 1021.0, 1022.0, 1021.0, 1023.0, 1022.0, 1022.0, 1023.0, 1022.0, 1023.0, 1021.0, 1023.0, 1022.0, 1020.0, 1022.0, 1023.0, 1023.0, 1023.0, 1023.0, 1023.0, 1019.0, 1023.0, 1022.0, 1023.0, 1022.0, 1022.0, 1021.0, 1022.0, 1021.0, 1023.0, 1021.0, 1023.0, 1023.0, 1021.0, 1022.0, 1023.0, 1023.0, 1022.0, 1022.0, 1023.0, 1023.0, 1021.0, 1021.0, 1022.0, 1022.0, 1022.0, 1021.0, 1022.0, 1022.0, 1022.0, 1023.0, 1022.0, 1022.0, 1020.0, 1023.0, 1022.0]
Crossover offspring noisy fitness: [1022.0, 1022.0, 1022.0, 1023.0, 1022.0, 1022.0, 1022.0, 1021.0, 1023.0, 1021.0, 1023.0, 1022.0, 1023.0, 1022.0, 1023.0, 1020.0, 1021.0, 1021.0, 1023.0, 1021.0, 1022.0, 1023.0, 1021.0, 1023.0, 1020.0, 1021.0, 1022.0, 1023.0, 1022.0, 1023.0, 1021.0, 1023.0, 1020.0, 1022.0, 1020.0, 1022.0, 1022.0, 1021.0, 1022.0, 1021.0, 1023.0, 1023.0, 1023.0, 1021.0, 1023.0, 1023.0, 1021.0, 1022.0, 1021.0, 1023.0, 1022.0, 1022.0, 1023.0, 1022.0, 1023.0, 1021.0, 1023.0, 1022.0, 1020.0, 1022.0, 1023.0, 1023.0, 1023.0, 1023.0, 1023.0, 1019.0, 1023.0, 1022.0, 1023.0, 1022.0, 1022.0, 1021.0, 1022.0, 1021.0, 1023.0, 1020.0, 1023.0, 1023.0, 1021.0, 1022.0, 1023.0, 1023.0, 1022.0, 1022.0, 1023.0, 1023.0, 1020.0, 1021.0, 1022.0, 1022.0, 1022.0, 1021.0, 1022.0, 1021.0, 1022.0, 1023.0, 1022.0, 1022.0, 1020.0, 1023.0, 1022.0]
Is bad individual winner: 0
Is good individual winner: 0
Real fitness of best good: 1023.0
Noisy fitness of best good: 1023.0
Real fitness of best bad: 1022.0
Noisy fitness of best bad: 1022.0

l: 111
Real fitness of mutation winner: 914.0
Noisy fitness of mutation winner: 914.0
Crossover offspring real fitness: [1022.0, 1021.0, 1023.0, 1021.0, 1023.0, 1022.0, 1022.0, 1023.0, 1023.0, 1019.0, 1021.0, 1023.0, 1022.0, 1023.0, 1021.0, 1023.0, 1023.0, 1021.0, 1021.0, 1021.0, 1023.0, 1021.0, 1023.0, 1023.0, 1023.0, 1023.0, 1023.0, 1022.0, 1023.0, 1023.0, 1021.0, 1022.0, 1022.0, 1021.0, 1023.0, 1022.0, 1022.0, 1023.0, 1022.0, 1022.0, 1020.0, 1021.0, 1022.0, 1022.0, 1023.0, 1021.0, 1022.0, 1023.0, 1022.0, 1022.0, 1023.0, 1021.0, 1023.0, 1023.0, 1023.0, 1021.0, 1022.0, 1022.0, 1023.0, 1022.0, 1020.0, 1022.0, 1022.0, 1023.0, 1020.0, 1022.0, 1022.0, 1023.0, 1022.0, 1022.0, 1020.0, 1022.0, 1023.0, 1022.0, 1021.0, 1021.0, 1021.0, 1022.0, 1022.0, 1022.0, 1023.0, 1022.0, 1021.0, 1021.0, 1021.0, 1022.0, 1023.0, 1023.0, 1021.0, 1023.0, 1023.0, 1022.0, 1021.0, 1022.0, 1021.0, 1019.0, 1022.0, 1023.0, 1023.0, 1021.0, 1023.0]
Crossover offspring noisy fitness: [1022.0, 1021.0, 1023.0, 1021.0, 1023.0, 1022.0, 1022.0, 1023.0, 1023.0, 1019.0, 1021.0, 1023.0, 1022.0, 1023.0, 1021.0, 1021.0, 1023.0, 1021.0, 1021.0, 1021.0, 1023.0, 1021.0, 1023.0, 1023.0, 1023.0, 1023.0, 1023.0, 1022.0, 1023.0, 1023.0, 1021.0, 1022.0, 1022.0, 1021.0, 1023.0, 1022.0, 1022.0, 1023.0, 1022.0, 1022.0, 1020.0, 1021.0, 1022.0, 1022.0, 1023.0, 1021.0, 1022.0, 1023.0, 1022.0, 1022.0, 1023.0, 1021.0, 1023.0, 1023.0, 1023.0, 1021.0, 1022.0, 1022.0, 1023.0, 1022.0, 1018.0, 1022.0, 1022.0, 1022.0, 1020.0, 1022.0, 1022.0, 1023.0, 1022.0, 1022.0, 1020.0, 1022.0, 1023.0, 1022.0, 1021.0, 1021.0, 1021.0, 1022.0, 1022.0, 1022.0, 1023.0, 1022.0, 1021.0, 1020.0, 1021.0, 1022.0, 1023.0, 1023.0, 1021.0, 1023.0, 1023.0, 1022.0, 1021.0, 1022.0, 1021.0, 1019.0, 1022.0, 1023.0, 1023.0, 1019.0, 1023.0]
Is bad individual winner: 0
Is good individual winner: 0
Real fitness of best good: 1023.0
Noisy fitness of best good: 1023.0
Real fitness of best bad: 1022.0
Noisy fitness of best bad: 1022.0

l: 124
Real fitness of mutation winner: 901.0
Noisy fitness of mutation winner: 901.0
Crossover offspring real fitness: [1023.0, 1022.0, 1022.0, 1022.0, 1023.0, 1021.0, 1023.0, 1019.0, 1023.0, 1020.0, 1023.0, 1023.0, 1021.0, 1023.0, 1019.0, 1022.0, 1021.0, 1023.0, 1021.0, 1021.0, 1024.0, 1022.0, 1022.0, 1023.0, 1023.0, 1023.0, 1023.0, 1023.0, 1022.0, 1022.0, 1021.0, 1022.0, 1020.0, 1022.0, 1020.0, 1021.0, 1019.0, 1018.0, 1022.0, 1022.0, 1023.0, 1021.0, 1022.0, 1023.0, 1022.0, 1021.0, 1021.0, 1023.0, 1023.0, 1023.0, 1019.0, 1023.0, 1022.0, 1023.0, 1022.0, 1022.0, 1022.0, 1023.0, 1021.0, 1022.0, 1021.0, 1022.0, 1021.0, 1022.0, 1023.0, 1022.0, 1022.0, 1023.0, 1021.0, 1022.0, 1023.0, 1021.0, 1021.0, 1023.0, 1022.0, 1021.0, 1022.0, 1018.0, 1020.0, 1023.0, 1022.0, 1023.0, 1022.0, 1022.0, 1022.0, 1022.0, 1023.0, 1020.0, 1022.0, 1021.0, 1022.0, 1023.0, 1022.0, 1023.0, 1022.0, 1022.0, 1022.0, 1022.0, 1022.0, 1020.0, 1021.0]
Crossover offspring noisy fitness: [1023.0, 1022.0, 1022.0, 1022.0, 1023.0, 1021.0, 1023.0, 1019.0, 1023.0, 1020.0, 1023.0, 1023.0, 1021.0, 1023.0, 1019.0, 1022.0, 1021.0, 1023.0, 1021.0, 1021.0, 1024.0, 1022.0, 1022.0, 1023.0, 1023.0, 1023.0, 1023.0, 1023.0, 1022.0, 1022.0, 1021.0, 1022.0, 1020.0, 1022.0, 1020.0, 1021.0, 1019.0, 1018.0, 1022.0, 1021.0, 1023.0, 1021.0, 1022.0, 1023.0, 1022.0, 1021.0, 1020.0, 1023.0, 1023.0, 1023.0, 1019.0, 1023.0, 1022.0, 1023.0, 1022.0, 1021.0, 1021.0, 1023.0, 1021.0, 1022.0, 1021.0, 1022.0, 1021.0, 1022.0, 1023.0, 1022.0, 1022.0, 1023.0, 1020.0, 1022.0, 1023.0, 1021.0, 1021.0, 1023.0, 1022.0, 1020.0, 1022.0, 1018.0, 1020.0, 1023.0, 1022.0, 1023.0, 1022.0, 1022.0, 1021.0, 1020.0, 1023.0, 1020.0, 1022.0, 1021.0, 1022.0, 1023.0, 1022.0, 1023.0, 1021.0, 1022.0, 1022.0, 1022.0, 1022.0, 1020.0, 1021.0]
Is bad individual winner: 0
Is good individual winner: 1
Real fitness of best good: 1024.0
Noisy fitness of best good: 1024.0
Real fitness of best bad: 1022.0
Noisy fitness of best bad: 1022.0

l: 96
Real fitness of mutation winner: 929.0
Noisy fitness of mutation winner: 929.0
Crossover offspring real fitness: [1021.0, 1022.0, 1022.0, 1023.0, 1023.0, 1020.0, 1022.0, 1021.0, 1021.0, 1021.0, 1022.0, 1022.0, 1024.0, 1021.0, 1022.0, 1019.0, 1021.0, 1022.0, 1022.0, 1023.0, 1023.0, 1023.0, 1022.0, 1023.0, 1023.0, 1021.0, 1021.0, 1020.0, 1019.0, 1023.0, 1023.0, 1023.0, 1022.0, 1022.0, 1020.0, 1022.0, 1023.0, 1021.0, 1023.0, 1023.0, 1023.0, 1022.0, 1021.0, 1021.0, 1023.0, 1021.0, 1020.0, 1022.0, 1023.0, 1022.0, 1022.0, 1023.0, 1022.0, 1023.0, 1021.0, 1023.0, 1021.0, 1023.0, 1023.0, 1022.0, 1023.0, 1020.0, 1022.0, 1023.0, 1022.0, 1023.0, 1023.0, 1023.0, 1022.0, 1023.0, 1021.0, 1023.0, 1023.0, 1021.0, 1022.0, 1022.0, 1023.0, 1023.0, 1023.0, 1022.0, 1020.0, 1023.0, 1022.0, 1021.0, 1022.0, 1022.0, 1022.0, 1022.0, 1022.0, 1023.0, 1023.0, 1023.0, 1023.0, 1022.0, 1023.0, 1021.0, 1023.0, 1022.0, 1021.0, 1020.0, 1022.0]
Crossover offspring noisy fitness: [1020.0, 1022.0, 1022.0, 1023.0, 1023.0, 1020.0, 1022.0, 1021.0, 1021.0, 1021.0, 1022.0, 1021.0, 1024.0, 1021.0, 1022.0, 1019.0, 1021.0, 1022.0, 1022.0, 1023.0, 1023.0, 1023.0, 1022.0, 1023.0, 1023.0, 1021.0, 1021.0, 1020.0, 1019.0, 1023.0, 1023.0, 1023.0, 1022.0, 1022.0, 1020.0, 1022.0, 1023.0, 1021.0, 1023.0, 1023.0, 1023.0, 1022.0, 1021.0, 1021.0, 1023.0, 1021.0, 1020.0, 1022.0, 1023.0, 1022.0, 1022.0, 1023.0, 1022.0, 1023.0, 1021.0, 1023.0, 1021.0, 1023.0, 1023.0, 1021.0, 1023.0, 1020.0, 1022.0, 1023.0, 1022.0, 1023.0, 1023.0, 1023.0, 1022.0, 1023.0, 1021.0, 1023.0, 1022.0, 1021.0, 1022.0, 1022.0, 1022.0, 1023.0, 1023.0, 1022.0, 1020.0, 1023.0, 1022.0, 1021.0, 1022.0, 1022.0, 1022.0, 1022.0, 1022.0, 1023.0, 1022.0, 1023.0, 1023.0, 1022.0, 1023.0, 1021.0, 1023.0, 1022.0, 1021.0, 1020.0, 1022.0]
Is bad individual winner: 0
Is good individual winner: 1
Real fitness of best good: 1024.0
Noisy fitness of best good: 1024.0
Real fitness of best bad: 1022.0
Noisy fitness of best bad: 1022.0

l: 87
Real fitness of mutation winner: 938.0
Noisy fitness of mutation winner: 938.0
Crossover offspring real fitness: [1022.0, 1023.0, 1023.0, 1023.0, 1022.0, 1021.0, 1021.0, 1023.0, 1021.0, 1022.0, 1021.0, 1023.0, 1022.0, 1021.0, 1022.0, 1023.0, 1020.0, 1024.0, 1022.0, 1020.0, 1021.0, 1022.0, 1023.0, 1022.0, 1022.0, 1022.0, 1022.0, 1021.0, 1023.0, 1023.0, 1022.0, 1023.0, 1023.0, 1023.0, 1023.0, 1021.0, 1023.0, 1023.0, 1021.0, 1023.0, 1022.0, 1023.0, 1021.0, 1024.0, 1022.0, 1023.0, 1023.0, 1021.0, 1023.0, 1023.0, 1023.0, 1023.0, 1022.0, 1023.0, 1023.0, 1022.0, 1023.0, 1021.0, 1022.0, 1022.0, 1022.0, 1021.0, 1021.0, 1022.0, 1022.0, 1020.0, 1021.0, 1023.0, 1023.0, 1023.0, 1022.0, 1021.0, 1023.0, 1022.0, 1023.0, 1022.0, 1020.0, 1022.0, 1022.0, 1022.0, 1023.0, 1023.0, 1023.0, 1022.0, 1022.0, 1022.0, 1020.0, 1022.0, 1022.0, 1022.0, 1023.0, 1020.0, 1022.0, 1022.0, 1023.0, 1023.0, 1022.0, 1022.0, 1023.0, 1018.0, 1021.0]
Crossover offspring noisy fitness: [1022.0, 1023.0, 1023.0, 1022.0, 1022.0, 1021.0, 1021.0, 1023.0, 1021.0, 1022.0, 1021.0, 1023.0, 1022.0, 1021.0, 1022.0, 1022.0, 1020.0, 1024.0, 1022.0, 1020.0, 1021.0, 1022.0, 1023.0, 1022.0, 1022.0, 1022.0, 1022.0, 1021.0, 1023.0, 1023.0, 1022.0, 1023.0, 1023.0, 1023.0, 1023.0, 1021.0, 1023.0, 1023.0, 1021.0, 1023.0, 1022.0, 1023.0, 1021.0, 1024.0, 1022.0, 1023.0, 1023.0, 1021.0, 1023.0, 1023.0, 1023.0, 1023.0, 1022.0, 1023.0, 1023.0, 1022.0, 1023.0, 1021.0, 1022.0, 1022.0, 1022.0, 1021.0, 1021.0, 1022.0, 1022.0, 1020.0, 1021.0, 1023.0, 1022.0, 1023.0, 1022.0, 1021.0, 1023.0, 1022.0, 1023.0, 1022.0, 1020.0, 1022.0, 1022.0, 1022.0, 1023.0, 1023.0, 1023.0, 1022.0, 1022.0, 1022.0, 1020.0, 1022.0, 1022.0, 1022.0, 1023.0, 1020.0, 1022.0, 1022.0, 1023.0, 1023.0, 1022.0, 1022.0, 1023.0, 1018.0, 1021.0]
Is bad individual winner: 0
Is good individual winner: 1
Real fitness of best good: 1024.0
Noisy fitness of best good: 1024.0
Real fitness of best bad: 1022.0
Noisy fitness of best bad: 1022.0

l: 101
Real fitness of mutation winner: 924.0
Noisy fitness of mutation winner: 924.0
Crossover offspring real fitness: [1022.0, 1023.0, 1023.0, 1022.0, 1023.0, 1021.0, 1022.0, 1023.0, 1022.0, 1023.0, 1022.0, 1023.0, 1022.0, 1020.0, 1022.0, 1023.0, 1021.0, 1020.0, 1023.0, 1023.0, 1022.0, 1021.0, 1023.0, 1021.0, 1023.0, 1023.0, 1021.0, 1022.0, 1022.0, 1022.0, 1022.0, 1022.0, 1022.0, 1022.0, 1022.0, 1023.0, 1023.0, 1020.0, 1023.0, 1023.0, 1022.0, 1022.0, 1023.0, 1021.0, 1023.0, 1022.0, 1022.0, 1021.0, 1022.0, 1021.0, 1022.0, 1023.0, 1022.0, 1022.0, 1021.0, 1021.0, 1021.0, 1022.0, 1023.0, 1022.0, 1021.0, 1022.0, 1023.0, 1022.0, 1023.0, 1021.0, 1021.0, 1023.0, 1020.0, 1022.0, 1022.0, 1021.0, 1022.0, 1022.0, 1022.0, 1023.0, 1022.0, 1023.0, 1023.0, 1023.0, 1021.0, 1020.0, 1022.0, 1023.0, 1021.0, 1022.0, 1021.0, 1021.0, 1023.0, 1023.0, 1023.0, 1023.0, 1023.0, 1023.0, 1021.0, 1023.0, 1022.0, 1022.0, 1022.0, 1022.0, 1021.0]
Crossover offspring noisy fitness: [1022.0, 1023.0, 1023.0, 1022.0, 1023.0, 1021.0, 1022.0, 1023.0, 1022.0, 1023.0, 1022.0, 1023.0, 1022.0, 1020.0, 1022.0, 1023.0, 1021.0, 1020.0, 1022.0, 1023.0, 1022.0, 1021.0, 1023.0, 1021.0, 1023.0, 1023.0, 1021.0, 1021.0, 1022.0, 1022.0, 1022.0, 1022.0, 1022.0, 1022.0, 1022.0, 1023.0, 1023.0, 1020.0, 1023.0, 1023.0, 1022.0, 1022.0, 1023.0, 1021.0, 1023.0, 1022.0, 1022.0, 1021.0, 1021.0, 1021.0, 1022.0, 1023.0, 1022.0, 1022.0, 1021.0, 1020.0, 1021.0, 1022.0, 1023.0, 1022.0, 1021.0, 1021.0, 1023.0, 1022.0, 1023.0, 1020.0, 1021.0, 1023.0, 1020.0, 1022.0, 1022.0, 1021.0, 1022.0, 1022.0, 1022.0, 1023.0, 1022.0, 1023.0, 1023.0, 1023.0, 1021.0, 1020.0, 1022.0, 1023.0, 1021.0, 1022.0, 1021.0, 1021.0, 1022.0, 1023.0, 1023.0, 1023.0, 1023.0, 1023.0, 1021.0, 1023.0, 1022.0, 1022.0, 1021.0, 1022.0, 1021.0]
Is bad individual winner: 0
Is good individual winner: 0
Real fitness of best good: 1023.0
Noisy fitness of best good: 1023.0
Real fitness of best bad: 1022.0
Noisy fitness of best bad: 1022.0

l: 87
Real fitness of mutation winner: 938.0
Noisy fitness of mutation winner: 938.0
Crossover offspring real fitness: [1023.0, 1022.0, 1023.0, 1022.0, 1023.0, 1021.0, 1021.0, 1022.0, 1023.0, 1022.0, 1022.0, 1021.0, 1023.0, 1023.0, 1023.0, 1023.0, 1020.0, 1020.0, 1022.0, 1020.0, 1022.0, 1023.0, 1023.0, 1022.0, 1023.0, 1023.0, 1023.0, 1021.0, 1022.0, 1023.0, 1023.0, 1022.0, 1022.0, 1020.0, 1022.0, 1023.0, 1023.0, 1023.0, 1021.0, 1023.0, 1022.0, 1022.0, 1023.0, 1021.0, 1022.0, 1022.0, 1022.0, 1022.0, 1023.0, 1021.0, 1023.0, 1022.0, 1022.0, 1023.0, 1023.0, 1023.0, 1022.0, 1022.0, 1022.0, 1022.0, 1022.0, 1022.0, 1022.0, 1022.0, 1023.0, 1022.0, 1023.0, 1023.0, 1023.0, 1021.0, 1023.0, 1021.0, 1021.0, 1022.0, 1022.0, 1021.0, 1023.0, 1023.0, 1022.0, 1022.0, 1023.0, 1022.0, 1020.0, 1022.0, 1021.0, 1022.0, 1021.0, 1022.0, 1023.0, 1022.0, 1023.0, 1022.0, 1023.0, 1023.0, 1022.0, 1022.0, 1021.0, 1021.0, 1022.0, 1022.0, 1022.0]
Crossover offspring noisy fitness: [1023.0, 1022.0, 1023.0, 1022.0, 1022.0, 1021.0, 1021.0, 1022.0, 1023.0, 1022.0, 1022.0, 1021.0, 1023.0, 1023.0, 1023.0, 1023.0, 1020.0, 1020.0, 1022.0, 1020.0, 1022.0, 1023.0, 1023.0, 1021.0, 1023.0, 1023.0, 1023.0, 1021.0, 1022.0, 1023.0, 1023.0, 1022.0, 1022.0, 1020.0, 1022.0, 1023.0, 1023.0, 1023.0, 1021.0, 1023.0, 1022.0, 1022.0, 1023.0, 1021.0, 1022.0, 1022.0, 1022.0, 1022.0, 1023.0, 1021.0, 1023.0, 1021.0, 1022.0, 1023.0, 1023.0, 1023.0, 1022.0, 1022.0, 1022.0, 1022.0, 1022.0, 1022.0, 1022.0, 1022.0, 1023.0, 1022.0, 1023.0, 1023.0, 1023.0, 1021.0, 1023.0, 1021.0, 1021.0, 1022.0, 1022.0, 1021.0, 1023.0, 1023.0, 1022.0, 1022.0, 1023.0, 1022.0, 1020.0, 1022.0, 1021.0, 1022.0, 1021.0, 1022.0, 1023.0, 1022.0, 1023.0, 1022.0, 1023.0, 1023.0, 1022.0, 1022.0, 1021.0, 1021.0, 1022.0, 1022.0, 1022.0]
Is bad individual winner: 0
Is good individual winner: 0
Real fitness of best good: 1023.0
Noisy fitness of best good: 1023.0
Real fitness of best bad: 1022.0
Noisy fitness of best bad: 1022.0

l: 99
Real fitness of mutation winner: 926.0
Noisy fitness of mutation winner: 926.0
Crossover offspring real fitness: [1022.0, 1021.0, 1022.0, 1020.0, 1021.0, 1021.0, 1022.0, 1022.0, 1023.0, 1022.0, 1022.0, 1023.0, 1023.0, 1023.0, 1023.0, 1022.0, 1023.0, 1021.0, 1023.0, 1021.0, 1023.0, 1021.0, 1023.0, 1022.0, 1023.0, 1023.0, 1022.0, 1022.0, 1023.0, 1023.0, 1023.0, 1019.0, 1019.0, 1021.0, 1022.0, 1022.0, 1022.0, 1023.0, 1020.0, 1023.0, 1023.0, 1023.0, 1022.0, 1022.0, 1022.0, 1021.0, 1022.0, 1023.0, 1023.0, 1023.0, 1022.0, 1023.0, 1023.0, 1023.0, 1023.0, 1022.0, 1020.0, 1022.0, 1022.0, 1022.0, 1022.0, 1021.0, 1021.0, 1020.0, 1022.0, 1022.0, 1021.0, 1023.0, 1022.0, 1022.0, 1022.0, 1023.0, 1022.0, 1023.0, 1021.0, 1023.0, 1022.0, 1022.0, 1021.0, 1022.0, 1023.0, 1023.0, 1022.0, 1023.0, 1021.0, 1020.0, 1020.0, 1020.0, 1022.0, 1021.0, 1022.0, 1023.0, 1021.0, 1018.0, 1021.0, 1023.0, 1022.0, 1022.0, 1023.0, 1022.0, 1021.0]
Crossover offspring noisy fitness: [1022.0, 1021.0, 1022.0, 1020.0, 1021.0, 1021.0, 1022.0, 1022.0, 1023.0, 1022.0, 1022.0, 1023.0, 1023.0, 1023.0, 1023.0, 1022.0, 1023.0, 1021.0, 1023.0, 1021.0, 1023.0, 1021.0, 1022.0, 1022.0, 1023.0, 1023.0, 1022.0, 1022.0, 1023.0, 1023.0, 1023.0, 1019.0, 1019.0, 1021.0, 1022.0, 1022.0, 1022.0, 1023.0, 1020.0, 1023.0, 1023.0, 1023.0, 1022.0, 1022.0, 1022.0, 1021.0, 1021.0, 1023.0, 1023.0, 1022.0, 1022.0, 1023.0, 1023.0, 1023.0, 1022.0, 1022.0, 1020.0, 1022.0, 1022.0, 1022.0, 1022.0, 1021.0, 1021.0, 1020.0, 1021.0, 1022.0, 1021.0, 1022.0, 1022.0, 1022.0, 1022.0, 1023.0, 1021.0, 1023.0, 1021.0, 1023.0, 1022.0, 1022.0, 1021.0, 1022.0, 1023.0, 1023.0, 1022.0, 1023.0, 1021.0, 1020.0, 1020.0, 1020.0, 1022.0, 1021.0, 1022.0, 1023.0, 1021.0, 1018.0, 1021.0, 1023.0, 1022.0, 1022.0, 1023.0, 1022.0, 1021.0]
Is bad individual winner: 0
Is good individual winner: 0
Real fitness of best good: 1023.0
Noisy fitness of best good: 1023.0
Real fitness of best bad: 1022.0
Noisy fitness of best bad: 1022.0

l: 98
Real fitness of mutation winner: 927.0
Noisy fitness of mutation winner: 927.0
Crossover offspring real fitness: [1023.0, 1023.0, 1023.0, 1022.0, 1022.0, 1020.0, 1022.0, 1022.0, 1023.0, 1023.0, 1021.0, 1022.0, 1023.0, 1023.0, 1021.0, 1022.0, 1022.0, 1020.0, 1022.0, 1021.0, 1022.0, 1022.0, 1023.0, 1022.0, 1022.0, 1021.0, 1023.0, 1021.0, 1022.0, 1021.0, 1021.0, 1022.0, 1022.0, 1023.0, 1023.0, 1023.0, 1023.0, 1021.0, 1022.0, 1022.0, 1023.0, 1022.0, 1021.0, 1023.0, 1022.0, 1023.0, 1022.0, 1021.0, 1022.0, 1022.0, 1022.0, 1021.0, 1021.0, 1022.0, 1022.0, 1022.0, 1023.0, 1022.0, 1022.0, 1023.0, 1022.0, 1023.0, 1022.0, 1021.0, 1023.0, 1020.0, 1022.0, 1022.0, 1021.0, 1022.0, 1022.0, 1023.0, 1023.0, 1023.0, 1023.0, 1021.0, 1022.0, 1023.0, 1023.0, 1022.0, 1023.0, 1023.0, 1023.0, 1021.0, 1022.0, 1023.0, 1022.0, 1023.0, 1022.0, 1022.0, 1023.0, 1023.0, 1023.0, 1023.0, 1022.0, 1022.0, 1023.0, 1022.0, 1023.0, 1023.0, 1023.0]
Crossover offspring noisy fitness: [1022.0, 1023.0, 1023.0, 1022.0, 1021.0, 1020.0, 1022.0, 1021.0, 1023.0, 1023.0, 1021.0, 1022.0, 1023.0, 1023.0, 1021.0, 1022.0, 1021.0, 1020.0, 1020.0, 1021.0, 1022.0, 1022.0, 1023.0, 1022.0, 1022.0, 1021.0, 1023.0, 1021.0, 1022.0, 1021.0, 1021.0, 1022.0, 1022.0, 1023.0, 1023.0, 1023.0, 1023.0, 1021.0, 1022.0, 1022.0, 1023.0, 1022.0, 1021.0, 1023.0, 1022.0, 1023.0, 1022.0, 1021.0, 1022.0, 1022.0, 1022.0, 1021.0, 1020.0, 1022.0, 1022.0, 1021.0, 1023.0, 1022.0, 1022.0, 1023.0, 1022.0, 1023.0, 1022.0, 1021.0, 1023.0, 1020.0, 1022.0, 1022.0, 1021.0, 1022.0, 1022.0, 1023.0, 1023.0, 1023.0, 1023.0, 1021.0, 1022.0, 1023.0, 1023.0, 1021.0, 1023.0, 1023.0, 1023.0, 1021.0, 1022.0, 1023.0, 1022.0, 1023.0, 1022.0, 1022.0, 1023.0, 1023.0, 1023.0, 1023.0, 1022.0, 1021.0, 1022.0, 1021.0, 1023.0, 1023.0, 1023.0]
Is bad individual winner: 0
Is good individual winner: 0
Real fitness of best good: 1023.0
Noisy fitness of best good: 1023.0
Real fitness of best bad: 1022.0
Noisy fitness of best bad: 1022.0

