l: 101
Real fitness of mutation winner: 907.0
Noisy fitness of mutation winner: 907.0
Crossover offspring real fitness: [992.0, 992.0, 992.0, 992.0, 992.0, 991.0, 992.0, 992.0, 991.0, 990.0, 991.0, 992.0, 992.0, 992.0, 990.0, 990.0, 990.0, 992.0, 991.0, 991.0, 991.0, 992.0, 992.0, 992.0, 991.0, 991.0, 992.0, 992.0, 991.0, 992.0, 992.0, 991.0, 991.0, 991.0, 990.0, 992.0, 992.0, 991.0, 992.0, 991.0, 992.0, 991.0, 992.0, 990.0, 992.0, 992.0, 992.0, 989.0, 992.0, 992.0, 992.0, 990.0, 992.0, 992.0, 990.0, 990.0, 991.0, 991.0, 990.0, 991.0, 991.0, 992.0, 993.0, 992.0, 990.0, 990.0, 991.0, 992.0, 991.0, 990.0, 992.0, 990.0, 991.0, 992.0, 992.0, 992.0, 992.0, 991.0, 991.0, 992.0, 992.0, 992.0, 991.0, 991.0, 992.0, 992.0, 990.0, 992.0, 991.0, 992.0, 991.0, 992.0, 991.0, 991.0, 990.0, 992.0, 991.0, 992.0, 989.0, 992.0, 989.0]
Crossover offspring noisy fitness: [992.0, 992.0, 992.0, 992.0, 992.0, 990.0, 992.0, 992.0, 991.0, 989.0, 991.0, 992.0, 992.0, 992.0, 990.0, 990.0, 990.0, 992.0, 991.0, 991.0, 991.0, 992.0, 992.0, 992.0, 991.0, 991.0, 992.0, 991.0, 991.0, 991.0, 992.0, 991.0, 991.0, 991.0, 990.0, 992.0, 992.0, 991.0, 992.0, 991.0, 991.0, 991.0, 992.0, 990.0, 992.0, 992.0, 992.0, 989.0, 992.0, 992.0, 992.0, 990.0, 992.0, 992.0, 990.0, 990.0, 991.0, 991.0, 990.0, 991.0, 991.0, 992.0, 993.0, 992.0, 990.0, 990.0, 991.0, 992.0, 991.0, 990.0, 992.0, 990.0, 991.0, 992.0, 992.0, 992.0, 992.0, 991.0, 991.0, 992.0, 993.0, 991.0, 991.0, 991.0, 992.0, 992.0, 990.0, 992.0, 991.0, 992.0, 991.0, 992.0, 991.0, 991.0, 990.0, 992.0, 991.0, 992.0, 989.0, 992.0, 989.0]
Is bad individual winner: 0
Is good individual winner: 1
Real fitness of best good: 993.0
Noisy fitness of best good: 993.0
Real fitness of best bad: 991.0
Noisy fitness of best bad: 991.0

l: 102
Real fitness of mutation winner: 908.0
Noisy fitness of mutation winner: 908.0
Crossover offspring real fitness: [992.0, 989.0, 991.0, 991.0, 991.0, 988.0, 992.0, 991.0, 990.0, 992.0, 991.0, 992.0, 992.0, 991.0, 992.0, 990.0, 992.0, 992.0, 992.0, 989.0, 991.0, 992.0, 991.0, 991.0, 991.0, 992.0, 990.0, 991.0, 990.0, 990.0, 992.0, 991.0, 991.0, 988.0, 992.0, 992.0, 991.0, 991.0, 992.0, 990.0, 991.0, 991.0, 991.0, 992.0, 991.0, 992.0, 991.0, 992.0, 992.0, 992.0, 992.0, 990.0, 992.0, 992.0, 990.0, 992.0, 992.0, 992.0, 992.0, 991.0, 989.0, 992.0, 992.0, 991.0, 991.0, 992.0, 991.0, 992.0, 991.0, 992.0, 993.0, 991.0, 990.0, 991.0, 991.0, 989.0, 991.0, 991.0, 991.0, 990.0, 991.0, 991.0, 992.0, 992.0, 990.0, 992.0, 992.0, 992.0, 992.0, 991.0, 991.0, 992.0, 991.0, 991.0, 992.0, 992.0, 992.0, 991.0, 992.0, 992.0, 992.0]
Crossover offspring noisy fitness: [992.0, 989.0, 991.0, 991.0, 991.0, 988.0, 992.0, 991.0, 989.0, 991.0, 991.0, 992.0, 992.0, 991.0, 992.0, 990.0, 992.0, 992.0, 992.0, 989.0, 991.0, 992.0, 991.0, 991.0, 991.0, 992.0, 990.0, 991.0, 990.0, 990.0, 992.0, 991.0, 991.0, 988.0, 992.0, 993.0, 991.0, 991.0, 992.0, 990.0, 991.0, 991.0, 991.0, 992.0, 990.0, 992.0, 991.0, 992.0, 992.0, 992.0, 992.0, 990.0, 992.0, 992.0, 990.0, 992.0, 992.0, 992.0, 992.0, 991.0, 989.0, 992.0, 992.0, 991.0, 990.0, 992.0, 991.0, 992.0, 990.0, 992.0, 993.0, 991.0, 990.0, 991.0, 991.0, 989.0, 991.0, 991.0, 991.0, 990.0, 991.0, 991.0, 991.0, 992.0, 990.0, 992.0, 992.0, 992.0, 992.0, 991.0, 991.0, 992.0, 991.0, 991.0, 992.0, 992.0, 991.0, 991.0, 992.0, 992.0, 992.0]
Is bad individual winner: 0
Is good individual winner: 0
Real fitness of best good: 993.0
Noisy fitness of best good: 993.0
Real fitness of best bad: 991.0
Noisy fitness of best bad: 991.0

l: 92
Real fitness of mutation winner: 916.0
Noisy fitness of mutation winner: 916.0
Crossover offspring real fitness: [992.0, 992.0, 992.0, 992.0, 991.0, 990.0, 992.0, 992.0, 991.0, 991.0, 992.0, 992.0, 992.0, 989.0, 991.0, 991.0, 992.0, 991.0, 989.0, 991.0, 989.0, 992.0, 990.0, 991.0, 991.0, 992.0, 992.0, 992.0, 992.0, 989.0, 989.0, 992.0, 991.0, 991.0, 992.0, 989.0, 991.0, 990.0, 992.0, 991.0, 991.0, 991.0, 992.0, 992.0, 991.0, 990.0, 992.0, 992.0, 992.0, 989.0, 993.0, 992.0, 990.0, 991.0, 992.0, 991.0, 991.0, 991.0, 989.0, 991.0, 992.0, 991.0, 991.0, 990.0, 992.0, 990.0, 993.0, 992.0, 992.0, 992.0, 992.0, 992.0, 992.0, 992.0, 992.0, 992.0, 991.0, 992.0, 992.0, 990.0, 993.0, 991.0, 991.0, 992.0, 991.0, 991.0, 991.0, 991.0, 991.0, 991.0, 991.0, 990.0, 989.0, 992.0, 991.0, 992.0, 992.0, 991.0, 992.0, 992.0, 993.0]
Crossover offspring noisy fitness: [992.0, 992.0, 992.0, 992.0, 991.0, 990.0, 992.0, 992.0, 991.0, 991.0, 992.0, 992.0, 992.0, 989.0, 990.0, 991.0, 992.0, 991.0, 989.0, 991.0, 989.0, 992.0, 990.0, 991.0, 991.0, 992.0, 991.0, 992.0, 992.0, 989.0, 989.0, 992.0, 991.0, 991.0, 992.0, 989.0, 991.0, 989.0, 992.0, 991.0, 991.0, 991.0, 992.0, 992.0, 991.0, 990.0, 992.0, 992.0, 992.0, 989.0, 993.0, 992.0, 990.0, 991.0, 992.0, 991.0, 991.0, 991.0, 989.0, 991.0, 992.0, 991.0, 991.0, 990.0, 992.0, 990.0, 993.0, 992.0, 992.0, 992.0, 991.0, 992.0, 992.0, 992.0, 991.0, 992.0, 991.0, 992.0, 992.0, 990.0, 993.0, 991.0, 991.0, 992.0, 991.0, 991.0, 991.0, 991.0, 991.0, 991.0, 991.0, 990.0, 989.0, 992.0, 991.0, 992.0, 992.0, 991.0, 992.0, 992.0, 993.0]
Is bad individual winner: 0
Is good individual winner: 1
Real fitness of best good: 993.0
Noisy fitness of best good: 993.0
Real fitness of best bad: 991.0
Noisy fitness of best bad: 991.0

l: 111
Real fitness of mutation winner: 897.0
Noisy fitness of mutation winner: 897.0
Crossover offspring real fitness: [991.0, 991.0, 990.0, 990.0, 992.0, 992.0, 991.0, 990.0, 990.0, 990.0, 992.0, 989.0, 992.0, 992.0, 991.0, 991.0, 991.0, 992.0, 992.0, 991.0, 991.0, 992.0, 991.0, 992.0, 992.0, 991.0, 992.0, 989.0, 992.0, 991.0, 992.0, 990.0, 993.0, 991.0, 991.0, 992.0, 991.0, 992.0, 993.0, 989.0, 992.0, 990.0, 992.0, 991.0, 992.0, 991.0, 991.0, 992.0, 991.0, 991.0, 992.0, 992.0, 993.0, 992.0, 989.0, 992.0, 990.0, 992.0, 992.0, 992.0, 991.0, 991.0, 991.0, 992.0, 989.0, 991.0, 988.0, 992.0, 991.0, 991.0, 991.0, 992.0, 988.0, 990.0, 992.0, 991.0, 989.0, 988.0, 991.0, 991.0, 992.0, 991.0, 993.0, 991.0, 991.0, 991.0, 991.0, 991.0, 992.0, 992.0, 990.0, 992.0, 992.0, 992.0, 992.0, 992.0, 990.0, 988.0, 991.0, 991.0, 991.0]
Crossover offspring noisy fitness: [991.0, 991.0, 990.0, 990.0, 992.0, 992.0, 991.0, 990.0, 990.0, 990.0, 992.0, 989.0, 992.0, 992.0, 991.0, 991.0, 991.0, 992.0, 992.0, 991.0, 990.0, 991.0, 991.0, 992.0, 992.0, 991.0, 992.0, 988.0, 992.0, 991.0, 992.0, 990.0, 993.0, 991.0, 991.0, 992.0, 990.0, 992.0, 993.0, 988.0, 992.0, 990.0, 992.0, 991.0, 992.0, 991.0, 991.0, 992.0, 991.0, 991.0, 991.0, 992.0, 993.0, 992.0, 989.0, 992.0, 990.0, 992.0, 992.0, 992.0, 991.0, 991.0, 991.0, 992.0, 989.0, 991.0, 988.0, 992.0, 991.0, 991.0, 991.0, 992.0, 988.0, 990.0, 992.0, 991.0, 989.0, 988.0, 991.0, 991.0, 992.0, 991.0, 993.0, 991.0, 991.0, 991.0, 990.0, 991.0, 992.0, 992.0, 991.0, 992.0, 992.0, 992.0, 992.0, 992.0, 990.0, 988.0, 991.0, 991.0, 991.0]
Is bad individual winner: 0
Is good individual winner: 1
Real fitness of best good: 993.0
Noisy fitness of best good: 993.0
Real fitness of best bad: 991.0
Noisy fitness of best bad: 991.0

l: 78
Real fitness of mutation winner: 926.0
Noisy fitness of mutation winner: 926.0
Crossover offspring real fitness: [991.0, 992.0, 990.0, 992.0, 991.0, 992.0, 990.0, 992.0, 992.0, 989.0, 990.0, 992.0, 991.0, 991.0, 992.0, 991.0, 989.0, 991.0, 991.0, 992.0, 992.0, 988.0, 992.0, 988.0, 992.0, 992.0, 992.0, 992.0, 992.0, 991.0, 990.0, 991.0, 991.0, 990.0, 991.0, 991.0, 992.0, 991.0, 991.0, 992.0, 992.0, 991.0, 992.0, 992.0, 992.0, 991.0, 991.0, 992.0, 992.0, 992.0, 992.0, 991.0, 992.0, 991.0, 991.0, 992.0, 990.0, 991.0, 990.0, 991.0, 992.0, 990.0, 992.0, 992.0, 992.0, 991.0, 992.0, 992.0, 991.0, 991.0, 992.0, 992.0, 991.0, 991.0, 991.0, 992.0, 992.0, 990.0, 992.0, 991.0, 991.0, 992.0, 992.0, 991.0, 991.0, 992.0, 992.0, 992.0, 990.0, 992.0, 992.0, 991.0, 992.0, 992.0, 991.0, 991.0, 991.0, 991.0, 992.0, 992.0, 991.0]
Crossover offspring noisy fitness: [991.0, 992.0, 990.0, 992.0, 991.0, 992.0, 990.0, 992.0, 992.0, 988.0, 990.0, 992.0, 991.0, 991.0, 992.0, 991.0, 989.0, 991.0, 990.0, 992.0, 992.0, 988.0, 992.0, 988.0, 992.0, 992.0, 991.0, 992.0, 992.0, 991.0, 990.0, 990.0, 991.0, 990.0, 991.0, 991.0, 992.0, 991.0, 991.0, 992.0, 992.0, 991.0, 992.0, 992.0, 992.0, 991.0, 991.0, 992.0, 992.0, 992.0, 992.0, 991.0, 992.0, 991.0, 991.0, 992.0, 990.0, 991.0, 990.0, 991.0, 992.0, 990.0, 992.0, 992.0, 992.0, 991.0, 992.0, 992.0, 991.0, 991.0, 992.0, 992.0, 991.0, 991.0, 991.0, 992.0, 991.0, 989.0, 992.0, 991.0, 991.0, 992.0, 992.0, 991.0, 991.0, 992.0, 992.0, 992.0, 990.0, 992.0, 992.0, 991.0, 992.0, 992.0, 991.0, 991.0, 991.0, 991.0, 992.0, 992.0, 991.0]
Is bad individual winner: 0
Is good individual winner: 0
Real fitness of best good: 992.0
Noisy fitness of best good: 992.0
Real fitness of best bad: 991.0
Noisy fitness of best bad: 991.0

l: 122
Real fitness of mutation winner: 886.0
Noisy fitness of mutation winner: 886.0
Crossover offspring real fitness: [991.0, 991.0, 992.0, 989.0, 992.0, 990.0, 990.0, 990.0, 992.0, 991.0, 992.0, 991.0, 992.0, 991.0, 991.0, 989.0, 992.0, 992.0, 990.0, 989.0, 991.0, 992.0, 989.0, 992.0, 992.0, 992.0, 991.0, 990.0, 992.0, 990.0, 992.0, 991.0, 990.0, 992.0, 990.0, 990.0, 991.0, 989.0, 992.0, 991.0, 989.0, 991.0, 991.0, 990.0, 992.0, 992.0, 992.0, 992.0, 991.0, 992.0, 991.0, 989.0, 990.0, 992.0, 992.0, 991.0, 992.0, 990.0, 989.0, 991.0, 988.0, 990.0, 990.0, 990.0, 991.0, 990.0, 991.0, 992.0, 990.0, 991.0, 988.0, 992.0, 991.0, 992.0, 992.0, 991.0, 991.0, 992.0, 992.0, 991.0, 993.0, 992.0, 991.0, 990.0, 991.0, 993.0, 991.0, 990.0, 993.0, 991.0, 991.0, 989.0, 992.0, 992.0, 992.0, 990.0, 992.0, 991.0, 989.0, 992.0, 992.0]
Crossover offspring noisy fitness: [991.0, 991.0, 992.0, 989.0, 992.0, 990.0, 990.0, 990.0, 992.0, 991.0, 992.0, 991.0, 992.0, 991.0, 991.0, 989.0, 992.0, 992.0, 990.0, 989.0, 991.0, 992.0, 989.0, 992.0, 992.0, 992.0, 991.0, 990.0, 992.0, 989.0, 992.0, 991.0, 990.0, 992.0, 990.0, 990.0, 991.0, 989.0, 992.0, 991.0, 988.0, 991.0, 991.0, 990.0, 992.0, 992.0, 992.0, 992.0, 991.0, 992.0, 991.0, 989.0, 990.0, 992.0, 992.0, 991.0, 992.0, 990.0, 989.0, 991.0, 988.0, 990.0, 989.0, 990.0, 991.0, 990.0, 991.0, 992.0, 990.0, 991.0, 988.0, 992.0, 991.0, 992.0, 992.0, 991.0, 991.0, 992.0, 992.0, 991.0, 993.0, 992.0, 990.0, 990.0, 991.0, 993.0, 990.0, 990.0, 993.0, 991.0, 991.0, 989.0, 992.0, 992.0, 992.0, 990.0, 992.0, 991.0, 989.0, 992.0, 992.0]
Is bad individual winner: 0
Is good individual winner: 1
Real fitness of best good: 993.0
Noisy fitness of best good: 993.0
Real fitness of best bad: 991.0
Noisy fitness of best bad: 991.0

l: 91
Real fitness of mutation winner: 915.0
Noisy fitness of mutation winner: 915.0
Crossover offspring real fitness: [992.0, 992.0, 991.0, 991.0, 991.0, 990.0, 992.0, 990.0, 991.0, 991.0, 993.0, 991.0, 990.0, 992.0, 991.0, 989.0, 992.0, 992.0, 992.0, 991.0, 991.0, 991.0, 990.0, 992.0, 992.0, 992.0, 992.0, 991.0, 992.0, 991.0, 991.0, 992.0, 992.0, 992.0, 991.0, 992.0, 992.0, 992.0, 989.0, 989.0, 991.0, 991.0, 991.0, 990.0, 990.0, 991.0, 991.0, 991.0, 992.0, 990.0, 991.0, 992.0, 990.0, 991.0, 990.0, 993.0, 992.0, 992.0, 991.0, 991.0, 991.0, 991.0, 992.0, 991.0, 992.0, 990.0, 992.0, 991.0, 992.0, 992.0, 992.0, 991.0, 992.0, 991.0, 991.0, 992.0, 991.0, 992.0, 992.0, 990.0, 991.0, 992.0, 990.0, 992.0, 991.0, 992.0, 991.0, 992.0, 992.0, 992.0, 991.0, 991.0, 992.0, 992.0, 989.0, 991.0, 990.0, 992.0, 990.0, 992.0, 991.0]
Crossover offspring noisy fitness: [992.0, 992.0, 991.0, 991.0, 991.0, 990.0, 992.0, 990.0, 991.0, 991.0, 992.0, 991.0, 990.0, 992.0, 991.0, 989.0, 992.0, 992.0, 992.0, 991.0, 991.0, 990.0, 990.0, 992.0, 992.0, 992.0, 992.0, 991.0, 992.0, 991.0, 991.0, 992.0, 992.0, 992.0, 991.0, 992.0, 992.0, 992.0, 989.0, 989.0, 991.0, 991.0, 991.0, 990.0, 990.0, 991.0, 991.0, 991.0, 992.0, 990.0, 991.0, 992.0, 990.0, 992.0, 990.0, 993.0, 992.0, 992.0, 991.0, 991.0, 991.0, 991.0, 992.0, 991.0, 992.0, 990.0, 992.0, 991.0, 992.0, 992.0, 992.0, 991.0, 992.0, 991.0, 991.0, 992.0, 991.0, 991.0, 992.0, 990.0, 991.0, 992.0, 990.0, 992.0, 991.0, 992.0, 991.0, 992.0, 992.0, 992.0, 991.0, 991.0, 992.0, 991.0, 989.0, 991.0, 990.0, 992.0, 990.0, 992.0, 991.0]
Is bad individual winner: 0
Is good individual winner: 1
Real fitness of best good: 993.0
Noisy fitness of best good: 993.0
Real fitness of best bad: 991.0
Noisy fitness of best bad: 992.0

l: 96
Real fitness of mutation winner: 912.0
Noisy fitness of mutation winner: 912.0
Crossover offspring real fitness: [992.0, 990.0, 991.0, 992.0, 991.0, 990.0, 990.0, 989.0, 991.0, 991.0, 992.0, 990.0, 992.0, 991.0, 992.0, 991.0, 991.0, 990.0, 991.0, 991.0, 992.0, 991.0, 992.0, 989.0, 991.0, 990.0, 991.0, 990.0, 992.0, 992.0, 991.0, 992.0, 989.0, 992.0, 992.0, 991.0, 990.0, 990.0, 992.0, 990.0, 992.0, 991.0, 991.0, 992.0, 991.0, 992.0, 992.0, 991.0, 990.0, 990.0, 992.0, 992.0, 991.0, 991.0, 991.0, 990.0, 992.0, 989.0, 992.0, 990.0, 989.0, 991.0, 992.0, 992.0, 991.0, 992.0, 989.0, 991.0, 990.0, 990.0, 992.0, 992.0, 992.0, 992.0, 991.0, 992.0, 991.0, 992.0, 990.0, 990.0, 990.0, 991.0, 991.0, 990.0, 992.0, 992.0, 991.0, 989.0, 992.0, 992.0, 990.0, 992.0, 992.0, 992.0, 992.0, 992.0, 991.0, 990.0, 992.0, 989.0, 991.0]
Crossover offspring noisy fitness: [992.0, 990.0, 991.0, 992.0, 990.0, 990.0, 990.0, 989.0, 991.0, 991.0, 992.0, 990.0, 992.0, 991.0, 992.0, 991.0, 991.0, 990.0, 991.0, 991.0, 992.0, 991.0, 991.0, 989.0, 991.0, 990.0, 991.0, 989.0, 992.0, 992.0, 991.0, 992.0, 989.0, 991.0, 992.0, 991.0, 990.0, 990.0, 992.0, 990.0, 991.0, 991.0, 991.0, 992.0, 990.0, 992.0, 992.0, 991.0, 990.0, 990.0, 992.0, 992.0, 991.0, 991.0, 991.0, 990.0, 992.0, 989.0, 992.0, 989.0, 989.0, 991.0, 992.0, 992.0, 991.0, 992.0, 989.0, 991.0, 990.0, 990.0, 992.0, 992.0, 992.0, 991.0, 991.0, 992.0, 991.0, 992.0, 990.0, 990.0, 990.0, 991.0, 991.0, 990.0, 992.0, 992.0, 991.0, 989.0, 992.0, 992.0, 990.0, 992.0, 992.0, 992.0, 992.0, 991.0, 991.0, 989.0, 992.0, 989.0, 991.0]
Is bad individual winner: 0
Is good individual winner: 0
Real fitness of best good: 992.0
Noisy fitness of best good: 992.0
Real fitness of best bad: 991.0
Noisy fitness of best bad: 991.0

l: 99
Real fitness of mutation winner: 911.0
Noisy fitness of mutation winner: 911.0
Crossover offspring real fitness: [992.0, 991.0, 992.0, 992.0, 991.0, 992.0, 991.0, 990.0, 991.0, 991.0, 989.0, 991.0, 992.0, 992.0, 992.0, 993.0, 991.0, 991.0, 991.0, 992.0, 991.0, 990.0, 990.0, 992.0, 992.0, 992.0, 992.0, 992.0, 992.0, 991.0, 992.0, 992.0, 991.0, 991.0, 990.0, 992.0, 992.0, 991.0, 992.0, 992.0, 992.0, 992.0, 991.0, 988.0, 992.0, 991.0, 990.0, 992.0, 993.0, 991.0, 992.0, 992.0, 992.0, 992.0, 991.0, 991.0, 992.0, 992.0, 993.0, 990.0, 991.0, 991.0, 992.0, 991.0, 991.0, 990.0, 992.0, 989.0, 991.0, 991.0, 992.0, 991.0, 990.0, 991.0, 992.0, 989.0, 991.0, 993.0, 991.0, 992.0, 992.0, 989.0, 990.0, 993.0, 990.0, 992.0, 992.0, 990.0, 991.0, 990.0, 992.0, 991.0, 990.0, 991.0, 990.0, 991.0, 990.0, 992.0, 990.0, 991.0, 991.0]
Crossover offspring noisy fitness: [992.0, 991.0, 992.0, 992.0, 991.0, 992.0, 991.0, 990.0, 991.0, 991.0, 989.0, 991.0, 991.0, 992.0, 991.0, 993.0, 991.0, 991.0, 991.0, 992.0, 991.0, 990.0, 990.0, 992.0, 992.0, 992.0, 992.0, 992.0, 992.0, 991.0, 992.0, 992.0, 991.0, 991.0, 990.0, 992.0, 992.0, 991.0, 992.0, 992.0, 992.0, 992.0, 991.0, 988.0, 992.0, 991.0, 990.0, 992.0, 993.0, 991.0, 992.0, 992.0, 992.0, 992.0, 991.0, 991.0, 992.0, 992.0, 993.0, 989.0, 991.0, 991.0, 992.0, 991.0, 991.0, 990.0, 992.0, 989.0, 991.0, 991.0, 992.0, 990.0, 990.0, 991.0, 992.0, 989.0, 991.0, 993.0, 991.0, 992.0, 992.0, 988.0, 990.0, 993.0, 990.0, 992.0, 992.0, 990.0, 991.0, 990.0, 992.0, 991.0, 989.0, 991.0, 991.0, 991.0, 990.0, 992.0, 990.0, 991.0, 991.0]
Is bad individual winner: 0
Is good individual winner: 1
Real fitness of best good: 993.0
Noisy fitness of best good: 993.0
Real fitness of best bad: 991.0
Noisy fitness of best bad: 991.0

l: 117
Real fitness of mutation winner: 893.0
Noisy fitness of mutation winner: 893.0
Crossover offspring real fitness: [987.0, 989.0, 991.0, 989.0, 990.0, 992.0, 992.0, 992.0, 990.0, 990.0, 993.0, 989.0, 991.0, 991.0, 992.0, 990.0, 992.0, 990.0, 992.0, 990.0, 991.0, 992.0, 991.0, 990.0, 991.0, 990.0, 992.0, 991.0, 992.0, 991.0, 992.0, 991.0, 991.0, 990.0, 991.0, 992.0, 990.0, 990.0, 992.0, 991.0, 992.0, 990.0, 991.0, 993.0, 992.0, 991.0, 990.0, 991.0, 992.0, 992.0, 992.0, 991.0, 991.0, 992.0, 991.0, 992.0, 992.0, 991.0, 990.0, 992.0, 992.0, 992.0, 989.0, 993.0, 992.0, 991.0, 991.0, 991.0, 992.0, 992.0, 991.0, 989.0, 991.0, 991.0, 991.0, 992.0, 993.0, 991.0, 992.0, 991.0, 992.0, 991.0, 990.0, 993.0, 992.0, 991.0, 991.0, 991.0, 992.0, 985.0, 992.0, 991.0, 991.0, 990.0, 991.0, 992.0, 991.0, 992.0, 992.0, 990.0, 992.0]
Crossover offspring noisy fitness: [987.0, 989.0, 991.0, 989.0, 990.0, 991.0, 991.0, 991.0, 990.0, 990.0, 993.0, 989.0, 991.0, 991.0, 992.0, 990.0, 992.0, 990.0, 992.0, 990.0, 991.0, 992.0, 991.0, 989.0, 991.0, 990.0, 992.0, 990.0, 992.0, 991.0, 992.0, 991.0, 991.0, 990.0, 991.0, 992.0, 990.0, 990.0, 992.0, 991.0, 992.0, 990.0, 991.0, 993.0, 992.0, 991.0, 990.0, 991.0, 992.0, 991.0, 992.0, 991.0, 991.0, 992.0, 991.0, 992.0, 992.0, 991.0, 990.0, 992.0, 992.0, 992.0, 989.0, 993.0, 992.0, 991.0, 991.0, 991.0, 992.0, 992.0, 991.0, 989.0, 991.0, 991.0, 991.0, 992.0, 993.0, 991.0, 991.0, 991.0, 992.0, 991.0, 990.0, 993.0, 992.0, 991.0, 991.0, 991.0, 992.0, 985.0, 992.0, 991.0, 991.0, 990.0, 991.0, 992.0, 991.0, 992.0, 992.0, 990.0, 992.0]
Is bad individual winner: 0
Is good individual winner: 1
Real fitness of best good: 993.0
Noisy fitness of best good: 993.0
Real fitness of best bad: 991.0
Noisy fitness of best bad: 991.0

l: 96
Real fitness of mutation winner: 912.0
Noisy fitness of mutation winner: 912.0
Crossover offspring real fitness: [990.0, 991.0, 991.0, 990.0, 992.0, 992.0, 992.0, 991.0, 992.0, 992.0, 991.0, 992.0, 991.0, 991.0, 992.0, 991.0, 993.0, 992.0, 992.0, 991.0, 991.0, 991.0, 992.0, 992.0, 992.0, 991.0, 992.0, 992.0, 992.0, 992.0, 991.0, 990.0, 992.0, 992.0, 991.0, 990.0, 992.0, 989.0, 991.0, 993.0, 992.0, 991.0, 991.0, 992.0, 988.0, 992.0, 991.0, 991.0, 992.0, 992.0, 992.0, 991.0, 991.0, 992.0, 990.0, 992.0, 992.0, 991.0, 992.0, 990.0, 992.0, 992.0, 991.0, 992.0, 990.0, 990.0, 990.0, 992.0, 991.0, 992.0, 992.0, 991.0, 991.0, 992.0, 992.0, 992.0, 992.0, 990.0, 990.0, 992.0, 991.0, 993.0, 992.0, 991.0, 992.0, 991.0, 992.0, 992.0, 992.0, 992.0, 992.0, 991.0, 991.0, 991.0, 991.0, 991.0, 992.0, 992.0, 993.0, 991.0, 991.0]
Crossover offspring noisy fitness: [990.0, 991.0, 991.0, 990.0, 992.0, 992.0, 991.0, 990.0, 992.0, 992.0, 991.0, 992.0, 991.0, 991.0, 992.0, 991.0, 993.0, 992.0, 991.0, 991.0, 991.0, 991.0, 992.0, 992.0, 992.0, 991.0, 992.0, 992.0, 992.0, 992.0, 991.0, 990.0, 992.0, 992.0, 991.0, 990.0, 992.0, 989.0, 991.0, 993.0, 992.0, 991.0, 991.0, 992.0, 988.0, 992.0, 991.0, 991.0, 991.0, 992.0, 992.0, 991.0, 991.0, 992.0, 989.0, 992.0, 992.0, 991.0, 992.0, 990.0, 992.0, 992.0, 991.0, 992.0, 990.0, 990.0, 989.0, 992.0, 991.0, 992.0, 992.0, 991.0, 991.0, 992.0, 992.0, 992.0, 991.0, 990.0, 990.0, 992.0, 991.0, 993.0, 992.0, 991.0, 992.0, 991.0, 992.0, 991.0, 992.0, 992.0, 992.0, 991.0, 991.0, 991.0, 991.0, 991.0, 992.0, 992.0, 993.0, 991.0, 991.0]
Is bad individual winner: 0
Is good individual winner: 1
Real fitness of best good: 993.0
Noisy fitness of best good: 993.0
Real fitness of best bad: 991.0
Noisy fitness of best bad: 991.0

l: 99
Real fitness of mutation winner: 909.0
Noisy fitness of mutation winner: 909.0
Crossover offspring real fitness: [991.0, 992.0, 989.0, 992.0, 992.0, 992.0, 990.0, 991.0, 991.0, 991.0, 992.0, 992.0, 991.0, 990.0, 990.0, 990.0, 992.0, 990.0, 991.0, 991.0, 991.0, 989.0, 990.0, 993.0, 992.0, 991.0, 990.0, 992.0, 992.0, 992.0, 992.0, 992.0, 992.0, 992.0, 992.0, 992.0, 991.0, 992.0, 991.0, 989.0, 991.0, 991.0, 991.0, 991.0, 992.0, 991.0, 991.0, 992.0, 992.0, 990.0, 992.0, 991.0, 991.0, 990.0, 992.0, 992.0, 992.0, 991.0, 990.0, 992.0, 991.0, 992.0, 988.0, 991.0, 992.0, 992.0, 991.0, 992.0, 991.0, 992.0, 993.0, 992.0, 991.0, 989.0, 991.0, 992.0, 990.0, 989.0, 993.0, 989.0, 989.0, 992.0, 990.0, 992.0, 990.0, 991.0, 991.0, 990.0, 990.0, 993.0, 992.0, 992.0, 992.0, 992.0, 992.0, 991.0, 992.0, 989.0, 992.0, 993.0, 991.0]
Crossover offspring noisy fitness: [990.0, 992.0, 989.0, 992.0, 992.0, 992.0, 990.0, 991.0, 991.0, 991.0, 992.0, 992.0, 991.0, 990.0, 990.0, 990.0, 992.0, 990.0, 991.0, 991.0, 991.0, 989.0, 990.0, 993.0, 991.0, 991.0, 989.0, 992.0, 992.0, 992.0, 992.0, 992.0, 992.0, 992.0, 992.0, 992.0, 991.0, 992.0, 990.0, 989.0, 991.0, 991.0, 991.0, 990.0, 992.0, 991.0, 991.0, 992.0, 992.0, 990.0, 992.0, 990.0, 991.0, 990.0, 992.0, 992.0, 992.0, 991.0, 990.0, 992.0, 991.0, 992.0, 988.0, 991.0, 992.0, 992.0, 991.0, 992.0, 991.0, 992.0, 993.0, 992.0, 990.0, 989.0, 991.0, 992.0, 990.0, 989.0, 993.0, 989.0, 989.0, 992.0, 990.0, 992.0, 990.0, 991.0, 991.0, 990.0, 989.0, 993.0, 992.0, 992.0, 992.0, 992.0, 992.0, 991.0, 992.0, 989.0, 992.0, 993.0, 991.0]
Is bad individual winner: 0
Is good individual winner: 1
Real fitness of best good: 993.0
Noisy fitness of best good: 993.0
Real fitness of best bad: 991.0
Noisy fitness of best bad: 991.0

l: 93
Real fitness of mutation winner: 913.0
Noisy fitness of mutation winner: 913.0
Crossover offspring real fitness: [991.0, 990.0, 991.0, 989.0, 991.0, 991.0, 992.0, 990.0, 992.0, 990.0, 992.0, 991.0, 992.0, 991.0, 992.0, 993.0, 992.0, 992.0, 990.0, 991.0, 989.0, 992.0, 991.0, 992.0, 991.0, 991.0, 988.0, 992.0, 991.0, 992.0, 992.0, 990.0, 990.0, 991.0, 992.0, 990.0, 991.0, 993.0, 992.0, 990.0, 992.0, 992.0, 992.0, 989.0, 993.0, 991.0, 991.0, 991.0, 991.0, 992.0, 992.0, 992.0, 992.0, 992.0, 992.0, 990.0, 992.0, 991.0, 991.0, 990.0, 992.0, 992.0, 992.0, 993.0, 992.0, 990.0, 991.0, 993.0, 991.0, 992.0, 992.0, 992.0, 991.0, 990.0, 991.0, 992.0, 990.0, 991.0, 991.0, 992.0, 990.0, 990.0, 991.0, 989.0, 990.0, 991.0, 991.0, 991.0, 992.0, 991.0, 991.0, 992.0, 990.0, 992.0, 992.0, 991.0, 992.0, 989.0, 993.0, 990.0, 991.0]
Crossover offspring noisy fitness: [991.0, 990.0, 991.0, 989.0, 991.0, 991.0, 992.0, 990.0, 992.0, 990.0, 992.0, 991.0, 992.0, 991.0, 992.0, 993.0, 992.0, 992.0, 990.0, 991.0, 989.0, 992.0, 991.0, 992.0, 991.0, 991.0, 988.0, 992.0, 991.0, 992.0, 992.0, 990.0, 990.0, 991.0, 992.0, 990.0, 991.0, 993.0, 992.0, 990.0, 992.0, 992.0, 992.0, 989.0, 993.0, 991.0, 991.0, 991.0, 991.0, 992.0, 992.0, 992.0, 992.0, 992.0, 992.0, 990.0, 992.0, 991.0, 991.0, 990.0, 992.0, 992.0, 992.0, 993.0, 992.0, 990.0, 991.0, 993.0, 990.0, 992.0, 992.0, 992.0, 990.0, 990.0, 991.0, 992.0, 990.0, 990.0, 991.0, 992.0, 990.0, 990.0, 991.0, 989.0, 990.0, 991.0, 991.0, 991.0, 992.0, 991.0, 991.0, 992.0, 990.0, 991.0, 992.0, 991.0, 992.0, 988.0, 992.0, 990.0, 991.0]
Is bad individual winner: 0
Is good individual winner: 1
Real fitness of best good: 993.0
Noisy fitness of best good: 993.0
Real fitness of best bad: 991.0
Noisy fitness of best bad: 991.0

l: 81
Real fitness of mutation winner: 923.0
Noisy fitness of mutation winner: 923.0
Crossover offspring real fitness: [992.0, 992.0, 990.0, 990.0, 992.0, 990.0, 991.0, 991.0, 990.0, 992.0, 991.0, 992.0, 992.0, 992.0, 992.0, 990.0, 992.0, 992.0, 990.0, 992.0, 992.0, 990.0, 991.0, 991.0, 992.0, 991.0, 991.0, 990.0, 992.0, 991.0, 992.0, 992.0, 992.0, 992.0, 990.0, 992.0, 989.0, 992.0, 989.0, 993.0, 992.0, 992.0, 991.0, 991.0, 991.0, 991.0, 992.0, 991.0, 992.0, 991.0, 990.0, 990.0, 992.0, 992.0, 991.0, 991.0, 991.0, 992.0, 992.0, 992.0, 991.0, 992.0, 991.0, 990.0, 991.0, 991.0, 992.0, 989.0, 991.0, 991.0, 992.0, 990.0, 992.0, 991.0, 992.0, 992.0, 992.0, 991.0, 992.0, 992.0, 992.0, 992.0, 989.0, 992.0, 992.0, 993.0, 991.0, 991.0, 990.0, 990.0, 991.0, 991.0, 991.0, 990.0, 991.0, 992.0, 991.0, 991.0, 992.0, 991.0, 992.0]
Crossover offspring noisy fitness: [992.0, 992.0, 990.0, 990.0, 992.0, 990.0, 991.0, 991.0, 990.0, 992.0, 991.0, 992.0, 992.0, 992.0, 992.0, 990.0, 992.0, 992.0, 990.0, 991.0, 991.0, 990.0, 991.0, 991.0, 992.0, 991.0, 991.0, 989.0, 992.0, 991.0, 992.0, 992.0, 992.0, 992.0, 989.0, 992.0, 989.0, 992.0, 989.0, 993.0, 992.0, 992.0, 991.0, 991.0, 991.0, 991.0, 992.0, 991.0, 992.0, 991.0, 990.0, 990.0, 992.0, 992.0, 991.0, 991.0, 991.0, 992.0, 992.0, 991.0, 991.0, 992.0, 991.0, 990.0, 991.0, 991.0, 992.0, 988.0, 991.0, 991.0, 992.0, 990.0, 992.0, 991.0, 992.0, 992.0, 992.0, 991.0, 992.0, 992.0, 992.0, 992.0, 989.0, 992.0, 992.0, 993.0, 990.0, 991.0, 990.0, 990.0, 991.0, 991.0, 991.0, 990.0, 991.0, 992.0, 991.0, 991.0, 992.0, 991.0, 992.0]
Is bad individual winner: 0
Is good individual winner: 1
Real fitness of best good: 993.0
Noisy fitness of best good: 993.0
Real fitness of best bad: 991.0
Noisy fitness of best bad: 991.0

l: 89
Real fitness of mutation winner: 917.0
Noisy fitness of mutation winner: 917.0
Crossover offspring real fitness: [992.0, 992.0, 992.0, 992.0, 990.0, 989.0, 992.0, 992.0, 992.0, 992.0, 992.0, 990.0, 991.0, 992.0, 993.0, 991.0, 992.0, 989.0, 992.0, 991.0, 992.0, 992.0, 992.0, 991.0, 992.0, 992.0, 991.0, 991.0, 991.0, 991.0, 992.0, 992.0, 991.0, 992.0, 990.0, 992.0, 992.0, 992.0, 992.0, 989.0, 992.0, 990.0, 991.0, 989.0, 989.0, 992.0, 990.0, 992.0, 990.0, 991.0, 992.0, 991.0, 992.0, 992.0, 992.0, 990.0, 991.0, 991.0, 990.0, 989.0, 992.0, 992.0, 992.0, 992.0, 992.0, 991.0, 991.0, 990.0, 991.0, 992.0, 992.0, 991.0, 991.0, 992.0, 991.0, 992.0, 990.0, 992.0, 992.0, 992.0, 991.0, 992.0, 991.0, 988.0, 990.0, 991.0, 992.0, 990.0, 990.0, 992.0, 992.0, 991.0, 992.0, 991.0, 990.0, 990.0, 992.0, 992.0, 992.0, 992.0, 991.0]
Crossover offspring noisy fitness: [991.0, 992.0, 992.0, 991.0, 990.0, 989.0, 992.0, 992.0, 992.0, 993.0, 992.0, 990.0, 991.0, 992.0, 993.0, 991.0, 992.0, 989.0, 992.0, 991.0, 992.0, 992.0, 992.0, 991.0, 992.0, 992.0, 991.0, 991.0, 991.0, 991.0, 991.0, 992.0, 991.0, 992.0, 990.0, 992.0, 992.0, 992.0, 992.0, 988.0, 992.0, 990.0, 991.0, 989.0, 989.0, 992.0, 990.0, 992.0, 990.0, 991.0, 992.0, 990.0, 992.0, 992.0, 992.0, 989.0, 991.0, 991.0, 990.0, 989.0, 992.0, 992.0, 992.0, 992.0, 992.0, 991.0, 991.0, 990.0, 991.0, 992.0, 992.0, 991.0, 991.0, 992.0, 991.0, 992.0, 990.0, 992.0, 992.0, 992.0, 991.0, 992.0, 991.0, 988.0, 990.0, 991.0, 992.0, 990.0, 990.0, 992.0, 992.0, 991.0, 992.0, 991.0, 990.0, 990.0, 992.0, 992.0, 991.0, 992.0, 991.0]
Is bad individual winner: 0
Is good individual winner: 0
Real fitness of best good: 993.0
Noisy fitness of best good: 993.0
Real fitness of best bad: 991.0
Noisy fitness of best bad: 991.0

l: 120
Real fitness of mutation winner: 888.0
Noisy fitness of mutation winner: 888.0
Crossover offspring real fitness: [991.0, 992.0, 991.0, 991.0, 989.0, 990.0, 991.0, 992.0, 992.0, 991.0, 991.0, 991.0, 991.0, 991.0, 991.0, 991.0, 989.0, 992.0, 988.0, 991.0, 990.0, 992.0, 991.0, 991.0, 991.0, 990.0, 992.0, 992.0, 990.0, 992.0, 992.0, 989.0, 992.0, 992.0, 992.0, 991.0, 992.0, 991.0, 992.0, 990.0, 991.0, 992.0, 992.0, 992.0, 991.0, 992.0, 991.0, 993.0, 992.0, 991.0, 990.0, 990.0, 991.0, 991.0, 991.0, 991.0, 990.0, 991.0, 990.0, 992.0, 990.0, 990.0, 991.0, 992.0, 992.0, 991.0, 992.0, 991.0, 992.0, 991.0, 991.0, 992.0, 987.0, 992.0, 990.0, 990.0, 992.0, 992.0, 990.0, 990.0, 991.0, 989.0, 988.0, 992.0, 991.0, 992.0, 991.0, 992.0, 992.0, 991.0, 991.0, 990.0, 992.0, 990.0, 989.0, 991.0, 991.0, 992.0, 990.0, 992.0, 991.0]
Crossover offspring noisy fitness: [991.0, 992.0, 991.0, 991.0, 989.0, 990.0, 991.0, 992.0, 992.0, 991.0, 991.0, 991.0, 991.0, 991.0, 991.0, 991.0, 989.0, 991.0, 988.0, 991.0, 990.0, 992.0, 991.0, 991.0, 991.0, 990.0, 992.0, 992.0, 990.0, 992.0, 992.0, 989.0, 992.0, 992.0, 992.0, 991.0, 991.0, 991.0, 992.0, 990.0, 991.0, 992.0, 991.0, 992.0, 991.0, 992.0, 990.0, 993.0, 992.0, 991.0, 990.0, 990.0, 991.0, 991.0, 991.0, 991.0, 990.0, 991.0, 990.0, 992.0, 990.0, 990.0, 991.0, 992.0, 992.0, 991.0, 992.0, 991.0, 992.0, 991.0, 991.0, 992.0, 987.0, 992.0, 990.0, 990.0, 992.0, 992.0, 990.0, 990.0, 991.0, 989.0, 988.0, 992.0, 991.0, 992.0, 991.0, 992.0, 992.0, 991.0, 991.0, 990.0, 992.0, 990.0, 988.0, 990.0, 991.0, 991.0, 990.0, 992.0, 991.0]
Is bad individual winner: 0
Is good individual winner: 1
Real fitness of best good: 993.0
Noisy fitness of best good: 993.0
Real fitness of best bad: 991.0
Noisy fitness of best bad: 991.0

l: 85
Real fitness of mutation winner: 921.0
Noisy fitness of mutation winner: 921.0
Crossover offspring real fitness: [991.0, 990.0, 992.0, 992.0, 990.0, 991.0, 992.0, 992.0, 991.0, 991.0, 990.0, 991.0, 990.0, 992.0, 992.0, 993.0, 991.0, 990.0, 992.0, 988.0, 992.0, 991.0, 991.0, 989.0, 989.0, 990.0, 992.0, 992.0, 991.0, 992.0, 992.0, 992.0, 989.0, 991.0, 992.0, 990.0, 992.0, 991.0, 991.0, 992.0, 991.0, 992.0, 992.0, 992.0, 992.0, 993.0, 991.0, 992.0, 991.0, 992.0, 990.0, 991.0, 989.0, 992.0, 992.0, 991.0, 992.0, 992.0, 990.0, 991.0, 991.0, 992.0, 991.0, 992.0, 988.0, 991.0, 992.0, 992.0, 990.0, 991.0, 992.0, 992.0, 993.0, 992.0, 992.0, 992.0, 990.0, 990.0, 990.0, 992.0, 992.0, 989.0, 992.0, 990.0, 990.0, 992.0, 989.0, 993.0, 991.0, 990.0, 992.0, 992.0, 992.0, 991.0, 992.0, 992.0, 990.0, 992.0, 991.0, 991.0, 991.0]
Crossover offspring noisy fitness: [991.0, 990.0, 992.0, 992.0, 990.0, 990.0, 992.0, 992.0, 991.0, 991.0, 990.0, 991.0, 990.0, 992.0, 992.0, 993.0, 991.0, 990.0, 992.0, 988.0, 992.0, 991.0, 991.0, 989.0, 989.0, 990.0, 992.0, 992.0, 991.0, 992.0, 992.0, 992.0, 989.0, 990.0, 992.0, 990.0, 992.0, 991.0, 991.0, 992.0, 991.0, 992.0, 992.0, 992.0, 992.0, 993.0, 991.0, 992.0, 991.0, 992.0, 990.0, 991.0, 989.0, 992.0, 992.0, 991.0, 992.0, 992.0, 990.0, 991.0, 991.0, 992.0, 991.0, 992.0, 988.0, 991.0, 992.0, 992.0, 990.0, 991.0, 992.0, 992.0, 993.0, 991.0, 992.0, 992.0, 990.0, 990.0, 990.0, 992.0, 992.0, 989.0, 992.0, 990.0, 990.0, 992.0, 989.0, 993.0, 991.0, 990.0, 992.0, 992.0, 992.0, 991.0, 992.0, 992.0, 990.0, 992.0, 991.0, 991.0, 991.0]
Is bad individual winner: 0
Is good individual winner: 1
Real fitness of best good: 993.0
Noisy fitness of best good: 993.0
Real fitness of best bad: 991.0
Noisy fitness of best bad: 991.0

l: 110
Real fitness of mutation winner: 896.0
Noisy fitness of mutation winner: 896.0
Crossover offspring real fitness: [992.0, 989.0, 989.0, 992.0, 991.0, 992.0, 992.0, 992.0, 992.0, 992.0, 991.0, 991.0, 991.0, 991.0, 990.0, 986.0, 989.0, 990.0, 990.0, 989.0, 989.0, 990.0, 992.0, 991.0, 992.0, 991.0, 990.0, 992.0, 992.0, 991.0, 991.0, 991.0, 989.0, 989.0, 991.0, 990.0, 990.0, 990.0, 992.0, 992.0, 991.0, 990.0, 992.0, 992.0, 992.0, 992.0, 991.0, 992.0, 992.0, 990.0, 991.0, 990.0, 993.0, 993.0, 989.0, 987.0, 990.0, 993.0, 990.0, 992.0, 992.0, 992.0, 992.0, 992.0, 989.0, 991.0, 991.0, 990.0, 990.0, 991.0, 992.0, 990.0, 990.0, 989.0, 991.0, 992.0, 991.0, 992.0, 990.0, 990.0, 991.0, 990.0, 992.0, 991.0, 991.0, 992.0, 992.0, 991.0, 992.0, 991.0, 991.0, 992.0, 991.0, 991.0, 992.0, 992.0, 990.0, 992.0, 991.0, 990.0, 992.0]
Crossover offspring noisy fitness: [992.0, 989.0, 989.0, 992.0, 991.0, 992.0, 992.0, 992.0, 992.0, 992.0, 991.0, 991.0, 991.0, 991.0, 990.0, 986.0, 989.0, 990.0, 990.0, 989.0, 989.0, 990.0, 992.0, 991.0, 992.0, 991.0, 990.0, 992.0, 992.0, 991.0, 991.0, 990.0, 989.0, 989.0, 991.0, 990.0, 990.0, 990.0, 992.0, 992.0, 991.0, 990.0, 991.0, 992.0, 992.0, 992.0, 991.0, 992.0, 992.0, 990.0, 991.0, 990.0, 993.0, 993.0, 989.0, 987.0, 990.0, 993.0, 990.0, 992.0, 992.0, 992.0, 992.0, 992.0, 989.0, 991.0, 990.0, 990.0, 990.0, 991.0, 992.0, 990.0, 990.0, 989.0, 991.0, 992.0, 991.0, 992.0, 989.0, 990.0, 991.0, 990.0, 992.0, 991.0, 991.0, 992.0, 992.0, 990.0, 992.0, 991.0, 991.0, 991.0, 991.0, 991.0, 992.0, 992.0, 990.0, 992.0, 991.0, 990.0, 992.0]
Is bad individual winner: 0
Is good individual winner: 1
Real fitness of best good: 993.0
Noisy fitness of best good: 993.0
Real fitness of best bad: 991.0
Noisy fitness of best bad: 991.0

l: 109
Real fitness of mutation winner: 899.0
Noisy fitness of mutation winner: 899.0
Crossover offspring real fitness: [990.0, 988.0, 991.0, 991.0, 991.0, 992.0, 991.0, 991.0, 992.0, 992.0, 992.0, 992.0, 989.0, 991.0, 991.0, 989.0, 991.0, 990.0, 991.0, 991.0, 990.0, 991.0, 992.0, 991.0, 992.0, 990.0, 991.0, 992.0, 991.0, 992.0, 990.0, 991.0, 991.0, 991.0, 991.0, 989.0, 991.0, 992.0, 992.0, 990.0, 991.0, 991.0, 991.0, 992.0, 992.0, 992.0, 992.0, 992.0, 989.0, 991.0, 991.0, 990.0, 991.0, 992.0, 991.0, 990.0, 992.0, 992.0, 990.0, 992.0, 991.0, 992.0, 989.0, 992.0, 992.0, 991.0, 992.0, 991.0, 991.0, 990.0, 990.0, 992.0, 992.0, 992.0, 990.0, 991.0, 991.0, 991.0, 991.0, 989.0, 989.0, 992.0, 992.0, 989.0, 992.0, 991.0, 990.0, 993.0, 990.0, 992.0, 992.0, 990.0, 992.0, 991.0, 992.0, 991.0, 992.0, 991.0, 991.0, 991.0, 992.0]
Crossover offspring noisy fitness: [989.0, 987.0, 991.0, 991.0, 991.0, 992.0, 991.0, 991.0, 992.0, 992.0, 992.0, 992.0, 989.0, 991.0, 991.0, 989.0, 991.0, 989.0, 991.0, 991.0, 989.0, 991.0, 992.0, 991.0, 992.0, 990.0, 990.0, 992.0, 991.0, 992.0, 990.0, 991.0, 990.0, 991.0, 991.0, 989.0, 991.0, 992.0, 992.0, 990.0, 991.0, 991.0, 991.0, 992.0, 992.0, 992.0, 992.0, 992.0, 989.0, 991.0, 990.0, 990.0, 991.0, 992.0, 991.0, 990.0, 992.0, 992.0, 990.0, 992.0, 991.0, 992.0, 989.0, 992.0, 992.0, 990.0, 992.0, 991.0, 991.0, 990.0, 990.0, 992.0, 992.0, 992.0, 990.0, 991.0, 990.0, 991.0, 991.0, 989.0, 989.0, 992.0, 992.0, 989.0, 992.0, 991.0, 990.0, 993.0, 990.0, 992.0, 992.0, 990.0, 992.0, 991.0, 992.0, 991.0, 992.0, 991.0, 991.0, 990.0, 992.0]
Is bad individual winner: 0
Is good individual winner: 1
Real fitness of best good: 993.0
Noisy fitness of best good: 993.0
Real fitness of best bad: 991.0
Noisy fitness of best bad: 991.0

l: 99
Real fitness of mutation winner: 913.0
Noisy fitness of mutation winner: 912.0
Crossover offspring real fitness: [991.0, 990.0, 991.0, 992.0, 991.0, 992.0, 991.0, 992.0, 990.0, 991.0, 992.0, 992.0, 991.0, 992.0, 989.0, 992.0, 991.0, 990.0, 992.0, 993.0, 990.0, 992.0, 991.0, 992.0, 992.0, 991.0, 991.0, 992.0, 992.0, 992.0, 990.0, 992.0, 991.0, 992.0, 992.0, 992.0, 991.0, 990.0, 992.0, 989.0, 991.0, 992.0, 991.0, 992.0, 991.0, 992.0, 991.0, 991.0, 992.0, 989.0, 990.0, 992.0, 992.0, 992.0, 992.0, 992.0, 992.0, 991.0, 993.0, 991.0, 989.0, 991.0, 992.0, 989.0, 992.0, 992.0, 991.0, 991.0, 991.0, 991.0, 992.0, 991.0, 990.0, 991.0, 991.0, 992.0, 991.0, 991.0, 992.0, 992.0, 991.0, 992.0, 992.0, 992.0, 991.0, 989.0, 992.0, 991.0, 992.0, 991.0, 990.0, 991.0, 991.0, 990.0, 992.0, 989.0, 991.0, 992.0, 992.0, 991.0, 992.0]
Crossover offspring noisy fitness: [991.0, 990.0, 991.0, 992.0, 991.0, 992.0, 991.0, 992.0, 990.0, 991.0, 991.0, 992.0, 991.0, 992.0, 989.0, 992.0, 991.0, 990.0, 992.0, 993.0, 990.0, 992.0, 991.0, 992.0, 992.0, 991.0, 991.0, 992.0, 992.0, 992.0, 990.0, 992.0, 991.0, 992.0, 992.0, 992.0, 991.0, 990.0, 992.0, 989.0, 991.0, 992.0, 991.0, 992.0, 991.0, 992.0, 991.0, 991.0, 991.0, 989.0, 990.0, 991.0, 992.0, 992.0, 991.0, 992.0, 992.0, 990.0, 993.0, 991.0, 988.0, 991.0, 992.0, 989.0, 991.0, 992.0, 991.0, 991.0, 991.0, 991.0, 992.0, 991.0, 990.0, 991.0, 991.0, 992.0, 991.0, 991.0, 991.0, 992.0, 990.0, 992.0, 992.0, 992.0, 991.0, 989.0, 992.0, 991.0, 992.0, 991.0, 990.0, 991.0, 991.0, 989.0, 992.0, 989.0, 991.0, 992.0, 992.0, 991.0, 992.0]
Is bad individual winner: 0
Is good individual winner: 1
Real fitness of best good: 993.0
Noisy fitness of best good: 993.0
Real fitness of best bad: 991.0
Noisy fitness of best bad: 991.0

l: 110
Real fitness of mutation winner: 898.0
Noisy fitness of mutation winner: 898.0
Crossover offspring real fitness: [991.0, 991.0, 992.0, 992.0, 992.0, 991.0, 991.0, 992.0, 993.0, 991.0, 990.0, 991.0, 991.0, 992.0, 992.0, 991.0, 992.0, 991.0, 992.0, 992.0, 992.0, 990.0, 991.0, 991.0, 992.0, 991.0, 992.0, 992.0, 990.0, 992.0, 990.0, 990.0, 990.0, 992.0, 992.0, 992.0, 991.0, 991.0, 992.0, 991.0, 991.0, 991.0, 992.0, 993.0, 992.0, 992.0, 992.0, 990.0, 990.0, 989.0, 991.0, 992.0, 993.0, 992.0, 990.0, 992.0, 991.0, 992.0, 990.0, 990.0, 990.0, 992.0, 991.0, 992.0, 991.0, 992.0, 991.0, 990.0, 992.0, 990.0, 991.0, 991.0, 991.0, 991.0, 991.0, 992.0, 992.0, 990.0, 992.0, 989.0, 992.0, 991.0, 992.0, 990.0, 991.0, 989.0, 992.0, 990.0, 992.0, 989.0, 992.0, 992.0, 989.0, 991.0, 992.0, 990.0, 992.0, 992.0, 991.0, 990.0, 992.0]
Crossover offspring noisy fitness: [991.0, 991.0, 992.0, 992.0, 992.0, 991.0, 991.0, 992.0, 993.0, 990.0, 990.0, 991.0, 991.0, 992.0, 992.0, 991.0, 992.0, 991.0, 992.0, 992.0, 992.0, 990.0, 991.0, 991.0, 992.0, 991.0, 992.0, 992.0, 990.0, 992.0, 989.0, 990.0, 990.0, 992.0, 992.0, 992.0, 991.0, 991.0, 992.0, 991.0, 990.0, 991.0, 991.0, 993.0, 991.0, 992.0, 992.0, 990.0, 990.0, 989.0, 991.0, 992.0, 993.0, 992.0, 990.0, 991.0, 991.0, 992.0, 990.0, 990.0, 990.0, 992.0, 991.0, 992.0, 991.0, 992.0, 991.0, 990.0, 992.0, 990.0, 991.0, 991.0, 991.0, 991.0, 991.0, 992.0, 992.0, 990.0, 992.0, 989.0, 992.0, 991.0, 992.0, 990.0, 991.0, 989.0, 992.0, 990.0, 992.0, 989.0, 992.0, 992.0, 989.0, 991.0, 992.0, 988.0, 992.0, 992.0, 991.0, 990.0, 992.0]
Is bad individual winner: 0
Is good individual winner: 1
Real fitness of best good: 993.0
Noisy fitness of best good: 993.0
Real fitness of best bad: 991.0
Noisy fitness of best bad: 991.0

l: 112
Real fitness of mutation winner: 896.0
Noisy fitness of mutation winner: 896.0
Crossover offspring real fitness: [992.0, 991.0, 990.0, 990.0, 991.0, 991.0, 990.0, 992.0, 990.0, 991.0, 991.0, 990.0, 990.0, 992.0, 992.0, 990.0, 990.0, 993.0, 992.0, 990.0, 991.0, 991.0, 992.0, 991.0, 993.0, 991.0, 993.0, 992.0, 990.0, 991.0, 991.0, 991.0, 990.0, 991.0, 991.0, 990.0, 992.0, 992.0, 990.0, 992.0, 992.0, 992.0, 990.0, 991.0, 990.0, 991.0, 992.0, 990.0, 992.0, 989.0, 992.0, 991.0, 991.0, 989.0, 992.0, 991.0, 990.0, 991.0, 990.0, 991.0, 991.0, 991.0, 991.0, 992.0, 992.0, 992.0, 992.0, 991.0, 992.0, 990.0, 989.0, 992.0, 991.0, 990.0, 991.0, 992.0, 991.0, 991.0, 990.0, 989.0, 992.0, 988.0, 990.0, 991.0, 987.0, 992.0, 989.0, 992.0, 991.0, 988.0, 990.0, 991.0, 991.0, 991.0, 991.0, 991.0, 990.0, 989.0, 991.0, 992.0, 991.0]
Crossover offspring noisy fitness: [992.0, 991.0, 989.0, 990.0, 991.0, 991.0, 990.0, 992.0, 990.0, 991.0, 991.0, 990.0, 990.0, 992.0, 992.0, 990.0, 990.0, 993.0, 992.0, 990.0, 991.0, 991.0, 992.0, 991.0, 993.0, 991.0, 993.0, 992.0, 990.0, 991.0, 991.0, 991.0, 990.0, 991.0, 991.0, 990.0, 992.0, 992.0, 990.0, 992.0, 992.0, 992.0, 990.0, 991.0, 990.0, 991.0, 992.0, 990.0, 992.0, 989.0, 992.0, 991.0, 991.0, 989.0, 991.0, 991.0, 990.0, 991.0, 990.0, 991.0, 991.0, 991.0, 991.0, 992.0, 992.0, 992.0, 992.0, 991.0, 992.0, 990.0, 989.0, 992.0, 991.0, 990.0, 991.0, 992.0, 991.0, 991.0, 990.0, 989.0, 992.0, 988.0, 990.0, 990.0, 987.0, 992.0, 989.0, 992.0, 991.0, 988.0, 990.0, 991.0, 991.0, 991.0, 991.0, 991.0, 990.0, 988.0, 991.0, 992.0, 991.0]
Is bad individual winner: 0
Is good individual winner: 1
Real fitness of best good: 993.0
Noisy fitness of best good: 993.0
Real fitness of best bad: 991.0
Noisy fitness of best bad: 991.0

l: 81
Real fitness of mutation winner: 923.0
Noisy fitness of mutation winner: 923.0
Crossover offspring real fitness: [992.0, 992.0, 992.0, 992.0, 992.0, 992.0, 990.0, 992.0, 992.0, 992.0, 991.0, 992.0, 992.0, 991.0, 991.0, 991.0, 991.0, 991.0, 991.0, 992.0, 991.0, 992.0, 992.0, 991.0, 992.0, 992.0, 991.0, 991.0, 992.0, 991.0, 991.0, 991.0, 992.0, 992.0, 992.0, 990.0, 992.0, 992.0, 990.0, 990.0, 992.0, 992.0, 991.0, 991.0, 992.0, 992.0, 992.0, 992.0, 990.0, 991.0, 992.0, 992.0, 990.0, 991.0, 991.0, 991.0, 991.0, 992.0, 993.0, 991.0, 991.0, 991.0, 991.0, 992.0, 991.0, 992.0, 992.0, 991.0, 992.0, 991.0, 993.0, 991.0, 992.0, 992.0, 991.0, 992.0, 991.0, 992.0, 992.0, 991.0, 992.0, 992.0, 992.0, 992.0, 990.0, 991.0, 990.0, 992.0, 991.0, 992.0, 991.0, 991.0, 991.0, 992.0, 992.0, 991.0, 989.0, 991.0, 992.0, 992.0, 991.0]
Crossover offspring noisy fitness: [992.0, 992.0, 992.0, 992.0, 992.0, 992.0, 990.0, 992.0, 992.0, 992.0, 991.0, 992.0, 992.0, 991.0, 991.0, 991.0, 991.0, 991.0, 990.0, 992.0, 991.0, 992.0, 992.0, 991.0, 992.0, 992.0, 991.0, 991.0, 992.0, 991.0, 991.0, 990.0, 992.0, 992.0, 992.0, 990.0, 992.0, 992.0, 990.0, 990.0, 991.0, 992.0, 991.0, 991.0, 992.0, 992.0, 992.0, 992.0, 989.0, 991.0, 992.0, 992.0, 990.0, 991.0, 991.0, 991.0, 991.0, 992.0, 993.0, 991.0, 991.0, 990.0, 991.0, 992.0, 991.0, 992.0, 992.0, 991.0, 992.0, 991.0, 993.0, 991.0, 992.0, 992.0, 991.0, 992.0, 991.0, 992.0, 992.0, 991.0, 992.0, 992.0, 991.0, 992.0, 990.0, 991.0, 990.0, 992.0, 990.0, 992.0, 991.0, 991.0, 991.0, 992.0, 992.0, 991.0, 989.0, 991.0, 992.0, 992.0, 991.0]
Is bad individual winner: 0
Is good individual winner: 1
Real fitness of best good: 993.0
Noisy fitness of best good: 993.0
Real fitness of best bad: 991.0
Noisy fitness of best bad: 991.0

l: 98
Real fitness of mutation winner: 908.0
Noisy fitness of mutation winner: 908.0
Crossover offspring real fitness: [991.0, 991.0, 990.0, 991.0, 990.0, 990.0, 992.0, 991.0, 987.0, 992.0, 992.0, 992.0, 991.0, 991.0, 992.0, 992.0, 990.0, 991.0, 990.0, 992.0, 991.0, 992.0, 992.0, 990.0, 992.0, 992.0, 990.0, 992.0, 992.0, 992.0, 990.0, 989.0, 992.0, 991.0, 991.0, 992.0, 992.0, 990.0, 991.0, 992.0, 991.0, 991.0, 992.0, 992.0, 990.0, 991.0, 992.0, 992.0, 992.0, 992.0, 992.0, 992.0, 990.0, 988.0, 990.0, 992.0, 989.0, 990.0, 991.0, 992.0, 992.0, 991.0, 988.0, 991.0, 991.0, 990.0, 991.0, 992.0, 991.0, 990.0, 992.0, 990.0, 991.0, 992.0, 991.0, 990.0, 991.0, 991.0, 992.0, 992.0, 992.0, 990.0, 990.0, 992.0, 992.0, 990.0, 990.0, 992.0, 992.0, 991.0, 992.0, 991.0, 991.0, 991.0, 992.0, 990.0, 992.0, 992.0, 992.0, 991.0, 990.0]
Crossover offspring noisy fitness: [990.0, 991.0, 990.0, 991.0, 990.0, 990.0, 992.0, 991.0, 987.0, 992.0, 992.0, 992.0, 991.0, 991.0, 992.0, 992.0, 990.0, 991.0, 990.0, 992.0, 991.0, 992.0, 992.0, 990.0, 992.0, 991.0, 990.0, 992.0, 992.0, 992.0, 990.0, 989.0, 992.0, 991.0, 991.0, 992.0, 992.0, 990.0, 991.0, 992.0, 991.0, 991.0, 992.0, 992.0, 990.0, 991.0, 992.0, 992.0, 992.0, 992.0, 992.0, 992.0, 990.0, 988.0, 990.0, 992.0, 989.0, 990.0, 991.0, 992.0, 992.0, 991.0, 988.0, 991.0, 991.0, 990.0, 991.0, 991.0, 991.0, 990.0, 992.0, 990.0, 991.0, 992.0, 991.0, 990.0, 991.0, 991.0, 992.0, 992.0, 992.0, 990.0, 990.0, 991.0, 992.0, 990.0, 990.0, 991.0, 992.0, 991.0, 992.0, 990.0, 991.0, 991.0, 992.0, 990.0, 992.0, 992.0, 992.0, 991.0, 990.0]
Is bad individual winner: 0
Is good individual winner: 0
Real fitness of best good: 992.0
Noisy fitness of best good: 992.0
Real fitness of best bad: 991.0
Noisy fitness of best bad: 991.0

l: 96
Real fitness of mutation winner: 910.0
Noisy fitness of mutation winner: 910.0
Crossover offspring real fitness: [992.0, 992.0, 991.0, 992.0, 992.0, 990.0, 989.0, 992.0, 990.0, 992.0, 992.0, 991.0, 992.0, 990.0, 991.0, 991.0, 989.0, 991.0, 991.0, 990.0, 990.0, 992.0, 990.0, 991.0, 991.0, 989.0, 991.0, 990.0, 991.0, 991.0, 992.0, 991.0, 991.0, 991.0, 991.0, 990.0, 991.0, 992.0, 991.0, 991.0, 992.0, 992.0, 992.0, 991.0, 992.0, 992.0, 989.0, 991.0, 991.0, 988.0, 990.0, 992.0, 990.0, 991.0, 993.0, 992.0, 992.0, 992.0, 991.0, 991.0, 992.0, 991.0, 992.0, 992.0, 989.0, 992.0, 991.0, 991.0, 992.0, 991.0, 992.0, 989.0, 990.0, 992.0, 991.0, 990.0, 992.0, 991.0, 990.0, 992.0, 990.0, 992.0, 992.0, 991.0, 991.0, 990.0, 992.0, 990.0, 992.0, 990.0, 991.0, 991.0, 991.0, 992.0, 990.0, 992.0, 991.0, 991.0, 990.0, 991.0, 992.0]
Crossover offspring noisy fitness: [992.0, 990.0, 990.0, 992.0, 992.0, 990.0, 989.0, 991.0, 990.0, 992.0, 992.0, 991.0, 992.0, 989.0, 991.0, 991.0, 989.0, 991.0, 991.0, 990.0, 989.0, 992.0, 990.0, 991.0, 991.0, 989.0, 991.0, 990.0, 991.0, 991.0, 992.0, 991.0, 991.0, 991.0, 991.0, 990.0, 992.0, 992.0, 991.0, 990.0, 992.0, 992.0, 992.0, 991.0, 992.0, 992.0, 989.0, 991.0, 991.0, 988.0, 990.0, 992.0, 990.0, 991.0, 993.0, 992.0, 992.0, 992.0, 991.0, 991.0, 992.0, 991.0, 992.0, 991.0, 989.0, 992.0, 991.0, 991.0, 992.0, 991.0, 992.0, 989.0, 990.0, 992.0, 991.0, 990.0, 992.0, 991.0, 990.0, 992.0, 990.0, 991.0, 992.0, 991.0, 991.0, 990.0, 992.0, 990.0, 992.0, 990.0, 991.0, 991.0, 991.0, 992.0, 990.0, 992.0, 991.0, 991.0, 990.0, 991.0, 992.0]
Is bad individual winner: 0
Is good individual winner: 1
Real fitness of best good: 993.0
Noisy fitness of best good: 993.0
Real fitness of best bad: 991.0
Noisy fitness of best bad: 992.0

l: 96
Real fitness of mutation winner: 912.0
Noisy fitness of mutation winner: 912.0
Crossover offspring real fitness: [992.0, 992.0, 990.0, 991.0, 991.0, 988.0, 992.0, 991.0, 990.0, 990.0, 992.0, 992.0, 992.0, 989.0, 991.0, 992.0, 991.0, 992.0, 992.0, 992.0, 991.0, 991.0, 991.0, 990.0, 992.0, 992.0, 992.0, 991.0, 992.0, 992.0, 991.0, 992.0, 991.0, 992.0, 992.0, 989.0, 991.0, 992.0, 991.0, 988.0, 991.0, 991.0, 991.0, 991.0, 992.0, 991.0, 992.0, 992.0, 993.0, 993.0, 992.0, 990.0, 992.0, 992.0, 991.0, 992.0, 992.0, 992.0, 990.0, 991.0, 991.0, 992.0, 991.0, 990.0, 990.0, 990.0, 989.0, 991.0, 991.0, 992.0, 993.0, 992.0, 990.0, 991.0, 992.0, 992.0, 992.0, 992.0, 992.0, 991.0, 991.0, 990.0, 991.0, 991.0, 992.0, 992.0, 990.0, 991.0, 992.0, 991.0, 991.0, 992.0, 992.0, 990.0, 992.0, 991.0, 991.0, 990.0, 991.0, 991.0, 991.0]
Crossover offspring noisy fitness: [992.0, 992.0, 990.0, 991.0, 991.0, 988.0, 992.0, 990.0, 989.0, 990.0, 991.0, 992.0, 992.0, 989.0, 991.0, 992.0, 991.0, 992.0, 992.0, 992.0, 991.0, 991.0, 991.0, 990.0, 992.0, 992.0, 992.0, 991.0, 992.0, 992.0, 991.0, 992.0, 991.0, 992.0, 992.0, 989.0, 991.0, 992.0, 991.0, 988.0, 991.0, 991.0, 991.0, 990.0, 992.0, 991.0, 992.0, 992.0, 993.0, 993.0, 992.0, 990.0, 992.0, 992.0, 991.0, 992.0, 992.0, 992.0, 990.0, 991.0, 991.0, 992.0, 991.0, 990.0, 990.0, 989.0, 989.0, 991.0, 991.0, 992.0, 993.0, 992.0, 990.0, 991.0, 992.0, 992.0, 992.0, 992.0, 992.0, 991.0, 991.0, 990.0, 990.0, 991.0, 992.0, 992.0, 990.0, 991.0, 992.0, 991.0, 991.0, 992.0, 992.0, 990.0, 992.0, 991.0, 991.0, 990.0, 991.0, 991.0, 991.0]
Is bad individual winner: 0
Is good individual winner: 1
Real fitness of best good: 993.0
Noisy fitness of best good: 993.0
Real fitness of best bad: 991.0
Noisy fitness of best bad: 991.0

l: 91
Real fitness of mutation winner: 915.0
Noisy fitness of mutation winner: 915.0
Crossover offspring real fitness: [991.0, 992.0, 991.0, 992.0, 992.0, 992.0, 992.0, 993.0, 990.0, 991.0, 992.0, 992.0, 991.0, 991.0, 991.0, 992.0, 991.0, 992.0, 991.0, 991.0, 992.0, 991.0, 991.0, 992.0, 991.0, 991.0, 992.0, 989.0, 991.0, 992.0, 992.0, 992.0, 991.0, 990.0, 992.0, 992.0, 988.0, 991.0, 988.0, 991.0, 989.0, 991.0, 990.0, 990.0, 990.0, 992.0, 988.0, 991.0, 992.0, 991.0, 991.0, 992.0, 990.0, 992.0, 991.0, 992.0, 990.0, 992.0, 990.0, 992.0, 991.0, 989.0, 991.0, 991.0, 991.0, 992.0, 992.0, 991.0, 992.0, 991.0, 992.0, 991.0, 991.0, 990.0, 991.0, 992.0, 992.0, 992.0, 990.0, 993.0, 992.0, 988.0, 991.0, 991.0, 991.0, 991.0, 991.0, 991.0, 992.0, 991.0, 991.0, 991.0, 992.0, 991.0, 991.0, 992.0, 990.0, 991.0, 992.0, 992.0, 990.0]
Crossover offspring noisy fitness: [991.0, 992.0, 991.0, 992.0, 992.0, 992.0, 992.0, 992.0, 990.0, 991.0, 992.0, 992.0, 991.0, 991.0, 991.0, 992.0, 991.0, 992.0, 991.0, 990.0, 992.0, 991.0, 991.0, 992.0, 991.0, 991.0, 992.0, 989.0, 991.0, 992.0, 992.0, 992.0, 991.0, 990.0, 991.0, 992.0, 987.0, 991.0, 988.0, 991.0, 989.0, 991.0, 990.0, 990.0, 989.0, 992.0, 988.0, 991.0, 992.0, 991.0, 991.0, 992.0, 990.0, 992.0, 991.0, 992.0, 990.0, 992.0, 989.0, 992.0, 991.0, 989.0, 991.0, 991.0, 991.0, 992.0, 992.0, 991.0, 992.0, 991.0, 992.0, 991.0, 991.0, 990.0, 991.0, 992.0, 992.0, 992.0, 990.0, 993.0, 992.0, 988.0, 991.0, 991.0, 991.0, 991.0, 991.0, 991.0, 992.0, 991.0, 991.0, 991.0, 992.0, 991.0, 990.0, 992.0, 990.0, 991.0, 992.0, 992.0, 990.0]
Is bad individual winner: 0
Is good individual winner: 1
Real fitness of best good: 993.0
Noisy fitness of best good: 993.0
Real fitness of best bad: 991.0
Noisy fitness of best bad: 991.0

l: 106
Real fitness of mutation winner: 908.0
Noisy fitness of mutation winner: 908.0
Crossover offspring real fitness: [991.0, 992.0, 991.0, 991.0, 992.0, 991.0, 990.0, 991.0, 992.0, 992.0, 990.0, 993.0, 992.0, 992.0, 993.0, 991.0, 991.0, 991.0, 991.0, 990.0, 991.0, 990.0, 992.0, 991.0, 992.0, 992.0, 991.0, 990.0, 989.0, 992.0, 989.0, 992.0, 991.0, 992.0, 992.0, 992.0, 991.0, 992.0, 994.0, 992.0, 991.0, 991.0, 991.0, 991.0, 991.0, 990.0, 992.0, 991.0, 991.0, 992.0, 990.0, 991.0, 992.0, 992.0, 992.0, 990.0, 989.0, 992.0, 991.0, 992.0, 992.0, 992.0, 993.0, 989.0, 992.0, 993.0, 992.0, 988.0, 991.0, 992.0, 990.0, 992.0, 991.0, 992.0, 990.0, 992.0, 991.0, 992.0, 991.0, 991.0, 990.0, 992.0, 992.0, 992.0, 990.0, 991.0, 991.0, 991.0, 992.0, 992.0, 992.0, 991.0, 991.0, 991.0, 990.0, 992.0, 992.0, 991.0, 991.0, 991.0, 991.0]
Crossover offspring noisy fitness: [991.0, 992.0, 991.0, 990.0, 992.0, 991.0, 989.0, 991.0, 992.0, 991.0, 990.0, 993.0, 992.0, 992.0, 993.0, 991.0, 990.0, 991.0, 990.0, 990.0, 991.0, 990.0, 992.0, 991.0, 992.0, 992.0, 991.0, 990.0, 989.0, 992.0, 989.0, 992.0, 991.0, 992.0, 992.0, 992.0, 991.0, 992.0, 994.0, 992.0, 991.0, 991.0, 991.0, 991.0, 991.0, 990.0, 992.0, 991.0, 991.0, 992.0, 990.0, 991.0, 992.0, 992.0, 992.0, 990.0, 989.0, 992.0, 991.0, 992.0, 992.0, 992.0, 993.0, 989.0, 992.0, 993.0, 991.0, 988.0, 991.0, 992.0, 990.0, 992.0, 991.0, 992.0, 990.0, 992.0, 991.0, 992.0, 991.0, 992.0, 990.0, 992.0, 992.0, 992.0, 990.0, 991.0, 991.0, 991.0, 992.0, 992.0, 992.0, 991.0, 991.0, 991.0, 990.0, 992.0, 992.0, 991.0, 991.0, 991.0, 991.0]
Is bad individual winner: 0
Is good individual winner: 1
Real fitness of best good: 994.0
Noisy fitness of best good: 994.0
Real fitness of best bad: 991.0
Noisy fitness of best bad: 992.0

l: 114
Real fitness of mutation winner: 894.0
Noisy fitness of mutation winner: 894.0
Crossover offspring real fitness: [991.0, 992.0, 992.0, 992.0, 992.0, 991.0, 990.0, 992.0, 992.0, 990.0, 993.0, 992.0, 992.0, 992.0, 991.0, 991.0, 990.0, 992.0, 990.0, 987.0, 992.0, 992.0, 992.0, 990.0, 989.0, 991.0, 990.0, 992.0, 990.0, 989.0, 992.0, 991.0, 993.0, 993.0, 990.0, 992.0, 989.0, 992.0, 992.0, 992.0, 990.0, 992.0, 991.0, 992.0, 991.0, 991.0, 992.0, 989.0, 990.0, 992.0, 992.0, 991.0, 992.0, 991.0, 991.0, 991.0, 992.0, 993.0, 993.0, 988.0, 993.0, 990.0, 992.0, 990.0, 992.0, 993.0, 990.0, 992.0, 992.0, 992.0, 991.0, 991.0, 992.0, 992.0, 993.0, 992.0, 989.0, 992.0, 991.0, 990.0, 992.0, 992.0, 991.0, 991.0, 992.0, 990.0, 991.0, 990.0, 995.0, 992.0, 992.0, 992.0, 991.0, 991.0, 991.0, 990.0, 989.0, 993.0, 991.0, 992.0, 991.0]
Crossover offspring noisy fitness: [991.0, 992.0, 992.0, 992.0, 992.0, 991.0, 990.0, 992.0, 991.0, 990.0, 993.0, 992.0, 992.0, 992.0, 991.0, 991.0, 989.0, 992.0, 990.0, 987.0, 992.0, 992.0, 992.0, 990.0, 989.0, 991.0, 990.0, 992.0, 990.0, 989.0, 992.0, 991.0, 993.0, 993.0, 990.0, 992.0, 989.0, 991.0, 992.0, 992.0, 990.0, 992.0, 991.0, 991.0, 991.0, 991.0, 992.0, 989.0, 990.0, 992.0, 992.0, 991.0, 992.0, 991.0, 991.0, 991.0, 992.0, 993.0, 993.0, 988.0, 993.0, 990.0, 992.0, 990.0, 992.0, 993.0, 990.0, 992.0, 992.0, 992.0, 991.0, 991.0, 992.0, 992.0, 993.0, 992.0, 989.0, 992.0, 991.0, 990.0, 992.0, 992.0, 991.0, 991.0, 992.0, 990.0, 991.0, 990.0, 995.0, 992.0, 992.0, 991.0, 991.0, 991.0, 991.0, 990.0, 989.0, 993.0, 991.0, 992.0, 991.0]
Is bad individual winner: 0
Is good individual winner: 1
Real fitness of best good: 995.0
Noisy fitness of best good: 995.0
Real fitness of best bad: 991.0
Noisy fitness of best bad: 991.0

l: 116
Real fitness of mutation winner: 892.0
Noisy fitness of mutation winner: 892.0
Crossover offspring real fitness: [990.0, 992.0, 991.0, 991.0, 990.0, 989.0, 991.0, 991.0, 989.0, 989.0, 989.0, 991.0, 992.0, 988.0, 991.0, 991.0, 992.0, 991.0, 992.0, 992.0, 992.0, 992.0, 992.0, 992.0, 992.0, 991.0, 992.0, 991.0, 991.0, 992.0, 993.0, 991.0, 991.0, 988.0, 991.0, 991.0, 990.0, 992.0, 990.0, 990.0, 990.0, 990.0, 992.0, 991.0, 991.0, 990.0, 990.0, 991.0, 990.0, 993.0, 990.0, 992.0, 992.0, 991.0, 992.0, 991.0, 993.0, 993.0, 992.0, 989.0, 992.0, 991.0, 991.0, 991.0, 992.0, 992.0, 991.0, 989.0, 992.0, 992.0, 991.0, 992.0, 992.0, 990.0, 991.0, 992.0, 991.0, 991.0, 990.0, 990.0, 991.0, 991.0, 992.0, 991.0, 990.0, 991.0, 992.0, 992.0, 990.0, 991.0, 992.0, 991.0, 992.0, 991.0, 987.0, 992.0, 990.0, 990.0, 991.0, 989.0, 991.0]
Crossover offspring noisy fitness: [990.0, 992.0, 991.0, 991.0, 990.0, 989.0, 991.0, 991.0, 989.0, 989.0, 989.0, 991.0, 992.0, 988.0, 990.0, 991.0, 992.0, 991.0, 992.0, 992.0, 992.0, 992.0, 992.0, 992.0, 992.0, 991.0, 992.0, 991.0, 991.0, 992.0, 993.0, 991.0, 991.0, 988.0, 991.0, 991.0, 990.0, 992.0, 990.0, 990.0, 990.0, 990.0, 992.0, 991.0, 991.0, 990.0, 990.0, 991.0, 990.0, 992.0, 990.0, 992.0, 992.0, 991.0, 992.0, 991.0, 993.0, 992.0, 991.0, 989.0, 992.0, 991.0, 991.0, 991.0, 992.0, 992.0, 991.0, 989.0, 992.0, 992.0, 991.0, 992.0, 992.0, 990.0, 990.0, 992.0, 991.0, 991.0, 990.0, 990.0, 991.0, 991.0, 992.0, 991.0, 990.0, 991.0, 992.0, 992.0, 990.0, 991.0, 992.0, 991.0, 992.0, 991.0, 987.0, 992.0, 990.0, 989.0, 991.0, 989.0, 991.0]
Is bad individual winner: 0
Is good individual winner: 1
Real fitness of best good: 993.0
Noisy fitness of best good: 993.0
Real fitness of best bad: 991.0
Noisy fitness of best bad: 991.0

l: 100
Real fitness of mutation winner: 906.0
Noisy fitness of mutation winner: 906.0
Crossover offspring real fitness: [991.0, 991.0, 990.0, 991.0, 992.0, 990.0, 992.0, 992.0, 992.0, 990.0, 992.0, 992.0, 992.0, 991.0, 991.0, 992.0, 991.0, 991.0, 991.0, 989.0, 992.0, 991.0, 991.0, 992.0, 992.0, 989.0, 990.0, 991.0, 991.0, 990.0, 992.0, 990.0, 992.0, 992.0, 989.0, 990.0, 991.0, 990.0, 992.0, 991.0, 991.0, 990.0, 992.0, 992.0, 992.0, 991.0, 992.0, 992.0, 989.0, 992.0, 991.0, 992.0, 992.0, 991.0, 991.0, 990.0, 992.0, 990.0, 992.0, 990.0, 992.0, 992.0, 992.0, 992.0, 991.0, 992.0, 991.0, 991.0, 990.0, 992.0, 991.0, 990.0, 989.0, 992.0, 992.0, 992.0, 990.0, 991.0, 992.0, 991.0, 991.0, 991.0, 991.0, 992.0, 989.0, 992.0, 992.0, 991.0, 991.0, 990.0, 992.0, 991.0, 989.0, 992.0, 992.0, 991.0, 990.0, 992.0, 992.0, 992.0, 992.0]
Crossover offspring noisy fitness: [991.0, 991.0, 990.0, 991.0, 992.0, 990.0, 992.0, 992.0, 992.0, 990.0, 992.0, 992.0, 992.0, 991.0, 991.0, 992.0, 991.0, 991.0, 991.0, 989.0, 992.0, 991.0, 991.0, 992.0, 992.0, 989.0, 990.0, 991.0, 991.0, 990.0, 992.0, 990.0, 992.0, 991.0, 989.0, 990.0, 991.0, 990.0, 992.0, 991.0, 991.0, 990.0, 992.0, 992.0, 992.0, 991.0, 992.0, 992.0, 989.0, 992.0, 991.0, 991.0, 992.0, 991.0, 991.0, 990.0, 992.0, 990.0, 992.0, 990.0, 992.0, 992.0, 992.0, 992.0, 991.0, 992.0, 991.0, 991.0, 990.0, 992.0, 991.0, 990.0, 988.0, 992.0, 992.0, 992.0, 990.0, 990.0, 992.0, 991.0, 991.0, 991.0, 991.0, 992.0, 988.0, 992.0, 992.0, 990.0, 991.0, 990.0, 992.0, 991.0, 989.0, 992.0, 992.0, 991.0, 990.0, 992.0, 992.0, 992.0, 992.0]
Is bad individual winner: 0
Is good individual winner: 0
Real fitness of best good: 992.0
Noisy fitness of best good: 992.0
Real fitness of best bad: 991.0
Noisy fitness of best bad: 991.0

l: 84
Real fitness of mutation winner: 918.0
Noisy fitness of mutation winner: 918.0
Crossover offspring real fitness: [992.0, 992.0, 992.0, 989.0, 992.0, 990.0, 991.0, 991.0, 991.0, 991.0, 991.0, 990.0, 991.0, 991.0, 990.0, 991.0, 991.0, 992.0, 991.0, 992.0, 992.0, 992.0, 992.0, 991.0, 993.0, 991.0, 991.0, 991.0, 991.0, 990.0, 992.0, 992.0, 991.0, 991.0, 991.0, 992.0, 990.0, 990.0, 992.0, 991.0, 990.0, 992.0, 991.0, 992.0, 991.0, 992.0, 990.0, 991.0, 992.0, 991.0, 991.0, 992.0, 991.0, 992.0, 991.0, 991.0, 990.0, 992.0, 989.0, 992.0, 992.0, 990.0, 992.0, 992.0, 992.0, 991.0, 992.0, 991.0, 992.0, 991.0, 990.0, 992.0, 991.0, 989.0, 991.0, 992.0, 992.0, 992.0, 991.0, 993.0, 991.0, 991.0, 992.0, 992.0, 992.0, 990.0, 990.0, 993.0, 992.0, 992.0, 992.0, 992.0, 990.0, 990.0, 990.0, 989.0, 992.0, 992.0, 993.0, 992.0, 991.0]
Crossover offspring noisy fitness: [992.0, 992.0, 992.0, 989.0, 992.0, 990.0, 991.0, 991.0, 991.0, 991.0, 990.0, 990.0, 991.0, 991.0, 990.0, 991.0, 991.0, 992.0, 991.0, 992.0, 992.0, 992.0, 992.0, 991.0, 993.0, 991.0, 991.0, 990.0, 991.0, 990.0, 992.0, 992.0, 991.0, 991.0, 991.0, 992.0, 990.0, 990.0, 992.0, 991.0, 990.0, 992.0, 991.0, 992.0, 990.0, 992.0, 990.0, 991.0, 992.0, 991.0, 991.0, 992.0, 991.0, 992.0, 991.0, 991.0, 990.0, 992.0, 989.0, 992.0, 992.0, 990.0, 992.0, 992.0, 992.0, 991.0, 992.0, 991.0, 992.0, 991.0, 989.0, 992.0, 991.0, 989.0, 992.0, 992.0, 992.0, 992.0, 991.0, 992.0, 991.0, 991.0, 992.0, 992.0, 992.0, 990.0, 990.0, 993.0, 992.0, 992.0, 992.0, 992.0, 990.0, 990.0, 990.0, 989.0, 992.0, 992.0, 993.0, 992.0, 991.0]
Is bad individual winner: 0
Is good individual winner: 1
Real fitness of best good: 993.0
Noisy fitness of best good: 993.0
Real fitness of best bad: 991.0
Noisy fitness of best bad: 992.0

