l: 110
Real fitness of mutation winner: 900.0
Noisy fitness of mutation winner: 900.0
Crossover offspring real fitness: [992.0, 992.0, 991.0, 991.0, 991.0, 991.0, 990.0, 992.0, 990.0, 991.0, 992.0, 992.0, 992.0, 992.0, 991.0, 992.0, 992.0, 991.0, 991.0, 992.0, 992.0, 990.0, 992.0, 992.0, 991.0, 991.0, 991.0, 991.0, 991.0, 991.0, 990.0, 991.0, 990.0, 990.0, 990.0, 990.0, 992.0, 992.0, 991.0, 989.0, 991.0, 992.0, 991.0, 991.0, 992.0, 992.0, 992.0, 992.0, 993.0, 991.0, 990.0, 991.0, 992.0, 991.0, 992.0, 992.0, 991.0, 990.0, 991.0, 992.0, 991.0, 990.0, 992.0, 990.0, 990.0, 992.0, 990.0, 992.0, 992.0, 990.0, 992.0, 989.0, 992.0, 991.0, 989.0, 992.0, 990.0, 991.0, 992.0, 991.0, 992.0, 990.0, 991.0, 991.0, 992.0, 991.0, 992.0, 992.0, 991.0, 992.0, 990.0, 991.0, 992.0, 991.0, 991.0, 991.0, 992.0, 991.0, 991.0, 990.0, 991.0]
Crossover offspring noisy fitness: [992.0, 992.0, 991.0, 991.0, 991.0, 991.0, 990.0, 992.0, 990.0, 991.0, 992.0, 992.0, 992.0, 992.0, 991.0, 992.0, 992.0, 990.0, 991.0, 992.0, 992.0, 990.0, 991.0, 992.0, 991.0, 991.0, 991.0, 991.0, 991.0, 991.0, 990.0, 991.0, 990.0, 990.0, 990.0, 990.0, 992.0, 992.0, 991.0, 989.0, 991.0, 992.0, 991.0, 991.0, 992.0, 992.0, 992.0, 992.0, 993.0, 991.0, 990.0, 991.0, 992.0, 991.0, 992.0, 992.0, 991.0, 990.0, 991.0, 992.0, 991.0, 990.0, 992.0, 990.0, 990.0, 992.0, 990.0, 992.0, 992.0, 990.0, 992.0, 989.0, 992.0, 991.0, 989.0, 992.0, 990.0, 991.0, 992.0, 991.0, 992.0, 990.0, 991.0, 991.0, 992.0, 991.0, 992.0, 992.0, 990.0, 992.0, 990.0, 991.0, 992.0, 991.0, 991.0, 991.0, 992.0, 991.0, 991.0, 990.0, 991.0]
Is bad individual winner: 0
Is good individual winner: 1
Real fitness of best good: 993.0
Noisy fitness of best good: 993.0
Real fitness of best bad: 991.0
Noisy fitness of best bad: 991.0

l: 100
Real fitness of mutation winner: 914.0
Noisy fitness of mutation winner: 914.0
Crossover offspring real fitness: [991.0, 990.0, 991.0, 990.0, 992.0, 991.0, 990.0, 990.0, 992.0, 992.0, 989.0, 990.0, 991.0, 990.0, 990.0, 991.0, 992.0, 989.0, 993.0, 993.0, 991.0, 991.0, 991.0, 991.0, 991.0, 991.0, 991.0, 992.0, 991.0, 991.0, 990.0, 991.0, 992.0, 992.0, 991.0, 991.0, 991.0, 992.0, 990.0, 991.0, 989.0, 992.0, 992.0, 993.0, 992.0, 992.0, 991.0, 989.0, 989.0, 992.0, 992.0, 992.0, 992.0, 992.0, 991.0, 990.0, 992.0, 991.0, 990.0, 993.0, 991.0, 990.0, 991.0, 992.0, 990.0, 992.0, 987.0, 991.0, 993.0, 992.0, 990.0, 992.0, 990.0, 990.0, 992.0, 990.0, 992.0, 991.0, 992.0, 992.0, 992.0, 990.0, 992.0, 993.0, 992.0, 992.0, 992.0, 989.0, 992.0, 991.0, 992.0, 991.0, 991.0, 992.0, 991.0, 991.0, 992.0, 990.0, 991.0, 990.0, 990.0]
Crossover offspring noisy fitness: [991.0, 990.0, 991.0, 990.0, 992.0, 991.0, 990.0, 990.0, 992.0, 992.0, 989.0, 990.0, 991.0, 990.0, 990.0, 991.0, 992.0, 989.0, 993.0, 993.0, 991.0, 991.0, 991.0, 991.0, 991.0, 991.0, 991.0, 992.0, 990.0, 991.0, 990.0, 991.0, 992.0, 992.0, 991.0, 991.0, 990.0, 992.0, 989.0, 991.0, 989.0, 992.0, 992.0, 993.0, 992.0, 992.0, 991.0, 989.0, 989.0, 992.0, 992.0, 992.0, 992.0, 992.0, 991.0, 990.0, 992.0, 991.0, 990.0, 993.0, 991.0, 990.0, 991.0, 992.0, 990.0, 992.0, 987.0, 991.0, 993.0, 991.0, 990.0, 992.0, 990.0, 990.0, 992.0, 990.0, 992.0, 991.0, 992.0, 992.0, 992.0, 990.0, 992.0, 993.0, 992.0, 992.0, 992.0, 989.0, 992.0, 991.0, 992.0, 991.0, 991.0, 992.0, 991.0, 990.0, 992.0, 990.0, 991.0, 990.0, 990.0]
Is bad individual winner: 0
Is good individual winner: 1
Real fitness of best good: 993.0
Noisy fitness of best good: 993.0
Real fitness of best bad: 991.0
Noisy fitness of best bad: 991.0

l: 94
Real fitness of mutation winner: 916.0
Noisy fitness of mutation winner: 916.0
Crossover offspring real fitness: [991.0, 992.0, 992.0, 992.0, 992.0, 992.0, 990.0, 991.0, 991.0, 992.0, 992.0, 992.0, 992.0, 991.0, 991.0, 992.0, 992.0, 991.0, 992.0, 992.0, 991.0, 993.0, 991.0, 990.0, 991.0, 991.0, 991.0, 992.0, 992.0, 991.0, 991.0, 991.0, 992.0, 990.0, 990.0, 991.0, 989.0, 992.0, 991.0, 992.0, 991.0, 991.0, 992.0, 992.0, 991.0, 992.0, 992.0, 990.0, 992.0, 989.0, 992.0, 992.0, 992.0, 991.0, 991.0, 992.0, 990.0, 991.0, 990.0, 990.0, 989.0, 991.0, 990.0, 989.0, 992.0, 992.0, 990.0, 991.0, 992.0, 991.0, 991.0, 992.0, 989.0, 992.0, 992.0, 989.0, 992.0, 991.0, 991.0, 989.0, 992.0, 991.0, 992.0, 992.0, 992.0, 991.0, 988.0, 992.0, 992.0, 992.0, 991.0, 991.0, 992.0, 990.0, 992.0, 992.0, 991.0, 991.0, 992.0, 991.0, 991.0]
Crossover offspring noisy fitness: [991.0, 992.0, 992.0, 992.0, 992.0, 992.0, 990.0, 990.0, 991.0, 992.0, 992.0, 992.0, 992.0, 991.0, 991.0, 992.0, 992.0, 991.0, 992.0, 992.0, 991.0, 992.0, 991.0, 990.0, 991.0, 991.0, 991.0, 991.0, 992.0, 991.0, 991.0, 991.0, 992.0, 990.0, 990.0, 991.0, 989.0, 992.0, 991.0, 992.0, 991.0, 991.0, 992.0, 992.0, 991.0, 992.0, 992.0, 989.0, 992.0, 989.0, 992.0, 992.0, 992.0, 991.0, 991.0, 992.0, 990.0, 991.0, 990.0, 990.0, 989.0, 991.0, 990.0, 989.0, 992.0, 992.0, 990.0, 991.0, 992.0, 991.0, 991.0, 991.0, 989.0, 992.0, 991.0, 989.0, 992.0, 991.0, 991.0, 989.0, 992.0, 991.0, 992.0, 992.0, 992.0, 991.0, 988.0, 991.0, 991.0, 992.0, 991.0, 991.0, 992.0, 990.0, 991.0, 992.0, 991.0, 990.0, 992.0, 990.0, 991.0]
Is bad individual winner: 0
Is good individual winner: 0
Real fitness of best good: 993.0
Noisy fitness of best good: 992.0
Real fitness of best bad: 991.0
Noisy fitness of best bad: 991.0

l: 105
Real fitness of mutation winner: 903.0
Noisy fitness of mutation winner: 903.0
Crossover offspring real fitness: [989.0, 991.0, 991.0, 991.0, 992.0, 992.0, 990.0, 991.0, 990.0, 991.0, 992.0, 991.0, 991.0, 992.0, 992.0, 992.0, 992.0, 992.0, 989.0, 993.0, 989.0, 992.0, 991.0, 991.0, 991.0, 991.0, 990.0, 991.0, 991.0, 991.0, 991.0, 992.0, 992.0, 992.0, 991.0, 992.0, 992.0, 992.0, 990.0, 993.0, 991.0, 992.0, 990.0, 990.0, 992.0, 992.0, 992.0, 991.0, 992.0, 991.0, 990.0, 992.0, 991.0, 992.0, 992.0, 992.0, 990.0, 993.0, 992.0, 992.0, 991.0, 992.0, 991.0, 992.0, 992.0, 991.0, 988.0, 992.0, 992.0, 990.0, 990.0, 991.0, 992.0, 991.0, 992.0, 992.0, 989.0, 991.0, 991.0, 992.0, 991.0, 991.0, 990.0, 990.0, 992.0, 990.0, 990.0, 991.0, 990.0, 991.0, 990.0, 993.0, 992.0, 991.0, 991.0, 991.0, 992.0, 992.0, 991.0, 991.0, 993.0]
Crossover offspring noisy fitness: [989.0, 991.0, 991.0, 991.0, 992.0, 992.0, 990.0, 991.0, 990.0, 991.0, 992.0, 991.0, 991.0, 992.0, 992.0, 992.0, 992.0, 992.0, 989.0, 993.0, 989.0, 992.0, 991.0, 991.0, 991.0, 991.0, 990.0, 990.0, 991.0, 991.0, 991.0, 992.0, 992.0, 992.0, 991.0, 992.0, 992.0, 992.0, 990.0, 993.0, 991.0, 992.0, 990.0, 990.0, 992.0, 992.0, 992.0, 991.0, 992.0, 991.0, 990.0, 992.0, 991.0, 992.0, 992.0, 992.0, 990.0, 993.0, 992.0, 992.0, 991.0, 992.0, 991.0, 992.0, 992.0, 991.0, 988.0, 992.0, 992.0, 990.0, 990.0, 991.0, 992.0, 991.0, 992.0, 992.0, 988.0, 991.0, 990.0, 992.0, 990.0, 991.0, 990.0, 990.0, 990.0, 990.0, 990.0, 991.0, 990.0, 991.0, 990.0, 993.0, 992.0, 991.0, 991.0, 991.0, 992.0, 992.0, 991.0, 991.0, 992.0]
Is bad individual winner: 0
Is good individual winner: 1
Real fitness of best good: 993.0
Noisy fitness of best good: 993.0
Real fitness of best bad: 991.0
Noisy fitness of best bad: 991.0

l: 83
Real fitness of mutation winner: 921.0
Noisy fitness of mutation winner: 920.0
Crossover offspring real fitness: [989.0, 993.0, 992.0, 992.0, 992.0, 991.0, 992.0, 993.0, 991.0, 991.0, 992.0, 990.0, 991.0, 991.0, 992.0, 990.0, 992.0, 992.0, 992.0, 992.0, 991.0, 991.0, 991.0, 990.0, 991.0, 990.0, 991.0, 992.0, 990.0, 991.0, 992.0, 992.0, 990.0, 990.0, 992.0, 991.0, 992.0, 992.0, 991.0, 991.0, 992.0, 992.0, 992.0, 992.0, 992.0, 992.0, 992.0, 992.0, 992.0, 991.0, 988.0, 992.0, 990.0, 990.0, 991.0, 989.0, 991.0, 990.0, 991.0, 991.0, 993.0, 990.0, 990.0, 992.0, 992.0, 990.0, 992.0, 992.0, 992.0, 991.0, 991.0, 990.0, 992.0, 992.0, 991.0, 991.0, 992.0, 991.0, 991.0, 991.0, 992.0, 991.0, 992.0, 991.0, 991.0, 991.0, 992.0, 992.0, 992.0, 990.0, 991.0, 992.0, 991.0, 992.0, 992.0, 991.0, 992.0, 991.0, 991.0, 993.0, 991.0]
Crossover offspring noisy fitness: [989.0, 993.0, 992.0, 992.0, 992.0, 991.0, 992.0, 993.0, 991.0, 991.0, 992.0, 990.0, 991.0, 991.0, 992.0, 989.0, 992.0, 992.0, 992.0, 992.0, 991.0, 991.0, 991.0, 990.0, 991.0, 990.0, 990.0, 992.0, 990.0, 991.0, 992.0, 992.0, 990.0, 989.0, 992.0, 991.0, 992.0, 992.0, 991.0, 991.0, 992.0, 992.0, 992.0, 992.0, 992.0, 992.0, 992.0, 992.0, 992.0, 991.0, 988.0, 992.0, 990.0, 990.0, 991.0, 989.0, 991.0, 990.0, 991.0, 991.0, 993.0, 990.0, 990.0, 992.0, 992.0, 990.0, 992.0, 992.0, 992.0, 991.0, 991.0, 990.0, 992.0, 992.0, 991.0, 991.0, 992.0, 991.0, 991.0, 991.0, 992.0, 991.0, 991.0, 991.0, 991.0, 991.0, 992.0, 992.0, 992.0, 990.0, 991.0, 992.0, 991.0, 992.0, 992.0, 991.0, 992.0, 991.0, 991.0, 993.0, 991.0]
Is bad individual winner: 0
Is good individual winner: 1
Real fitness of best good: 993.0
Noisy fitness of best good: 993.0
Real fitness of best bad: 991.0
Noisy fitness of best bad: 991.0

l: 86
Real fitness of mutation winner: 920.0
Noisy fitness of mutation winner: 920.0
Crossover offspring real fitness: [991.0, 992.0, 992.0, 992.0, 991.0, 991.0, 992.0, 992.0, 989.0, 991.0, 990.0, 992.0, 993.0, 992.0, 991.0, 991.0, 992.0, 992.0, 993.0, 992.0, 993.0, 992.0, 990.0, 992.0, 992.0, 992.0, 990.0, 992.0, 991.0, 991.0, 991.0, 990.0, 992.0, 990.0, 993.0, 989.0, 992.0, 992.0, 993.0, 992.0, 991.0, 991.0, 991.0, 991.0, 992.0, 991.0, 992.0, 991.0, 991.0, 992.0, 992.0, 992.0, 991.0, 991.0, 991.0, 991.0, 992.0, 992.0, 991.0, 990.0, 992.0, 991.0, 989.0, 992.0, 991.0, 992.0, 991.0, 992.0, 990.0, 992.0, 990.0, 990.0, 991.0, 991.0, 991.0, 991.0, 991.0, 991.0, 990.0, 993.0, 989.0, 990.0, 992.0, 991.0, 992.0, 992.0, 989.0, 991.0, 991.0, 992.0, 992.0, 991.0, 992.0, 993.0, 991.0, 992.0, 991.0, 992.0, 992.0, 992.0, 992.0]
Crossover offspring noisy fitness: [991.0, 992.0, 992.0, 992.0, 991.0, 991.0, 991.0, 992.0, 989.0, 991.0, 991.0, 992.0, 993.0, 992.0, 991.0, 991.0, 992.0, 992.0, 993.0, 992.0, 993.0, 991.0, 990.0, 992.0, 992.0, 992.0, 990.0, 992.0, 991.0, 991.0, 991.0, 990.0, 992.0, 990.0, 993.0, 989.0, 992.0, 992.0, 993.0, 992.0, 991.0, 991.0, 990.0, 991.0, 992.0, 991.0, 992.0, 991.0, 991.0, 992.0, 992.0, 992.0, 991.0, 991.0, 991.0, 991.0, 992.0, 992.0, 991.0, 990.0, 992.0, 991.0, 989.0, 992.0, 991.0, 992.0, 990.0, 992.0, 990.0, 992.0, 990.0, 990.0, 991.0, 991.0, 991.0, 991.0, 991.0, 990.0, 990.0, 993.0, 989.0, 988.0, 992.0, 991.0, 992.0, 992.0, 989.0, 991.0, 991.0, 992.0, 992.0, 991.0, 992.0, 993.0, 991.0, 992.0, 991.0, 992.0, 992.0, 992.0, 991.0]
Is bad individual winner: 0
Is good individual winner: 1
Real fitness of best good: 993.0
Noisy fitness of best good: 993.0
Real fitness of best bad: 991.0
Noisy fitness of best bad: 991.0

l: 94
Real fitness of mutation winner: 912.0
Noisy fitness of mutation winner: 912.0
Crossover offspring real fitness: [993.0, 991.0, 991.0, 991.0, 991.0, 990.0, 991.0, 991.0, 992.0, 992.0, 992.0, 992.0, 991.0, 992.0, 990.0, 992.0, 992.0, 992.0, 992.0, 991.0, 992.0, 991.0, 990.0, 992.0, 991.0, 988.0, 991.0, 992.0, 991.0, 992.0, 990.0, 991.0, 992.0, 991.0, 991.0, 990.0, 992.0, 992.0, 991.0, 991.0, 992.0, 992.0, 991.0, 992.0, 991.0, 989.0, 991.0, 991.0, 992.0, 991.0, 992.0, 990.0, 992.0, 991.0, 989.0, 992.0, 990.0, 991.0, 992.0, 992.0, 990.0, 991.0, 992.0, 992.0, 991.0, 990.0, 990.0, 992.0, 992.0, 992.0, 990.0, 991.0, 992.0, 991.0, 992.0, 990.0, 991.0, 991.0, 992.0, 992.0, 991.0, 992.0, 992.0, 990.0, 991.0, 991.0, 992.0, 990.0, 990.0, 990.0, 991.0, 992.0, 992.0, 992.0, 991.0, 991.0, 992.0, 992.0, 993.0, 992.0, 991.0]
Crossover offspring noisy fitness: [993.0, 991.0, 991.0, 991.0, 991.0, 990.0, 991.0, 991.0, 992.0, 992.0, 992.0, 992.0, 991.0, 992.0, 990.0, 992.0, 992.0, 992.0, 991.0, 991.0, 992.0, 991.0, 990.0, 992.0, 991.0, 988.0, 990.0, 992.0, 991.0, 992.0, 989.0, 991.0, 992.0, 991.0, 990.0, 990.0, 992.0, 992.0, 991.0, 991.0, 992.0, 992.0, 991.0, 992.0, 991.0, 989.0, 991.0, 991.0, 992.0, 991.0, 992.0, 990.0, 992.0, 991.0, 989.0, 992.0, 990.0, 991.0, 992.0, 992.0, 989.0, 991.0, 992.0, 992.0, 991.0, 990.0, 990.0, 992.0, 992.0, 992.0, 990.0, 990.0, 992.0, 991.0, 992.0, 990.0, 991.0, 991.0, 992.0, 992.0, 991.0, 992.0, 992.0, 990.0, 991.0, 991.0, 992.0, 990.0, 990.0, 989.0, 991.0, 991.0, 992.0, 992.0, 991.0, 991.0, 992.0, 992.0, 992.0, 992.0, 991.0]
Is bad individual winner: 0
Is good individual winner: 1
Real fitness of best good: 993.0
Noisy fitness of best good: 993.0
Real fitness of best bad: 991.0
Noisy fitness of best bad: 991.0

l: 84
Real fitness of mutation winner: 922.0
Noisy fitness of mutation winner: 922.0
Crossover offspring real fitness: [990.0, 992.0, 992.0, 991.0, 989.0, 992.0, 992.0, 992.0, 992.0, 991.0, 990.0, 992.0, 992.0, 991.0, 992.0, 991.0, 992.0, 991.0, 990.0, 991.0, 992.0, 992.0, 991.0, 993.0, 991.0, 992.0, 991.0, 991.0, 992.0, 992.0, 992.0, 992.0, 991.0, 992.0, 991.0, 992.0, 992.0, 992.0, 992.0, 989.0, 990.0, 990.0, 992.0, 991.0, 991.0, 992.0, 991.0, 992.0, 992.0, 992.0, 991.0, 992.0, 991.0, 991.0, 991.0, 992.0, 992.0, 992.0, 992.0, 991.0, 991.0, 992.0, 991.0, 991.0, 991.0, 993.0, 990.0, 990.0, 992.0, 990.0, 991.0, 991.0, 990.0, 991.0, 992.0, 992.0, 992.0, 990.0, 991.0, 990.0, 992.0, 991.0, 991.0, 991.0, 991.0, 992.0, 990.0, 992.0, 992.0, 992.0, 992.0, 991.0, 992.0, 991.0, 992.0, 992.0, 992.0, 991.0, 992.0, 990.0, 991.0]
Crossover offspring noisy fitness: [990.0, 992.0, 992.0, 991.0, 989.0, 992.0, 992.0, 992.0, 992.0, 991.0, 990.0, 992.0, 992.0, 991.0, 992.0, 991.0, 992.0, 990.0, 990.0, 991.0, 992.0, 992.0, 991.0, 993.0, 991.0, 992.0, 991.0, 991.0, 992.0, 992.0, 991.0, 991.0, 991.0, 992.0, 991.0, 992.0, 992.0, 992.0, 992.0, 989.0, 990.0, 990.0, 992.0, 991.0, 991.0, 992.0, 991.0, 992.0, 992.0, 992.0, 991.0, 992.0, 991.0, 991.0, 991.0, 992.0, 992.0, 992.0, 992.0, 991.0, 991.0, 992.0, 991.0, 991.0, 991.0, 993.0, 990.0, 990.0, 992.0, 990.0, 991.0, 990.0, 990.0, 991.0, 992.0, 992.0, 992.0, 990.0, 991.0, 990.0, 992.0, 991.0, 991.0, 991.0, 991.0, 992.0, 990.0, 992.0, 992.0, 992.0, 992.0, 991.0, 992.0, 991.0, 992.0, 992.0, 992.0, 991.0, 992.0, 990.0, 991.0]
Is bad individual winner: 0
Is good individual winner: 1
Real fitness of best good: 993.0
Noisy fitness of best good: 993.0
Real fitness of best bad: 991.0
Noisy fitness of best bad: 991.0

l: 95
Real fitness of mutation winner: 915.0
Noisy fitness of mutation winner: 915.0
Crossover offspring real fitness: [992.0, 992.0, 992.0, 991.0, 992.0, 992.0, 991.0, 991.0, 991.0, 991.0, 991.0, 990.0, 992.0, 991.0, 991.0, 991.0, 991.0, 990.0, 992.0, 992.0, 991.0, 991.0, 992.0, 992.0, 992.0, 992.0, 990.0, 991.0, 991.0, 990.0, 990.0, 990.0, 990.0, 991.0, 991.0, 991.0, 992.0, 992.0, 992.0, 991.0, 992.0, 990.0, 992.0, 992.0, 990.0, 992.0, 992.0, 992.0, 991.0, 989.0, 992.0, 992.0, 993.0, 991.0, 992.0, 992.0, 992.0, 990.0, 991.0, 990.0, 992.0, 991.0, 991.0, 992.0, 991.0, 991.0, 992.0, 991.0, 992.0, 991.0, 992.0, 990.0, 990.0, 992.0, 991.0, 992.0, 991.0, 991.0, 990.0, 991.0, 990.0, 992.0, 993.0, 992.0, 991.0, 992.0, 991.0, 991.0, 991.0, 991.0, 991.0, 992.0, 990.0, 991.0, 991.0, 992.0, 991.0, 992.0, 990.0, 992.0, 990.0]
Crossover offspring noisy fitness: [992.0, 992.0, 992.0, 991.0, 992.0, 992.0, 991.0, 990.0, 991.0, 991.0, 991.0, 990.0, 992.0, 991.0, 990.0, 991.0, 991.0, 990.0, 992.0, 992.0, 990.0, 991.0, 992.0, 992.0, 992.0, 992.0, 990.0, 991.0, 991.0, 990.0, 990.0, 990.0, 990.0, 991.0, 991.0, 991.0, 992.0, 992.0, 991.0, 991.0, 992.0, 990.0, 992.0, 992.0, 990.0, 992.0, 992.0, 992.0, 991.0, 989.0, 992.0, 992.0, 993.0, 991.0, 992.0, 992.0, 992.0, 990.0, 991.0, 989.0, 992.0, 991.0, 991.0, 992.0, 991.0, 991.0, 992.0, 991.0, 992.0, 991.0, 992.0, 990.0, 990.0, 992.0, 991.0, 992.0, 991.0, 991.0, 990.0, 991.0, 990.0, 992.0, 993.0, 992.0, 991.0, 992.0, 991.0, 991.0, 991.0, 990.0, 991.0, 992.0, 990.0, 991.0, 991.0, 992.0, 991.0, 992.0, 990.0, 992.0, 990.0]
Is bad individual winner: 0
Is good individual winner: 1
Real fitness of best good: 993.0
Noisy fitness of best good: 993.0
Real fitness of best bad: 991.0
Noisy fitness of best bad: 991.0

l: 86
Real fitness of mutation winner: 918.0
Noisy fitness of mutation winner: 918.0
Crossover offspring real fitness: [991.0, 991.0, 991.0, 991.0, 992.0, 992.0, 992.0, 991.0, 991.0, 992.0, 991.0, 991.0, 992.0, 991.0, 992.0, 992.0, 992.0, 992.0, 992.0, 992.0, 992.0, 992.0, 990.0, 992.0, 992.0, 992.0, 992.0, 992.0, 992.0, 992.0, 990.0, 991.0, 992.0, 992.0, 992.0, 992.0, 991.0, 991.0, 991.0, 992.0, 992.0, 991.0, 992.0, 990.0, 991.0, 992.0, 991.0, 991.0, 992.0, 991.0, 990.0, 991.0, 991.0, 991.0, 991.0, 992.0, 992.0, 992.0, 991.0, 992.0, 991.0, 991.0, 992.0, 992.0, 992.0, 991.0, 991.0, 991.0, 992.0, 991.0, 991.0, 991.0, 990.0, 992.0, 992.0, 992.0, 992.0, 991.0, 991.0, 992.0, 991.0, 992.0, 991.0, 991.0, 992.0, 991.0, 992.0, 992.0, 990.0, 992.0, 992.0, 992.0, 992.0, 991.0, 991.0, 991.0, 991.0, 990.0, 990.0, 990.0, 991.0]
Crossover offspring noisy fitness: [991.0, 991.0, 991.0, 991.0, 992.0, 991.0, 992.0, 991.0, 991.0, 992.0, 991.0, 991.0, 991.0, 991.0, 992.0, 992.0, 992.0, 992.0, 992.0, 992.0, 992.0, 992.0, 990.0, 992.0, 992.0, 992.0, 992.0, 991.0, 992.0, 992.0, 990.0, 991.0, 992.0, 992.0, 992.0, 992.0, 991.0, 990.0, 991.0, 992.0, 992.0, 991.0, 992.0, 990.0, 991.0, 992.0, 991.0, 991.0, 992.0, 991.0, 990.0, 991.0, 991.0, 991.0, 991.0, 992.0, 992.0, 992.0, 991.0, 991.0, 991.0, 991.0, 992.0, 991.0, 992.0, 991.0, 991.0, 991.0, 992.0, 991.0, 991.0, 991.0, 990.0, 992.0, 992.0, 992.0, 992.0, 991.0, 991.0, 992.0, 991.0, 992.0, 991.0, 991.0, 992.0, 991.0, 992.0, 992.0, 990.0, 992.0, 992.0, 992.0, 992.0, 991.0, 991.0, 991.0, 991.0, 990.0, 990.0, 990.0, 991.0]
Is bad individual winner: 0
Is good individual winner: 0
Real fitness of best good: 992.0
Noisy fitness of best good: 992.0
Real fitness of best bad: 991.0
Noisy fitness of best bad: 991.0

l: 94
Real fitness of mutation winner: 916.0
Noisy fitness of mutation winner: 916.0
Crossover offspring real fitness: [991.0, 993.0, 991.0, 989.0, 992.0, 992.0, 992.0, 991.0, 990.0, 992.0, 991.0, 990.0, 992.0, 992.0, 992.0, 991.0, 992.0, 991.0, 992.0, 991.0, 990.0, 992.0, 991.0, 991.0, 992.0, 992.0, 991.0, 992.0, 992.0, 992.0, 991.0, 991.0, 990.0, 991.0, 992.0, 992.0, 993.0, 993.0, 991.0, 991.0, 992.0, 990.0, 992.0, 992.0, 991.0, 991.0, 991.0, 991.0, 991.0, 988.0, 990.0, 990.0, 991.0, 992.0, 991.0, 990.0, 991.0, 992.0, 993.0, 992.0, 993.0, 992.0, 992.0, 992.0, 990.0, 991.0, 992.0, 990.0, 992.0, 991.0, 990.0, 993.0, 992.0, 991.0, 992.0, 991.0, 990.0, 991.0, 990.0, 992.0, 992.0, 992.0, 992.0, 989.0, 989.0, 991.0, 990.0, 992.0, 992.0, 992.0, 992.0, 992.0, 989.0, 990.0, 989.0, 992.0, 991.0, 993.0, 991.0, 992.0, 992.0]
Crossover offspring noisy fitness: [991.0, 993.0, 991.0, 989.0, 992.0, 992.0, 992.0, 991.0, 990.0, 992.0, 991.0, 990.0, 992.0, 992.0, 992.0, 991.0, 992.0, 991.0, 992.0, 991.0, 990.0, 991.0, 991.0, 991.0, 992.0, 992.0, 991.0, 992.0, 992.0, 992.0, 991.0, 991.0, 990.0, 991.0, 992.0, 992.0, 993.0, 993.0, 991.0, 991.0, 992.0, 990.0, 992.0, 992.0, 991.0, 991.0, 991.0, 991.0, 991.0, 988.0, 990.0, 990.0, 991.0, 992.0, 991.0, 990.0, 991.0, 992.0, 993.0, 992.0, 993.0, 992.0, 992.0, 992.0, 990.0, 991.0, 991.0, 990.0, 992.0, 991.0, 990.0, 993.0, 992.0, 991.0, 992.0, 990.0, 990.0, 991.0, 990.0, 992.0, 992.0, 992.0, 992.0, 989.0, 989.0, 991.0, 990.0, 992.0, 992.0, 992.0, 993.0, 992.0, 989.0, 990.0, 989.0, 992.0, 991.0, 992.0, 991.0, 992.0, 992.0]
Is bad individual winner: 0
Is good individual winner: 1
Real fitness of best good: 993.0
Noisy fitness of best good: 993.0
Real fitness of best bad: 991.0
Noisy fitness of best bad: 991.0

l: 105
Real fitness of mutation winner: 909.0
Noisy fitness of mutation winner: 909.0
Crossover offspring real fitness: [992.0, 991.0, 990.0, 992.0, 991.0, 990.0, 991.0, 991.0, 991.0, 991.0, 991.0, 991.0, 992.0, 992.0, 990.0, 992.0, 992.0, 991.0, 992.0, 992.0, 992.0, 992.0, 991.0, 991.0, 992.0, 992.0, 991.0, 990.0, 992.0, 991.0, 990.0, 991.0, 992.0, 992.0, 988.0, 992.0, 992.0, 990.0, 991.0, 992.0, 990.0, 990.0, 992.0, 992.0, 991.0, 990.0, 989.0, 988.0, 991.0, 992.0, 991.0, 992.0, 992.0, 992.0, 992.0, 990.0, 992.0, 989.0, 991.0, 991.0, 992.0, 992.0, 992.0, 993.0, 992.0, 992.0, 991.0, 991.0, 989.0, 991.0, 992.0, 987.0, 992.0, 989.0, 992.0, 992.0, 990.0, 990.0, 992.0, 991.0, 990.0, 992.0, 989.0, 990.0, 992.0, 990.0, 990.0, 991.0, 992.0, 992.0, 992.0, 991.0, 992.0, 992.0, 992.0, 992.0, 992.0, 992.0, 991.0, 990.0, 990.0]
Crossover offspring noisy fitness: [992.0, 991.0, 990.0, 992.0, 991.0, 990.0, 991.0, 991.0, 991.0, 991.0, 991.0, 991.0, 992.0, 991.0, 990.0, 992.0, 992.0, 991.0, 992.0, 992.0, 992.0, 992.0, 991.0, 991.0, 992.0, 992.0, 991.0, 989.0, 992.0, 991.0, 990.0, 991.0, 992.0, 992.0, 988.0, 992.0, 992.0, 990.0, 991.0, 992.0, 990.0, 990.0, 992.0, 992.0, 991.0, 990.0, 989.0, 988.0, 991.0, 992.0, 991.0, 992.0, 992.0, 991.0, 992.0, 990.0, 992.0, 989.0, 991.0, 991.0, 992.0, 992.0, 992.0, 993.0, 992.0, 992.0, 991.0, 991.0, 989.0, 991.0, 991.0, 987.0, 992.0, 988.0, 992.0, 992.0, 990.0, 990.0, 992.0, 991.0, 990.0, 992.0, 989.0, 990.0, 992.0, 990.0, 990.0, 991.0, 992.0, 991.0, 992.0, 991.0, 992.0, 992.0, 992.0, 992.0, 992.0, 992.0, 991.0, 990.0, 990.0]
Is bad individual winner: 0
Is good individual winner: 1
Real fitness of best good: 993.0
Noisy fitness of best good: 993.0
Real fitness of best bad: 991.0
Noisy fitness of best bad: 991.0

l: 112
Real fitness of mutation winner: 900.0
Noisy fitness of mutation winner: 900.0
Crossover offspring real fitness: [991.0, 990.0, 992.0, 990.0, 990.0, 991.0, 990.0, 991.0, 989.0, 991.0, 989.0, 989.0, 990.0, 992.0, 990.0, 989.0, 992.0, 989.0, 990.0, 992.0, 991.0, 992.0, 992.0, 991.0, 991.0, 992.0, 991.0, 990.0, 991.0, 989.0, 992.0, 991.0, 992.0, 992.0, 992.0, 990.0, 991.0, 991.0, 991.0, 992.0, 991.0, 991.0, 991.0, 990.0, 991.0, 992.0, 990.0, 990.0, 990.0, 991.0, 991.0, 991.0, 991.0, 991.0, 991.0, 991.0, 992.0, 991.0, 992.0, 991.0, 991.0, 993.0, 991.0, 990.0, 991.0, 991.0, 992.0, 991.0, 990.0, 991.0, 991.0, 993.0, 992.0, 991.0, 992.0, 992.0, 992.0, 991.0, 989.0, 992.0, 991.0, 990.0, 992.0, 991.0, 992.0, 991.0, 990.0, 992.0, 991.0, 992.0, 989.0, 992.0, 992.0, 992.0, 987.0, 989.0, 991.0, 992.0, 992.0, 992.0, 992.0]
Crossover offspring noisy fitness: [991.0, 989.0, 992.0, 990.0, 990.0, 991.0, 990.0, 991.0, 988.0, 991.0, 989.0, 989.0, 990.0, 992.0, 990.0, 989.0, 992.0, 988.0, 990.0, 992.0, 991.0, 992.0, 992.0, 991.0, 991.0, 992.0, 991.0, 990.0, 991.0, 989.0, 992.0, 991.0, 992.0, 991.0, 992.0, 990.0, 991.0, 991.0, 991.0, 992.0, 991.0, 991.0, 990.0, 989.0, 991.0, 992.0, 990.0, 990.0, 990.0, 991.0, 991.0, 991.0, 991.0, 991.0, 991.0, 991.0, 992.0, 991.0, 991.0, 991.0, 991.0, 993.0, 990.0, 990.0, 991.0, 991.0, 992.0, 991.0, 990.0, 991.0, 990.0, 993.0, 992.0, 991.0, 992.0, 992.0, 992.0, 990.0, 989.0, 992.0, 991.0, 990.0, 992.0, 991.0, 992.0, 991.0, 990.0, 992.0, 991.0, 992.0, 989.0, 992.0, 991.0, 992.0, 987.0, 989.0, 991.0, 992.0, 992.0, 992.0, 992.0]
Is bad individual winner: 0
Is good individual winner: 1
Real fitness of best good: 993.0
Noisy fitness of best good: 993.0
Real fitness of best bad: 991.0
Noisy fitness of best bad: 991.0

l: 90
Real fitness of mutation winner: 918.0
Noisy fitness of mutation winner: 918.0
Crossover offspring real fitness: [990.0, 993.0, 990.0, 992.0, 991.0, 992.0, 992.0, 993.0, 991.0, 990.0, 992.0, 991.0, 993.0, 992.0, 992.0, 991.0, 992.0, 992.0, 988.0, 991.0, 992.0, 992.0, 991.0, 992.0, 992.0, 991.0, 992.0, 991.0, 991.0, 992.0, 987.0, 991.0, 991.0, 990.0, 991.0, 991.0, 991.0, 991.0, 992.0, 991.0, 992.0, 990.0, 991.0, 992.0, 993.0, 992.0, 991.0, 991.0, 992.0, 989.0, 991.0, 992.0, 992.0, 992.0, 988.0, 992.0, 990.0, 992.0, 991.0, 990.0, 991.0, 991.0, 991.0, 992.0, 990.0, 991.0, 992.0, 991.0, 992.0, 992.0, 992.0, 992.0, 992.0, 992.0, 991.0, 990.0, 992.0, 992.0, 991.0, 990.0, 991.0, 993.0, 992.0, 992.0, 992.0, 992.0, 991.0, 989.0, 991.0, 992.0, 990.0, 991.0, 992.0, 991.0, 991.0, 992.0, 991.0, 991.0, 992.0, 992.0, 992.0]
Crossover offspring noisy fitness: [990.0, 993.0, 990.0, 992.0, 991.0, 992.0, 992.0, 993.0, 991.0, 990.0, 992.0, 991.0, 993.0, 992.0, 992.0, 991.0, 992.0, 992.0, 988.0, 991.0, 992.0, 992.0, 991.0, 992.0, 992.0, 991.0, 992.0, 991.0, 991.0, 992.0, 987.0, 991.0, 990.0, 990.0, 991.0, 991.0, 991.0, 991.0, 992.0, 991.0, 992.0, 990.0, 991.0, 992.0, 993.0, 992.0, 991.0, 991.0, 992.0, 989.0, 991.0, 992.0, 992.0, 992.0, 988.0, 992.0, 990.0, 992.0, 991.0, 990.0, 991.0, 991.0, 991.0, 992.0, 990.0, 991.0, 992.0, 991.0, 992.0, 992.0, 992.0, 992.0, 992.0, 992.0, 990.0, 990.0, 992.0, 992.0, 991.0, 990.0, 991.0, 993.0, 992.0, 992.0, 992.0, 992.0, 991.0, 989.0, 990.0, 992.0, 990.0, 991.0, 992.0, 991.0, 991.0, 992.0, 991.0, 991.0, 992.0, 992.0, 992.0]
Is bad individual winner: 0
Is good individual winner: 1
Real fitness of best good: 993.0
Noisy fitness of best good: 993.0
Real fitness of best bad: 991.0
Noisy fitness of best bad: 991.0

l: 102
Real fitness of mutation winner: 908.0
Noisy fitness of mutation winner: 908.0
Crossover offspring real fitness: [989.0, 992.0, 990.0, 990.0, 990.0, 992.0, 992.0, 991.0, 992.0, 991.0, 988.0, 991.0, 990.0, 991.0, 991.0, 992.0, 991.0, 991.0, 988.0, 991.0, 992.0, 991.0, 991.0, 989.0, 992.0, 990.0, 990.0, 991.0, 991.0, 992.0, 991.0, 991.0, 992.0, 990.0, 991.0, 992.0, 991.0, 991.0, 991.0, 992.0, 992.0, 991.0, 991.0, 992.0, 991.0, 991.0, 991.0, 990.0, 992.0, 991.0, 991.0, 989.0, 993.0, 992.0, 992.0, 992.0, 991.0, 992.0, 991.0, 992.0, 990.0, 991.0, 991.0, 991.0, 989.0, 992.0, 992.0, 991.0, 991.0, 993.0, 990.0, 992.0, 992.0, 990.0, 992.0, 991.0, 991.0, 991.0, 992.0, 991.0, 992.0, 992.0, 991.0, 992.0, 991.0, 991.0, 991.0, 989.0, 991.0, 991.0, 991.0, 990.0, 991.0, 991.0, 991.0, 991.0, 991.0, 990.0, 992.0, 991.0, 992.0]
Crossover offspring noisy fitness: [989.0, 992.0, 990.0, 990.0, 989.0, 992.0, 992.0, 991.0, 992.0, 991.0, 987.0, 991.0, 990.0, 991.0, 991.0, 992.0, 991.0, 991.0, 988.0, 991.0, 992.0, 991.0, 991.0, 988.0, 992.0, 990.0, 990.0, 991.0, 991.0, 992.0, 991.0, 990.0, 991.0, 990.0, 991.0, 992.0, 991.0, 991.0, 991.0, 992.0, 992.0, 991.0, 991.0, 992.0, 991.0, 991.0, 991.0, 990.0, 992.0, 991.0, 991.0, 989.0, 993.0, 992.0, 992.0, 992.0, 991.0, 992.0, 991.0, 992.0, 990.0, 991.0, 991.0, 991.0, 989.0, 991.0, 992.0, 991.0, 991.0, 993.0, 990.0, 991.0, 992.0, 990.0, 992.0, 991.0, 991.0, 991.0, 992.0, 991.0, 992.0, 992.0, 991.0, 992.0, 991.0, 991.0, 991.0, 989.0, 991.0, 991.0, 991.0, 990.0, 991.0, 991.0, 991.0, 990.0, 991.0, 990.0, 992.0, 991.0, 992.0]
Is bad individual winner: 0
Is good individual winner: 1
Real fitness of best good: 993.0
Noisy fitness of best good: 993.0
Real fitness of best bad: 991.0
Noisy fitness of best bad: 991.0

l: 88
Real fitness of mutation winner: 920.0
Noisy fitness of mutation winner: 920.0
Crossover offspring real fitness: [992.0, 993.0, 992.0, 991.0, 992.0, 992.0, 992.0, 991.0, 991.0, 992.0, 991.0, 992.0, 992.0, 991.0, 992.0, 992.0, 992.0, 992.0, 991.0, 992.0, 992.0, 992.0, 991.0, 992.0, 991.0, 992.0, 991.0, 992.0, 990.0, 992.0, 991.0, 991.0, 992.0, 992.0, 990.0, 992.0, 991.0, 989.0, 990.0, 991.0, 992.0, 992.0, 992.0, 991.0, 993.0, 992.0, 992.0, 992.0, 991.0, 992.0, 990.0, 992.0, 991.0, 991.0, 992.0, 992.0, 992.0, 992.0, 991.0, 991.0, 991.0, 992.0, 992.0, 990.0, 993.0, 993.0, 990.0, 992.0, 992.0, 989.0, 992.0, 990.0, 992.0, 992.0, 992.0, 991.0, 991.0, 991.0, 990.0, 991.0, 992.0, 993.0, 992.0, 992.0, 992.0, 991.0, 991.0, 993.0, 991.0, 992.0, 990.0, 992.0, 990.0, 990.0, 992.0, 990.0, 992.0, 992.0, 992.0, 992.0, 992.0]
Crossover offspring noisy fitness: [992.0, 993.0, 992.0, 991.0, 992.0, 992.0, 992.0, 991.0, 991.0, 992.0, 991.0, 992.0, 992.0, 991.0, 992.0, 992.0, 992.0, 992.0, 991.0, 992.0, 992.0, 992.0, 990.0, 992.0, 991.0, 992.0, 991.0, 992.0, 990.0, 992.0, 991.0, 991.0, 992.0, 992.0, 990.0, 992.0, 991.0, 989.0, 990.0, 991.0, 992.0, 992.0, 992.0, 991.0, 993.0, 992.0, 992.0, 991.0, 991.0, 992.0, 990.0, 992.0, 991.0, 990.0, 992.0, 992.0, 992.0, 992.0, 991.0, 991.0, 991.0, 991.0, 992.0, 990.0, 993.0, 993.0, 990.0, 992.0, 992.0, 989.0, 992.0, 990.0, 992.0, 992.0, 992.0, 991.0, 991.0, 991.0, 990.0, 991.0, 992.0, 993.0, 992.0, 992.0, 992.0, 991.0, 991.0, 992.0, 991.0, 992.0, 990.0, 992.0, 990.0, 990.0, 992.0, 990.0, 991.0, 992.0, 992.0, 992.0, 992.0]
Is bad individual winner: 0
Is good individual winner: 1
Real fitness of best good: 993.0
Noisy fitness of best good: 993.0
Real fitness of best bad: 991.0
Noisy fitness of best bad: 991.0

l: 93
Real fitness of mutation winner: 913.0
Noisy fitness of mutation winner: 913.0
Crossover offspring real fitness: [988.0, 992.0, 992.0, 992.0, 991.0, 992.0, 991.0, 992.0, 991.0, 993.0, 991.0, 991.0, 990.0, 991.0, 991.0, 992.0, 991.0, 992.0, 990.0, 992.0, 991.0, 991.0, 991.0, 990.0, 992.0, 988.0, 992.0, 991.0, 993.0, 992.0, 992.0, 991.0, 991.0, 991.0, 992.0, 991.0, 990.0, 992.0, 988.0, 991.0, 992.0, 991.0, 992.0, 991.0, 992.0, 992.0, 992.0, 992.0, 992.0, 990.0, 992.0, 991.0, 992.0, 992.0, 992.0, 991.0, 992.0, 991.0, 993.0, 991.0, 992.0, 991.0, 992.0, 992.0, 992.0, 991.0, 992.0, 992.0, 991.0, 991.0, 990.0, 992.0, 992.0, 990.0, 989.0, 990.0, 992.0, 991.0, 990.0, 991.0, 990.0, 992.0, 992.0, 991.0, 992.0, 991.0, 992.0, 992.0, 991.0, 990.0, 990.0, 992.0, 992.0, 992.0, 992.0, 991.0, 990.0, 991.0, 992.0, 991.0, 992.0]
Crossover offspring noisy fitness: [988.0, 991.0, 992.0, 992.0, 991.0, 991.0, 991.0, 992.0, 991.0, 993.0, 991.0, 990.0, 990.0, 991.0, 991.0, 992.0, 990.0, 992.0, 990.0, 992.0, 991.0, 991.0, 991.0, 990.0, 992.0, 988.0, 992.0, 991.0, 993.0, 992.0, 991.0, 991.0, 991.0, 991.0, 992.0, 991.0, 990.0, 992.0, 987.0, 991.0, 992.0, 991.0, 992.0, 991.0, 992.0, 992.0, 992.0, 992.0, 992.0, 989.0, 992.0, 991.0, 992.0, 992.0, 992.0, 991.0, 992.0, 990.0, 993.0, 991.0, 992.0, 991.0, 992.0, 992.0, 992.0, 991.0, 992.0, 992.0, 991.0, 991.0, 990.0, 992.0, 992.0, 990.0, 989.0, 990.0, 992.0, 991.0, 990.0, 991.0, 989.0, 992.0, 992.0, 991.0, 992.0, 991.0, 992.0, 992.0, 991.0, 990.0, 990.0, 992.0, 992.0, 992.0, 992.0, 991.0, 990.0, 991.0, 992.0, 991.0, 992.0]
Is bad individual winner: 0
Is good individual winner: 1
Real fitness of best good: 993.0
Noisy fitness of best good: 993.0
Real fitness of best bad: 991.0
Noisy fitness of best bad: 991.0

l: 114
Real fitness of mutation winner: 896.0
Noisy fitness of mutation winner: 896.0
Crossover offspring real fitness: [991.0, 992.0, 991.0, 992.0, 992.0, 989.0, 991.0, 991.0, 988.0, 990.0, 991.0, 990.0, 991.0, 991.0, 992.0, 990.0, 992.0, 991.0, 989.0, 992.0, 991.0, 992.0, 992.0, 992.0, 989.0, 992.0, 991.0, 992.0, 991.0, 990.0, 991.0, 992.0, 992.0, 992.0, 992.0, 990.0, 991.0, 991.0, 991.0, 991.0, 991.0, 991.0, 991.0, 992.0, 991.0, 991.0, 990.0, 992.0, 990.0, 991.0, 991.0, 992.0, 992.0, 990.0, 991.0, 991.0, 992.0, 992.0, 990.0, 990.0, 992.0, 992.0, 992.0, 988.0, 991.0, 990.0, 992.0, 991.0, 991.0, 992.0, 992.0, 992.0, 989.0, 992.0, 992.0, 989.0, 992.0, 991.0, 992.0, 990.0, 992.0, 991.0, 992.0, 990.0, 992.0, 992.0, 991.0, 991.0, 991.0, 991.0, 991.0, 991.0, 991.0, 992.0, 992.0, 990.0, 992.0, 991.0, 991.0, 990.0, 992.0]
Crossover offspring noisy fitness: [991.0, 992.0, 990.0, 992.0, 992.0, 989.0, 991.0, 991.0, 988.0, 990.0, 991.0, 990.0, 991.0, 991.0, 992.0, 990.0, 992.0, 991.0, 989.0, 992.0, 991.0, 992.0, 992.0, 992.0, 989.0, 992.0, 991.0, 992.0, 991.0, 990.0, 991.0, 992.0, 992.0, 992.0, 992.0, 990.0, 991.0, 991.0, 991.0, 991.0, 991.0, 991.0, 991.0, 992.0, 991.0, 991.0, 989.0, 992.0, 990.0, 991.0, 991.0, 992.0, 992.0, 990.0, 991.0, 991.0, 992.0, 992.0, 990.0, 990.0, 992.0, 992.0, 992.0, 988.0, 991.0, 990.0, 992.0, 991.0, 991.0, 992.0, 992.0, 992.0, 989.0, 992.0, 992.0, 989.0, 992.0, 991.0, 992.0, 990.0, 992.0, 991.0, 992.0, 990.0, 992.0, 992.0, 991.0, 991.0, 991.0, 991.0, 991.0, 991.0, 991.0, 992.0, 992.0, 990.0, 992.0, 991.0, 991.0, 990.0, 992.0]
Is bad individual winner: 0
Is good individual winner: 0
Real fitness of best good: 992.0
Noisy fitness of best good: 992.0
Real fitness of best bad: 991.0
Noisy fitness of best bad: 991.0

l: 118
Real fitness of mutation winner: 890.0
Noisy fitness of mutation winner: 890.0
Crossover offspring real fitness: [989.0, 991.0, 992.0, 991.0, 991.0, 991.0, 990.0, 992.0, 992.0, 991.0, 991.0, 990.0, 991.0, 989.0, 991.0, 991.0, 992.0, 992.0, 990.0, 991.0, 988.0, 990.0, 990.0, 992.0, 991.0, 992.0, 991.0, 990.0, 991.0, 991.0, 991.0, 991.0, 992.0, 990.0, 992.0, 990.0, 992.0, 992.0, 990.0, 990.0, 992.0, 990.0, 991.0, 987.0, 991.0, 990.0, 992.0, 991.0, 991.0, 992.0, 991.0, 990.0, 992.0, 991.0, 993.0, 991.0, 991.0, 990.0, 990.0, 992.0, 992.0, 990.0, 992.0, 990.0, 988.0, 990.0, 991.0, 990.0, 989.0, 991.0, 990.0, 990.0, 991.0, 989.0, 992.0, 992.0, 987.0, 991.0, 992.0, 993.0, 992.0, 991.0, 992.0, 991.0, 991.0, 990.0, 992.0, 992.0, 991.0, 990.0, 992.0, 992.0, 991.0, 991.0, 990.0, 989.0, 992.0, 990.0, 991.0, 993.0, 991.0]
Crossover offspring noisy fitness: [989.0, 991.0, 992.0, 991.0, 991.0, 991.0, 989.0, 992.0, 992.0, 991.0, 991.0, 990.0, 991.0, 989.0, 991.0, 991.0, 992.0, 992.0, 990.0, 991.0, 988.0, 990.0, 990.0, 992.0, 991.0, 992.0, 991.0, 990.0, 991.0, 991.0, 991.0, 991.0, 992.0, 990.0, 992.0, 990.0, 992.0, 992.0, 990.0, 990.0, 992.0, 990.0, 991.0, 987.0, 991.0, 990.0, 992.0, 991.0, 991.0, 992.0, 991.0, 990.0, 992.0, 991.0, 993.0, 991.0, 991.0, 990.0, 990.0, 992.0, 992.0, 990.0, 992.0, 990.0, 988.0, 990.0, 991.0, 990.0, 989.0, 991.0, 989.0, 990.0, 991.0, 989.0, 992.0, 992.0, 987.0, 991.0, 992.0, 993.0, 992.0, 991.0, 992.0, 991.0, 991.0, 990.0, 992.0, 992.0, 991.0, 989.0, 992.0, 992.0, 991.0, 991.0, 990.0, 989.0, 992.0, 990.0, 990.0, 993.0, 991.0]
Is bad individual winner: 0
Is good individual winner: 1
Real fitness of best good: 993.0
Noisy fitness of best good: 993.0
Real fitness of best bad: 991.0
Noisy fitness of best bad: 991.0

l: 72
Real fitness of mutation winner: 932.0
Noisy fitness of mutation winner: 932.0
Crossover offspring real fitness: [992.0, 991.0, 991.0, 992.0, 992.0, 992.0, 992.0, 992.0, 992.0, 987.0, 991.0, 991.0, 992.0, 992.0, 990.0, 990.0, 992.0, 991.0, 991.0, 991.0, 992.0, 992.0, 992.0, 990.0, 991.0, 989.0, 990.0, 991.0, 990.0, 992.0, 991.0, 992.0, 991.0, 992.0, 991.0, 991.0, 992.0, 992.0, 992.0, 990.0, 992.0, 990.0, 991.0, 992.0, 991.0, 991.0, 989.0, 992.0, 992.0, 992.0, 991.0, 992.0, 991.0, 990.0, 990.0, 991.0, 992.0, 990.0, 990.0, 992.0, 991.0, 992.0, 989.0, 992.0, 991.0, 991.0, 990.0, 990.0, 992.0, 991.0, 992.0, 992.0, 991.0, 992.0, 992.0, 991.0, 991.0, 991.0, 990.0, 992.0, 993.0, 992.0, 991.0, 992.0, 992.0, 992.0, 992.0, 992.0, 992.0, 991.0, 992.0, 992.0, 992.0, 991.0, 992.0, 992.0, 991.0, 991.0, 992.0, 992.0, 991.0]
Crossover offspring noisy fitness: [992.0, 991.0, 991.0, 992.0, 992.0, 992.0, 992.0, 992.0, 992.0, 987.0, 991.0, 991.0, 992.0, 992.0, 990.0, 990.0, 992.0, 991.0, 991.0, 991.0, 992.0, 992.0, 992.0, 990.0, 991.0, 989.0, 990.0, 991.0, 990.0, 992.0, 991.0, 992.0, 991.0, 992.0, 991.0, 991.0, 992.0, 992.0, 992.0, 990.0, 992.0, 990.0, 991.0, 990.0, 991.0, 991.0, 989.0, 992.0, 992.0, 992.0, 991.0, 992.0, 991.0, 990.0, 990.0, 991.0, 990.0, 990.0, 990.0, 992.0, 991.0, 992.0, 989.0, 992.0, 991.0, 991.0, 990.0, 990.0, 992.0, 991.0, 992.0, 992.0, 991.0, 992.0, 992.0, 991.0, 991.0, 991.0, 990.0, 992.0, 993.0, 992.0, 991.0, 992.0, 992.0, 992.0, 992.0, 992.0, 992.0, 991.0, 992.0, 992.0, 992.0, 991.0, 992.0, 992.0, 991.0, 991.0, 991.0, 991.0, 991.0]
Is bad individual winner: 0
Is good individual winner: 1
Real fitness of best good: 993.0
Noisy fitness of best good: 993.0
Real fitness of best bad: 991.0
Noisy fitness of best bad: 991.0

l: 104
Real fitness of mutation winner: 902.0
Noisy fitness of mutation winner: 902.0
Crossover offspring real fitness: [991.0, 987.0, 991.0, 990.0, 993.0, 990.0, 991.0, 990.0, 992.0, 990.0, 992.0, 991.0, 992.0, 991.0, 992.0, 990.0, 991.0, 990.0, 990.0, 991.0, 986.0, 990.0, 988.0, 992.0, 989.0, 991.0, 991.0, 993.0, 992.0, 992.0, 991.0, 992.0, 988.0, 993.0, 991.0, 992.0, 991.0, 992.0, 991.0, 992.0, 992.0, 992.0, 990.0, 991.0, 991.0, 992.0, 991.0, 992.0, 991.0, 990.0, 992.0, 992.0, 991.0, 991.0, 991.0, 993.0, 989.0, 991.0, 991.0, 992.0, 990.0, 991.0, 990.0, 991.0, 992.0, 991.0, 991.0, 988.0, 991.0, 991.0, 992.0, 991.0, 991.0, 991.0, 991.0, 992.0, 992.0, 992.0, 993.0, 993.0, 991.0, 992.0, 990.0, 991.0, 992.0, 991.0, 991.0, 989.0, 988.0, 990.0, 991.0, 991.0, 991.0, 992.0, 992.0, 991.0, 992.0, 991.0, 990.0, 992.0, 991.0]
Crossover offspring noisy fitness: [991.0, 987.0, 991.0, 990.0, 993.0, 990.0, 991.0, 990.0, 992.0, 990.0, 992.0, 991.0, 992.0, 991.0, 992.0, 990.0, 990.0, 990.0, 990.0, 991.0, 986.0, 990.0, 988.0, 992.0, 989.0, 991.0, 991.0, 993.0, 992.0, 992.0, 991.0, 992.0, 988.0, 993.0, 991.0, 992.0, 991.0, 992.0, 991.0, 992.0, 992.0, 992.0, 990.0, 991.0, 991.0, 992.0, 991.0, 992.0, 991.0, 990.0, 992.0, 992.0, 991.0, 991.0, 991.0, 993.0, 989.0, 991.0, 991.0, 992.0, 990.0, 991.0, 990.0, 991.0, 992.0, 991.0, 991.0, 988.0, 991.0, 991.0, 991.0, 991.0, 991.0, 991.0, 991.0, 992.0, 992.0, 992.0, 993.0, 993.0, 991.0, 992.0, 990.0, 991.0, 992.0, 991.0, 991.0, 988.0, 988.0, 990.0, 991.0, 991.0, 991.0, 992.0, 992.0, 991.0, 992.0, 991.0, 990.0, 992.0, 991.0]
Is bad individual winner: 0
Is good individual winner: 1
Real fitness of best good: 993.0
Noisy fitness of best good: 993.0
Real fitness of best bad: 991.0
Noisy fitness of best bad: 991.0

l: 109
Real fitness of mutation winner: 901.0
Noisy fitness of mutation winner: 901.0
Crossover offspring real fitness: [988.0, 989.0, 992.0, 991.0, 991.0, 991.0, 991.0, 991.0, 992.0, 992.0, 990.0, 993.0, 990.0, 992.0, 992.0, 991.0, 992.0, 991.0, 990.0, 993.0, 992.0, 991.0, 991.0, 991.0, 993.0, 993.0, 991.0, 992.0, 992.0, 991.0, 992.0, 992.0, 992.0, 991.0, 990.0, 992.0, 992.0, 992.0, 992.0, 989.0, 993.0, 988.0, 988.0, 992.0, 991.0, 991.0, 991.0, 989.0, 991.0, 992.0, 991.0, 990.0, 993.0, 992.0, 991.0, 992.0, 988.0, 991.0, 990.0, 990.0, 992.0, 992.0, 991.0, 992.0, 990.0, 991.0, 993.0, 991.0, 991.0, 992.0, 991.0, 992.0, 991.0, 987.0, 990.0, 990.0, 991.0, 991.0, 992.0, 992.0, 990.0, 990.0, 991.0, 991.0, 992.0, 991.0, 990.0, 991.0, 991.0, 990.0, 991.0, 991.0, 992.0, 990.0, 990.0, 991.0, 990.0, 990.0, 992.0, 990.0, 992.0]
Crossover offspring noisy fitness: [988.0, 989.0, 992.0, 991.0, 991.0, 991.0, 991.0, 991.0, 992.0, 992.0, 990.0, 993.0, 990.0, 992.0, 992.0, 991.0, 992.0, 991.0, 990.0, 993.0, 992.0, 991.0, 991.0, 991.0, 993.0, 993.0, 991.0, 992.0, 992.0, 991.0, 992.0, 992.0, 992.0, 991.0, 990.0, 992.0, 992.0, 992.0, 992.0, 989.0, 993.0, 988.0, 988.0, 992.0, 991.0, 991.0, 991.0, 989.0, 991.0, 992.0, 991.0, 990.0, 993.0, 992.0, 991.0, 992.0, 988.0, 991.0, 990.0, 990.0, 992.0, 991.0, 991.0, 992.0, 990.0, 991.0, 993.0, 991.0, 991.0, 992.0, 991.0, 992.0, 991.0, 986.0, 990.0, 990.0, 991.0, 991.0, 992.0, 992.0, 990.0, 990.0, 991.0, 991.0, 992.0, 991.0, 990.0, 991.0, 991.0, 990.0, 991.0, 991.0, 992.0, 990.0, 990.0, 991.0, 990.0, 989.0, 992.0, 990.0, 992.0]
Is bad individual winner: 0
Is good individual winner: 1
Real fitness of best good: 993.0
Noisy fitness of best good: 993.0
Real fitness of best bad: 991.0
Noisy fitness of best bad: 991.0

l: 88
Real fitness of mutation winner: 918.0
Noisy fitness of mutation winner: 918.0
Crossover offspring real fitness: [992.0, 990.0, 993.0, 991.0, 992.0, 991.0, 990.0, 991.0, 992.0, 989.0, 991.0, 991.0, 992.0, 991.0, 991.0, 992.0, 992.0, 993.0, 992.0, 991.0, 991.0, 992.0, 992.0, 991.0, 993.0, 990.0, 989.0, 992.0, 991.0, 992.0, 991.0, 988.0, 991.0, 990.0, 993.0, 992.0, 992.0, 992.0, 992.0, 988.0, 992.0, 992.0, 992.0, 991.0, 991.0, 992.0, 992.0, 991.0, 991.0, 991.0, 992.0, 991.0, 991.0, 991.0, 992.0, 992.0, 991.0, 991.0, 991.0, 991.0, 992.0, 991.0, 991.0, 991.0, 993.0, 993.0, 991.0, 991.0, 991.0, 992.0, 992.0, 993.0, 991.0, 992.0, 992.0, 991.0, 991.0, 992.0, 992.0, 992.0, 992.0, 992.0, 990.0, 991.0, 991.0, 991.0, 992.0, 992.0, 991.0, 990.0, 991.0, 992.0, 991.0, 991.0, 991.0, 992.0, 991.0, 992.0, 992.0, 990.0, 992.0]
Crossover offspring noisy fitness: [992.0, 990.0, 993.0, 991.0, 992.0, 991.0, 990.0, 991.0, 992.0, 989.0, 991.0, 991.0, 992.0, 991.0, 991.0, 992.0, 992.0, 993.0, 992.0, 991.0, 991.0, 992.0, 992.0, 991.0, 991.0, 990.0, 989.0, 992.0, 991.0, 992.0, 991.0, 988.0, 991.0, 990.0, 993.0, 992.0, 992.0, 992.0, 992.0, 988.0, 992.0, 992.0, 992.0, 991.0, 991.0, 992.0, 992.0, 991.0, 991.0, 991.0, 992.0, 991.0, 991.0, 991.0, 992.0, 992.0, 991.0, 990.0, 990.0, 991.0, 992.0, 991.0, 991.0, 991.0, 993.0, 993.0, 991.0, 991.0, 991.0, 991.0, 992.0, 992.0, 991.0, 992.0, 992.0, 991.0, 991.0, 992.0, 992.0, 992.0, 991.0, 992.0, 990.0, 991.0, 991.0, 991.0, 992.0, 992.0, 991.0, 990.0, 991.0, 992.0, 991.0, 991.0, 991.0, 991.0, 991.0, 992.0, 992.0, 990.0, 992.0]
Is bad individual winner: 0
Is good individual winner: 1
Real fitness of best good: 993.0
Noisy fitness of best good: 993.0
Real fitness of best bad: 991.0
Noisy fitness of best bad: 991.0

l: 99
Real fitness of mutation winner: 913.0
Noisy fitness of mutation winner: 913.0
Crossover offspring real fitness: [991.0, 991.0, 992.0, 992.0, 993.0, 991.0, 991.0, 992.0, 992.0, 991.0, 992.0, 991.0, 991.0, 991.0, 990.0, 991.0, 992.0, 991.0, 992.0, 990.0, 991.0, 992.0, 992.0, 991.0, 990.0, 990.0, 992.0, 992.0, 991.0, 992.0, 993.0, 991.0, 991.0, 990.0, 991.0, 991.0, 992.0, 991.0, 987.0, 992.0, 992.0, 990.0, 992.0, 992.0, 991.0, 991.0, 991.0, 990.0, 990.0, 992.0, 991.0, 991.0, 991.0, 992.0, 991.0, 991.0, 992.0, 990.0, 993.0, 991.0, 992.0, 991.0, 991.0, 991.0, 991.0, 992.0, 990.0, 991.0, 992.0, 991.0, 992.0, 990.0, 991.0, 990.0, 991.0, 990.0, 990.0, 991.0, 992.0, 992.0, 990.0, 991.0, 992.0, 990.0, 992.0, 992.0, 993.0, 992.0, 991.0, 990.0, 989.0, 991.0, 991.0, 992.0, 992.0, 992.0, 992.0, 992.0, 991.0, 991.0, 992.0]
Crossover offspring noisy fitness: [991.0, 991.0, 992.0, 991.0, 992.0, 991.0, 991.0, 992.0, 992.0, 991.0, 992.0, 991.0, 991.0, 991.0, 990.0, 991.0, 992.0, 991.0, 992.0, 990.0, 990.0, 991.0, 992.0, 991.0, 990.0, 990.0, 992.0, 992.0, 991.0, 992.0, 993.0, 991.0, 991.0, 989.0, 991.0, 991.0, 992.0, 991.0, 987.0, 992.0, 992.0, 990.0, 992.0, 992.0, 991.0, 991.0, 991.0, 990.0, 990.0, 992.0, 991.0, 991.0, 991.0, 992.0, 991.0, 991.0, 992.0, 990.0, 993.0, 991.0, 992.0, 991.0, 991.0, 991.0, 991.0, 992.0, 990.0, 991.0, 992.0, 991.0, 992.0, 990.0, 991.0, 990.0, 991.0, 990.0, 990.0, 991.0, 992.0, 992.0, 990.0, 991.0, 992.0, 990.0, 992.0, 992.0, 993.0, 992.0, 991.0, 990.0, 989.0, 991.0, 991.0, 992.0, 992.0, 992.0, 992.0, 992.0, 991.0, 991.0, 992.0]
Is bad individual winner: 0
Is good individual winner: 1
Real fitness of best good: 993.0
Noisy fitness of best good: 993.0
Real fitness of best bad: 991.0
Noisy fitness of best bad: 991.0

l: 101
Real fitness of mutation winner: 909.0
Noisy fitness of mutation winner: 909.0
Crossover offspring real fitness: [991.0, 991.0, 992.0, 991.0, 992.0, 991.0, 990.0, 993.0, 988.0, 992.0, 990.0, 992.0, 991.0, 991.0, 992.0, 990.0, 992.0, 989.0, 992.0, 990.0, 990.0, 992.0, 991.0, 992.0, 991.0, 992.0, 992.0, 990.0, 991.0, 992.0, 991.0, 993.0, 993.0, 993.0, 989.0, 992.0, 993.0, 991.0, 990.0, 990.0, 990.0, 990.0, 991.0, 992.0, 991.0, 992.0, 992.0, 992.0, 992.0, 991.0, 992.0, 992.0, 992.0, 992.0, 989.0, 992.0, 992.0, 990.0, 989.0, 992.0, 990.0, 989.0, 990.0, 991.0, 991.0, 991.0, 992.0, 991.0, 991.0, 989.0, 991.0, 990.0, 990.0, 992.0, 991.0, 991.0, 990.0, 992.0, 991.0, 991.0, 992.0, 990.0, 992.0, 992.0, 991.0, 991.0, 992.0, 989.0, 992.0, 991.0, 992.0, 991.0, 992.0, 992.0, 990.0, 991.0, 992.0, 990.0, 991.0, 992.0, 992.0]
Crossover offspring noisy fitness: [991.0, 991.0, 992.0, 991.0, 992.0, 991.0, 990.0, 993.0, 988.0, 992.0, 990.0, 992.0, 991.0, 991.0, 992.0, 990.0, 992.0, 989.0, 992.0, 990.0, 990.0, 992.0, 991.0, 992.0, 991.0, 992.0, 992.0, 990.0, 991.0, 992.0, 991.0, 993.0, 993.0, 993.0, 989.0, 992.0, 993.0, 991.0, 990.0, 990.0, 989.0, 990.0, 991.0, 992.0, 991.0, 992.0, 992.0, 992.0, 992.0, 991.0, 992.0, 992.0, 992.0, 992.0, 989.0, 992.0, 992.0, 990.0, 989.0, 992.0, 990.0, 989.0, 990.0, 991.0, 991.0, 991.0, 992.0, 991.0, 991.0, 989.0, 991.0, 990.0, 990.0, 992.0, 991.0, 991.0, 990.0, 992.0, 991.0, 991.0, 992.0, 989.0, 992.0, 992.0, 991.0, 991.0, 991.0, 989.0, 992.0, 991.0, 992.0, 991.0, 992.0, 992.0, 990.0, 991.0, 991.0, 990.0, 991.0, 992.0, 992.0]
Is bad individual winner: 0
Is good individual winner: 1
Real fitness of best good: 993.0
Noisy fitness of best good: 993.0
Real fitness of best bad: 991.0
Noisy fitness of best bad: 991.0

l: 109
Real fitness of mutation winner: 899.0
Noisy fitness of mutation winner: 899.0
Crossover offspring real fitness: [991.0, 991.0, 992.0, 992.0, 992.0, 992.0, 991.0, 991.0, 989.0, 991.0, 991.0, 990.0, 990.0, 992.0, 989.0, 991.0, 989.0, 991.0, 992.0, 992.0, 991.0, 990.0, 990.0, 991.0, 992.0, 992.0, 992.0, 991.0, 992.0, 991.0, 992.0, 991.0, 991.0, 991.0, 992.0, 988.0, 989.0, 992.0, 992.0, 992.0, 988.0, 992.0, 992.0, 991.0, 992.0, 990.0, 992.0, 991.0, 989.0, 992.0, 991.0, 991.0, 989.0, 992.0, 990.0, 989.0, 988.0, 993.0, 991.0, 992.0, 990.0, 992.0, 990.0, 989.0, 992.0, 991.0, 992.0, 992.0, 992.0, 991.0, 990.0, 992.0, 991.0, 990.0, 991.0, 990.0, 991.0, 992.0, 991.0, 993.0, 991.0, 992.0, 991.0, 992.0, 992.0, 992.0, 991.0, 990.0, 989.0, 990.0, 991.0, 992.0, 992.0, 992.0, 992.0, 992.0, 992.0, 992.0, 989.0, 990.0, 991.0]
Crossover offspring noisy fitness: [991.0, 991.0, 992.0, 992.0, 992.0, 992.0, 991.0, 991.0, 989.0, 991.0, 991.0, 990.0, 990.0, 992.0, 989.0, 991.0, 989.0, 991.0, 992.0, 992.0, 991.0, 990.0, 990.0, 991.0, 992.0, 992.0, 992.0, 991.0, 992.0, 990.0, 992.0, 991.0, 991.0, 991.0, 992.0, 988.0, 989.0, 992.0, 992.0, 992.0, 987.0, 992.0, 992.0, 991.0, 992.0, 990.0, 992.0, 991.0, 989.0, 992.0, 991.0, 991.0, 989.0, 992.0, 990.0, 989.0, 988.0, 993.0, 991.0, 992.0, 990.0, 992.0, 990.0, 989.0, 992.0, 991.0, 992.0, 992.0, 992.0, 991.0, 990.0, 992.0, 991.0, 989.0, 991.0, 990.0, 991.0, 992.0, 991.0, 993.0, 991.0, 992.0, 991.0, 992.0, 991.0, 991.0, 991.0, 990.0, 989.0, 989.0, 991.0, 992.0, 992.0, 992.0, 992.0, 992.0, 992.0, 992.0, 989.0, 989.0, 991.0]
Is bad individual winner: 0
Is good individual winner: 1
Real fitness of best good: 993.0
Noisy fitness of best good: 993.0
Real fitness of best bad: 991.0
Noisy fitness of best bad: 991.0

l: 95
Real fitness of mutation winner: 913.0
Noisy fitness of mutation winner: 913.0
Crossover offspring real fitness: [992.0, 992.0, 991.0, 993.0, 992.0, 989.0, 991.0, 989.0, 992.0, 992.0, 991.0, 992.0, 991.0, 990.0, 990.0, 993.0, 991.0, 991.0, 992.0, 992.0, 992.0, 991.0, 991.0, 991.0, 990.0, 992.0, 991.0, 992.0, 992.0, 990.0, 992.0, 992.0, 991.0, 989.0, 992.0, 992.0, 991.0, 990.0, 990.0, 991.0, 992.0, 992.0, 991.0, 991.0, 990.0, 990.0, 991.0, 992.0, 991.0, 992.0, 992.0, 992.0, 991.0, 993.0, 989.0, 992.0, 991.0, 992.0, 991.0, 992.0, 990.0, 992.0, 993.0, 991.0, 989.0, 992.0, 990.0, 991.0, 991.0, 992.0, 992.0, 992.0, 992.0, 991.0, 992.0, 988.0, 992.0, 989.0, 992.0, 993.0, 991.0, 991.0, 992.0, 990.0, 988.0, 992.0, 992.0, 992.0, 990.0, 989.0, 991.0, 990.0, 992.0, 992.0, 988.0, 991.0, 992.0, 992.0, 990.0, 989.0, 991.0]
Crossover offspring noisy fitness: [992.0, 992.0, 991.0, 993.0, 992.0, 989.0, 991.0, 989.0, 992.0, 992.0, 991.0, 992.0, 991.0, 990.0, 990.0, 992.0, 991.0, 991.0, 992.0, 992.0, 992.0, 991.0, 990.0, 990.0, 990.0, 991.0, 991.0, 992.0, 992.0, 990.0, 992.0, 992.0, 991.0, 989.0, 992.0, 992.0, 991.0, 990.0, 990.0, 990.0, 992.0, 990.0, 991.0, 991.0, 990.0, 990.0, 991.0, 992.0, 991.0, 992.0, 992.0, 992.0, 991.0, 993.0, 989.0, 992.0, 991.0, 992.0, 991.0, 992.0, 990.0, 992.0, 993.0, 991.0, 989.0, 992.0, 990.0, 991.0, 991.0, 992.0, 992.0, 991.0, 992.0, 990.0, 992.0, 988.0, 991.0, 989.0, 992.0, 993.0, 991.0, 991.0, 992.0, 990.0, 988.0, 992.0, 992.0, 992.0, 990.0, 989.0, 991.0, 989.0, 992.0, 992.0, 988.0, 991.0, 992.0, 992.0, 990.0, 989.0, 991.0]
Is bad individual winner: 0
Is good individual winner: 1
Real fitness of best good: 993.0
Noisy fitness of best good: 993.0
Real fitness of best bad: 991.0
Noisy fitness of best bad: 991.0

l: 79
Real fitness of mutation winner: 927.0
Noisy fitness of mutation winner: 927.0
Crossover offspring real fitness: [992.0, 992.0, 989.0, 988.0, 991.0, 991.0, 992.0, 993.0, 992.0, 991.0, 990.0, 991.0, 990.0, 992.0, 990.0, 992.0, 992.0, 992.0, 992.0, 987.0, 992.0, 992.0, 991.0, 991.0, 992.0, 991.0, 992.0, 991.0, 991.0, 992.0, 993.0, 990.0, 992.0, 992.0, 992.0, 991.0, 991.0, 993.0, 990.0, 992.0, 992.0, 992.0, 991.0, 991.0, 990.0, 992.0, 992.0, 992.0, 991.0, 991.0, 993.0, 991.0, 991.0, 991.0, 992.0, 992.0, 989.0, 993.0, 990.0, 990.0, 991.0, 992.0, 991.0, 992.0, 992.0, 991.0, 991.0, 991.0, 991.0, 991.0, 990.0, 991.0, 991.0, 991.0, 993.0, 992.0, 991.0, 992.0, 991.0, 990.0, 990.0, 992.0, 989.0, 991.0, 990.0, 992.0, 991.0, 990.0, 990.0, 992.0, 991.0, 992.0, 991.0, 992.0, 991.0, 992.0, 990.0, 992.0, 991.0, 991.0, 991.0]
Crossover offspring noisy fitness: [992.0, 992.0, 989.0, 988.0, 991.0, 990.0, 992.0, 993.0, 992.0, 991.0, 990.0, 991.0, 990.0, 992.0, 990.0, 992.0, 991.0, 992.0, 992.0, 987.0, 992.0, 992.0, 991.0, 991.0, 992.0, 991.0, 992.0, 991.0, 991.0, 992.0, 993.0, 990.0, 992.0, 993.0, 992.0, 991.0, 989.0, 993.0, 990.0, 992.0, 992.0, 992.0, 991.0, 991.0, 990.0, 992.0, 992.0, 992.0, 990.0, 991.0, 993.0, 991.0, 991.0, 991.0, 992.0, 992.0, 989.0, 993.0, 990.0, 990.0, 991.0, 992.0, 991.0, 992.0, 992.0, 991.0, 991.0, 991.0, 991.0, 991.0, 990.0, 991.0, 991.0, 990.0, 993.0, 992.0, 991.0, 992.0, 991.0, 990.0, 990.0, 992.0, 989.0, 991.0, 990.0, 992.0, 991.0, 990.0, 990.0, 992.0, 991.0, 991.0, 991.0, 992.0, 991.0, 992.0, 990.0, 992.0, 991.0, 991.0, 991.0]
Is bad individual winner: 0
Is good individual winner: 1
Real fitness of best good: 993.0
Noisy fitness of best good: 993.0
Real fitness of best bad: 991.0
Noisy fitness of best bad: 991.0

l: 94
Real fitness of mutation winner: 914.0
Noisy fitness of mutation winner: 914.0
Crossover offspring real fitness: [992.0, 992.0, 992.0, 991.0, 988.0, 992.0, 990.0, 990.0, 992.0, 992.0, 991.0, 989.0, 990.0, 992.0, 990.0, 989.0, 991.0, 990.0, 992.0, 991.0, 992.0, 991.0, 990.0, 992.0, 990.0, 992.0, 991.0, 989.0, 991.0, 990.0, 991.0, 991.0, 991.0, 990.0, 992.0, 991.0, 992.0, 991.0, 990.0, 991.0, 991.0, 992.0, 991.0, 990.0, 990.0, 990.0, 992.0, 990.0, 991.0, 991.0, 991.0, 990.0, 992.0, 992.0, 991.0, 992.0, 991.0, 991.0, 991.0, 991.0, 991.0, 991.0, 992.0, 990.0, 992.0, 990.0, 993.0, 992.0, 991.0, 992.0, 992.0, 992.0, 990.0, 992.0, 992.0, 990.0, 992.0, 992.0, 992.0, 990.0, 991.0, 989.0, 991.0, 992.0, 989.0, 991.0, 992.0, 992.0, 991.0, 991.0, 992.0, 992.0, 992.0, 991.0, 992.0, 993.0, 992.0, 990.0, 992.0, 991.0, 991.0]
Crossover offspring noisy fitness: [992.0, 992.0, 992.0, 991.0, 988.0, 992.0, 990.0, 990.0, 992.0, 992.0, 991.0, 989.0, 990.0, 992.0, 989.0, 989.0, 991.0, 990.0, 992.0, 991.0, 992.0, 991.0, 990.0, 992.0, 989.0, 991.0, 991.0, 989.0, 991.0, 988.0, 991.0, 991.0, 991.0, 990.0, 992.0, 991.0, 992.0, 991.0, 990.0, 991.0, 991.0, 992.0, 991.0, 989.0, 990.0, 990.0, 992.0, 990.0, 991.0, 991.0, 991.0, 990.0, 992.0, 992.0, 989.0, 992.0, 991.0, 991.0, 991.0, 991.0, 991.0, 991.0, 992.0, 990.0, 992.0, 990.0, 991.0, 992.0, 991.0, 992.0, 992.0, 992.0, 990.0, 992.0, 992.0, 990.0, 992.0, 992.0, 992.0, 990.0, 991.0, 989.0, 991.0, 992.0, 989.0, 991.0, 992.0, 992.0, 991.0, 991.0, 992.0, 992.0, 992.0, 990.0, 992.0, 993.0, 992.0, 990.0, 992.0, 991.0, 991.0]
Is bad individual winner: 0
Is good individual winner: 1
Real fitness of best good: 993.0
Noisy fitness of best good: 993.0
Real fitness of best bad: 991.0
Noisy fitness of best bad: 991.0

l: 93
Real fitness of mutation winner: 911.0
Noisy fitness of mutation winner: 911.0
Crossover offspring real fitness: [993.0, 992.0, 991.0, 991.0, 993.0, 991.0, 992.0, 990.0, 992.0, 992.0, 992.0, 991.0, 992.0, 990.0, 991.0, 991.0, 991.0, 991.0, 992.0, 991.0, 992.0, 991.0, 992.0, 991.0, 991.0, 991.0, 992.0, 991.0, 992.0, 991.0, 990.0, 991.0, 992.0, 991.0, 992.0, 991.0, 992.0, 992.0, 992.0, 992.0, 990.0, 993.0, 992.0, 992.0, 990.0, 993.0, 991.0, 992.0, 991.0, 991.0, 991.0, 992.0, 992.0, 992.0, 991.0, 992.0, 990.0, 990.0, 992.0, 992.0, 991.0, 991.0, 991.0, 991.0, 990.0, 992.0, 992.0, 991.0, 992.0, 991.0, 991.0, 991.0, 990.0, 992.0, 991.0, 990.0, 992.0, 991.0, 992.0, 991.0, 991.0, 992.0, 990.0, 992.0, 992.0, 993.0, 991.0, 991.0, 992.0, 992.0, 992.0, 990.0, 992.0, 991.0, 991.0, 992.0, 992.0, 989.0, 991.0, 988.0, 991.0]
Crossover offspring noisy fitness: [993.0, 992.0, 991.0, 991.0, 993.0, 991.0, 992.0, 990.0, 992.0, 992.0, 992.0, 991.0, 992.0, 990.0, 991.0, 991.0, 991.0, 991.0, 992.0, 991.0, 991.0, 991.0, 992.0, 991.0, 991.0, 991.0, 992.0, 991.0, 992.0, 991.0, 990.0, 991.0, 992.0, 991.0, 992.0, 991.0, 992.0, 992.0, 991.0, 992.0, 990.0, 993.0, 992.0, 992.0, 990.0, 993.0, 991.0, 992.0, 991.0, 991.0, 991.0, 992.0, 992.0, 992.0, 990.0, 992.0, 990.0, 990.0, 992.0, 992.0, 991.0, 991.0, 990.0, 991.0, 990.0, 992.0, 992.0, 991.0, 992.0, 991.0, 991.0, 991.0, 990.0, 992.0, 991.0, 989.0, 991.0, 991.0, 992.0, 991.0, 991.0, 992.0, 990.0, 992.0, 992.0, 993.0, 991.0, 991.0, 992.0, 992.0, 992.0, 990.0, 992.0, 991.0, 991.0, 992.0, 991.0, 989.0, 991.0, 988.0, 991.0]
Is bad individual winner: 0
Is good individual winner: 1
Real fitness of best good: 993.0
Noisy fitness of best good: 993.0
Real fitness of best bad: 991.0
Noisy fitness of best bad: 991.0

l: 100
Real fitness of mutation winner: 908.0
Noisy fitness of mutation winner: 908.0
Crossover offspring real fitness: [992.0, 991.0, 992.0, 992.0, 992.0, 991.0, 991.0, 992.0, 992.0, 991.0, 990.0, 991.0, 991.0, 993.0, 992.0, 991.0, 992.0, 991.0, 992.0, 992.0, 991.0, 991.0, 991.0, 991.0, 992.0, 991.0, 991.0, 992.0, 991.0, 991.0, 990.0, 990.0, 988.0, 991.0, 991.0, 991.0, 992.0, 991.0, 992.0, 992.0, 992.0, 991.0, 992.0, 991.0, 992.0, 992.0, 991.0, 991.0, 990.0, 991.0, 992.0, 991.0, 990.0, 992.0, 992.0, 991.0, 989.0, 992.0, 990.0, 991.0, 991.0, 992.0, 992.0, 990.0, 992.0, 992.0, 990.0, 992.0, 992.0, 989.0, 992.0, 992.0, 992.0, 990.0, 991.0, 989.0, 990.0, 993.0, 992.0, 992.0, 989.0, 992.0, 992.0, 991.0, 992.0, 989.0, 991.0, 990.0, 991.0, 992.0, 993.0, 991.0, 989.0, 990.0, 992.0, 991.0, 991.0, 991.0, 990.0, 992.0, 989.0]
Crossover offspring noisy fitness: [992.0, 991.0, 992.0, 992.0, 992.0, 991.0, 991.0, 992.0, 992.0, 991.0, 990.0, 991.0, 991.0, 993.0, 992.0, 991.0, 992.0, 991.0, 992.0, 992.0, 991.0, 991.0, 990.0, 991.0, 992.0, 991.0, 991.0, 992.0, 991.0, 991.0, 990.0, 990.0, 988.0, 991.0, 991.0, 991.0, 992.0, 991.0, 992.0, 992.0, 992.0, 991.0, 992.0, 991.0, 992.0, 992.0, 991.0, 991.0, 990.0, 991.0, 992.0, 991.0, 990.0, 992.0, 992.0, 991.0, 989.0, 992.0, 990.0, 991.0, 991.0, 992.0, 992.0, 990.0, 992.0, 992.0, 990.0, 992.0, 992.0, 989.0, 992.0, 992.0, 992.0, 990.0, 991.0, 989.0, 990.0, 993.0, 992.0, 991.0, 989.0, 992.0, 992.0, 991.0, 992.0, 989.0, 991.0, 990.0, 991.0, 992.0, 993.0, 991.0, 989.0, 990.0, 992.0, 991.0, 991.0, 991.0, 990.0, 992.0, 989.0]
Is bad individual winner: 0
Is good individual winner: 1
Real fitness of best good: 993.0
Noisy fitness of best good: 993.0
Real fitness of best bad: 991.0
Noisy fitness of best bad: 991.0

l: 85
Real fitness of mutation winner: 923.0
Noisy fitness of mutation winner: 923.0
Crossover offspring real fitness: [992.0, 992.0, 992.0, 989.0, 990.0, 992.0, 992.0, 992.0, 993.0, 990.0, 991.0, 992.0, 992.0, 991.0, 992.0, 992.0, 990.0, 991.0, 992.0, 992.0, 992.0, 990.0, 992.0, 992.0, 992.0, 990.0, 992.0, 992.0, 989.0, 992.0, 991.0, 991.0, 990.0, 991.0, 991.0, 992.0, 991.0, 991.0, 992.0, 990.0, 992.0, 992.0, 991.0, 991.0, 992.0, 992.0, 991.0, 992.0, 992.0, 992.0, 992.0, 991.0, 992.0, 991.0, 991.0, 992.0, 990.0, 991.0, 992.0, 992.0, 992.0, 991.0, 991.0, 989.0, 992.0, 991.0, 992.0, 991.0, 990.0, 989.0, 992.0, 992.0, 991.0, 991.0, 991.0, 991.0, 990.0, 992.0, 992.0, 992.0, 991.0, 992.0, 992.0, 992.0, 992.0, 992.0, 992.0, 990.0, 991.0, 989.0, 992.0, 991.0, 991.0, 990.0, 989.0, 990.0, 992.0, 992.0, 991.0, 990.0, 990.0]
Crossover offspring noisy fitness: [992.0, 992.0, 992.0, 989.0, 990.0, 992.0, 991.0, 992.0, 993.0, 990.0, 991.0, 992.0, 992.0, 991.0, 992.0, 992.0, 990.0, 991.0, 992.0, 992.0, 992.0, 990.0, 992.0, 992.0, 992.0, 990.0, 991.0, 992.0, 989.0, 992.0, 991.0, 991.0, 990.0, 991.0, 991.0, 992.0, 991.0, 991.0, 992.0, 990.0, 992.0, 992.0, 991.0, 991.0, 992.0, 992.0, 991.0, 992.0, 992.0, 992.0, 992.0, 991.0, 992.0, 991.0, 991.0, 992.0, 990.0, 991.0, 992.0, 992.0, 992.0, 991.0, 991.0, 989.0, 992.0, 991.0, 992.0, 991.0, 990.0, 989.0, 992.0, 992.0, 991.0, 991.0, 991.0, 990.0, 990.0, 992.0, 992.0, 992.0, 991.0, 992.0, 993.0, 992.0, 992.0, 992.0, 992.0, 990.0, 991.0, 989.0, 992.0, 991.0, 991.0, 990.0, 989.0, 990.0, 992.0, 992.0, 991.0, 990.0, 990.0]
Is bad individual winner: 0
Is good individual winner: 1
Real fitness of best good: 993.0
Noisy fitness of best good: 993.0
Real fitness of best bad: 991.0
Noisy fitness of best bad: 991.0

