l: 53
Real fitness of mutation winner: 460.0
Noisy fitness of mutation winner: 460.0
Crossover offspring real fitness: [511.0, 511.0, 506.0, 510.0, 508.0, 510.0, 508.0, 510.0, 510.0, 511.0, 509.0, 511.0, 511.0, 511.0, 510.0, 510.0, 510.0, 510.0, 511.0, 509.0, 510.0, 510.0, 511.0, 511.0, 511.0, 511.0, 511.0, 512.0, 509.0, 510.0, 510.0, 511.0, 509.0, 509.0, 511.0, 511.0, 509.0, 510.0, 510.0, 510.0, 510.0, 510.0, 509.0, 510.0, 510.0, 511.0, 511.0, 510.0, 510.0, 510.0, 511.0, 511.0, 510.0, 511.0, 511.0, 510.0, 510.0, 511.0, 511.0, 508.0, 511.0, 510.0, 511.0]
Crossover offspring noisy fitness: [511.0, 510.0, 506.0, 510.0, 508.0, 510.0, 508.0, 510.0, 510.0, 511.0, 509.0, 511.0, 511.0, 511.0, 510.0, 510.0, 510.0, 510.0, 511.0, 509.0, 510.0, 510.0, 511.0, 511.0, 511.0, 511.0, 511.0, 512.0, 509.0, 510.0, 510.0, 511.0, 509.0, 509.0, 511.0, 511.0, 507.0, 510.0, 510.0, 510.0, 510.0, 510.0, 509.0, 510.0, 510.0, 511.0, 511.0, 510.0, 510.0, 510.0, 511.0, 511.0, 510.0, 511.0, 511.0, 510.0, 510.0, 511.0, 511.0, 508.0, 511.0, 510.0, 511.0]
Is bad individual winner: 0
Is good individual winner: 1
Real fitness of best good: 512.0
Noisy fitness of best good: 512.0
Real fitness of best bad: 510.0
Noisy fitness of best bad: 510.0

l: 54
Real fitness of mutation winner: 459.0
Noisy fitness of mutation winner: 460.0
Crossover offspring real fitness: [511.0, 510.0, 511.0, 511.0, 510.0, 511.0, 510.0, 511.0, 511.0, 511.0, 510.0, 509.0, 510.0, 511.0, 510.0, 510.0, 511.0, 511.0, 511.0, 510.0, 511.0, 511.0, 510.0, 510.0, 509.0, 511.0, 511.0, 511.0, 510.0, 509.0, 510.0, 509.0, 510.0, 509.0, 510.0, 511.0, 510.0, 511.0, 510.0, 511.0, 510.0, 511.0, 511.0, 510.0, 508.0, 511.0, 511.0, 511.0, 510.0, 511.0, 511.0, 510.0, 510.0, 510.0, 511.0, 510.0, 508.0, 511.0, 510.0, 511.0, 510.0, 511.0, 511.0]
Crossover offspring noisy fitness: [511.0, 510.0, 511.0, 511.0, 509.0, 511.0, 510.0, 511.0, 511.0, 511.0, 509.0, 509.0, 509.0, 511.0, 510.0, 510.0, 511.0, 511.0, 511.0, 510.0, 511.0, 511.0, 510.0, 510.0, 509.0, 511.0, 511.0, 511.0, 510.0, 509.0, 510.0, 509.0, 510.0, 509.0, 510.0, 511.0, 510.0, 511.0, 510.0, 511.0, 509.0, 511.0, 511.0, 510.0, 508.0, 511.0, 511.0, 511.0, 510.0, 511.0, 511.0, 510.0, 510.0, 510.0, 511.0, 510.0, 508.0, 511.0, 510.0, 511.0, 510.0, 511.0, 510.0]
Is bad individual winner: 0
Is good individual winner: 0
Real fitness of best good: 511.0
Noisy fitness of best good: 511.0
Real fitness of best bad: 510.0
Noisy fitness of best bad: 510.0

l: 46
Real fitness of mutation winner: 467.0
Noisy fitness of mutation winner: 467.0
Crossover offspring real fitness: [510.0, 510.0, 511.0, 511.0, 510.0, 509.0, 510.0, 511.0, 509.0, 511.0, 510.0, 510.0, 511.0, 508.0, 509.0, 511.0, 509.0, 511.0, 511.0, 511.0, 509.0, 510.0, 511.0, 509.0, 510.0, 510.0, 511.0, 511.0, 511.0, 511.0, 511.0, 511.0, 510.0, 509.0, 509.0, 511.0, 510.0, 511.0, 510.0, 508.0, 511.0, 511.0, 509.0, 510.0, 510.0, 509.0, 511.0, 511.0, 510.0, 510.0, 511.0, 511.0, 511.0, 511.0, 510.0, 511.0, 511.0, 511.0, 511.0, 511.0, 509.0, 511.0, 510.0]
Crossover offspring noisy fitness: [510.0, 510.0, 511.0, 511.0, 510.0, 509.0, 510.0, 511.0, 509.0, 511.0, 510.0, 510.0, 511.0, 508.0, 509.0, 511.0, 509.0, 511.0, 511.0, 511.0, 509.0, 510.0, 511.0, 509.0, 510.0, 510.0, 511.0, 511.0, 511.0, 510.0, 511.0, 511.0, 510.0, 509.0, 509.0, 511.0, 509.0, 511.0, 510.0, 508.0, 511.0, 511.0, 509.0, 510.0, 510.0, 509.0, 511.0, 511.0, 510.0, 510.0, 511.0, 511.0, 511.0, 511.0, 510.0, 511.0, 510.0, 511.0, 511.0, 511.0, 509.0, 511.0, 510.0]
Is bad individual winner: 0
Is good individual winner: 0
Real fitness of best good: 511.0
Noisy fitness of best good: 511.0
Real fitness of best bad: 510.0
Noisy fitness of best bad: 510.0

l: 66
Real fitness of mutation winner: 447.0
Noisy fitness of mutation winner: 447.0
Crossover offspring real fitness: [509.0, 510.0, 509.0, 510.0, 509.0, 510.0, 508.0, 511.0, 510.0, 511.0, 511.0, 511.0, 510.0, 508.0, 511.0, 510.0, 510.0, 510.0, 510.0, 509.0, 510.0, 511.0, 510.0, 509.0, 511.0, 509.0, 511.0, 510.0, 509.0, 511.0, 510.0, 510.0, 511.0, 508.0, 510.0, 510.0, 511.0, 510.0, 509.0, 510.0, 511.0, 510.0, 508.0, 510.0, 510.0, 510.0, 510.0, 508.0, 508.0, 510.0, 511.0, 509.0, 510.0, 510.0, 510.0, 510.0, 511.0, 511.0, 509.0, 509.0, 510.0, 511.0, 509.0]
Crossover offspring noisy fitness: [509.0, 510.0, 509.0, 510.0, 509.0, 510.0, 508.0, 511.0, 510.0, 511.0, 511.0, 511.0, 510.0, 508.0, 511.0, 510.0, 510.0, 510.0, 510.0, 509.0, 510.0, 511.0, 510.0, 509.0, 511.0, 509.0, 511.0, 510.0, 509.0, 511.0, 510.0, 510.0, 511.0, 508.0, 510.0, 509.0, 511.0, 510.0, 509.0, 510.0, 510.0, 509.0, 508.0, 510.0, 510.0, 510.0, 510.0, 508.0, 508.0, 510.0, 511.0, 509.0, 510.0, 510.0, 510.0, 510.0, 511.0, 511.0, 509.0, 509.0, 510.0, 511.0, 509.0]
Is bad individual winner: 0
Is good individual winner: 0
Real fitness of best good: 511.0
Noisy fitness of best good: 511.0
Real fitness of best bad: 510.0
Noisy fitness of best bad: 510.0

l: 54
Real fitness of mutation winner: 459.0
Noisy fitness of mutation winner: 460.0
Crossover offspring real fitness: [511.0, 510.0, 509.0, 511.0, 508.0, 511.0, 510.0, 511.0, 511.0, 509.0, 511.0, 510.0, 511.0, 510.0, 510.0, 509.0, 510.0, 511.0, 510.0, 510.0, 510.0, 510.0, 511.0, 512.0, 508.0, 507.0, 510.0, 509.0, 511.0, 507.0, 509.0, 509.0, 511.0, 511.0, 509.0, 511.0, 510.0, 511.0, 511.0, 508.0, 510.0, 507.0, 511.0, 511.0, 512.0, 511.0, 508.0, 508.0, 511.0, 511.0, 511.0, 510.0, 511.0, 510.0, 510.0, 511.0, 509.0, 510.0, 510.0, 510.0, 509.0, 507.0, 511.0]
Crossover offspring noisy fitness: [511.0, 510.0, 509.0, 511.0, 508.0, 511.0, 510.0, 511.0, 511.0, 509.0, 511.0, 510.0, 511.0, 510.0, 510.0, 509.0, 510.0, 511.0, 510.0, 510.0, 510.0, 510.0, 511.0, 512.0, 507.0, 507.0, 510.0, 509.0, 511.0, 507.0, 509.0, 509.0, 511.0, 511.0, 509.0, 511.0, 510.0, 511.0, 511.0, 508.0, 510.0, 507.0, 511.0, 511.0, 512.0, 511.0, 508.0, 508.0, 510.0, 511.0, 510.0, 510.0, 511.0, 510.0, 510.0, 511.0, 509.0, 510.0, 510.0, 510.0, 509.0, 507.0, 510.0]
Is bad individual winner: 0
Is good individual winner: 1
Real fitness of best good: 512.0
Noisy fitness of best good: 512.0
Real fitness of best bad: 510.0
Noisy fitness of best bad: 510.0

l: 60
Real fitness of mutation winner: 453.0
Noisy fitness of mutation winner: 453.0
Crossover offspring real fitness: [511.0, 510.0, 511.0, 509.0, 511.0, 510.0, 510.0, 509.0, 510.0, 510.0, 511.0, 508.0, 510.0, 511.0, 510.0, 511.0, 510.0, 508.0, 510.0, 510.0, 511.0, 505.0, 510.0, 508.0, 510.0, 509.0, 509.0, 510.0, 509.0, 511.0, 510.0, 511.0, 510.0, 510.0, 511.0, 510.0, 511.0, 510.0, 511.0, 511.0, 511.0, 510.0, 510.0, 510.0, 509.0, 510.0, 511.0, 511.0, 508.0, 509.0, 510.0, 511.0, 509.0, 510.0, 511.0, 511.0, 511.0, 510.0, 509.0, 510.0, 510.0, 510.0, 511.0]
Crossover offspring noisy fitness: [511.0, 510.0, 511.0, 509.0, 511.0, 509.0, 510.0, 509.0, 510.0, 510.0, 511.0, 507.0, 510.0, 511.0, 510.0, 511.0, 510.0, 507.0, 510.0, 510.0, 511.0, 505.0, 510.0, 508.0, 510.0, 509.0, 509.0, 510.0, 509.0, 511.0, 510.0, 511.0, 510.0, 510.0, 510.0, 510.0, 511.0, 510.0, 511.0, 511.0, 511.0, 510.0, 510.0, 510.0, 509.0, 509.0, 511.0, 511.0, 508.0, 509.0, 510.0, 511.0, 509.0, 510.0, 511.0, 511.0, 511.0, 509.0, 509.0, 510.0, 510.0, 509.0, 511.0]
Is bad individual winner: 0
Is good individual winner: 0
Real fitness of best good: 511.0
Noisy fitness of best good: 511.0
Real fitness of best bad: 510.0
Noisy fitness of best bad: 510.0

l: 61
Real fitness of mutation winner: 452.0
Noisy fitness of mutation winner: 452.0
Crossover offspring real fitness: [511.0, 511.0, 510.0, 510.0, 511.0, 509.0, 510.0, 508.0, 510.0, 511.0, 511.0, 510.0, 509.0, 510.0, 510.0, 510.0, 510.0, 512.0, 510.0, 510.0, 511.0, 508.0, 511.0, 509.0, 511.0, 510.0, 510.0, 511.0, 512.0, 511.0, 511.0, 511.0, 510.0, 511.0, 508.0, 511.0, 511.0, 509.0, 511.0, 508.0, 511.0, 508.0, 510.0, 509.0, 511.0, 510.0, 510.0, 509.0, 509.0, 511.0, 511.0, 509.0, 511.0, 510.0, 511.0, 510.0, 511.0, 511.0, 510.0, 511.0, 509.0, 510.0, 509.0]
Crossover offspring noisy fitness: [511.0, 511.0, 510.0, 510.0, 511.0, 509.0, 510.0, 508.0, 510.0, 511.0, 511.0, 510.0, 509.0, 510.0, 510.0, 510.0, 510.0, 512.0, 509.0, 510.0, 511.0, 508.0, 511.0, 509.0, 511.0, 510.0, 510.0, 511.0, 511.0, 511.0, 510.0, 511.0, 510.0, 511.0, 508.0, 511.0, 511.0, 509.0, 511.0, 508.0, 511.0, 508.0, 510.0, 509.0, 510.0, 510.0, 510.0, 509.0, 509.0, 511.0, 511.0, 509.0, 511.0, 510.0, 511.0, 510.0, 511.0, 511.0, 510.0, 510.0, 509.0, 510.0, 509.0]
Is bad individual winner: 0
Is good individual winner: 1
Real fitness of best good: 512.0
Noisy fitness of best good: 512.0
Real fitness of best bad: 510.0
Noisy fitness of best bad: 510.0

l: 69
Real fitness of mutation winner: 444.0
Noisy fitness of mutation winner: 444.0
Crossover offspring real fitness: [509.0, 509.0, 509.0, 511.0, 509.0, 509.0, 510.0, 511.0, 511.0, 508.0, 508.0, 508.0, 509.0, 510.0, 511.0, 511.0, 510.0, 511.0, 508.0, 511.0, 509.0, 511.0, 510.0, 511.0, 511.0, 509.0, 510.0, 511.0, 511.0, 507.0, 509.0, 511.0, 511.0, 511.0, 510.0, 511.0, 510.0, 511.0, 509.0, 510.0, 509.0, 510.0, 510.0, 510.0, 510.0, 511.0, 510.0, 509.0, 507.0, 509.0, 511.0, 509.0, 511.0, 511.0, 510.0, 511.0, 511.0, 510.0, 510.0, 510.0, 510.0, 510.0, 511.0]
Crossover offspring noisy fitness: [509.0, 509.0, 509.0, 511.0, 509.0, 509.0, 510.0, 511.0, 511.0, 508.0, 508.0, 508.0, 509.0, 509.0, 510.0, 511.0, 510.0, 511.0, 508.0, 511.0, 509.0, 511.0, 510.0, 511.0, 511.0, 509.0, 509.0, 511.0, 511.0, 507.0, 509.0, 511.0, 511.0, 511.0, 510.0, 511.0, 510.0, 511.0, 509.0, 510.0, 509.0, 510.0, 510.0, 510.0, 510.0, 511.0, 510.0, 508.0, 507.0, 509.0, 511.0, 509.0, 511.0, 511.0, 510.0, 511.0, 511.0, 510.0, 508.0, 510.0, 510.0, 510.0, 511.0]
Is bad individual winner: 0
Is good individual winner: 0
Real fitness of best good: 511.0
Noisy fitness of best good: 511.0
Real fitness of best bad: 510.0
Noisy fitness of best bad: 510.0

l: 67
Real fitness of mutation winner: 446.0
Noisy fitness of mutation winner: 446.0
Crossover offspring real fitness: [510.0, 510.0, 511.0, 510.0, 508.0, 510.0, 511.0, 511.0, 510.0, 510.0, 510.0, 510.0, 510.0, 509.0, 511.0, 510.0, 509.0, 511.0, 510.0, 511.0, 510.0, 509.0, 510.0, 510.0, 510.0, 510.0, 508.0, 511.0, 510.0, 510.0, 509.0, 510.0, 511.0, 510.0, 509.0, 511.0, 511.0, 511.0, 507.0, 509.0, 510.0, 510.0, 511.0, 510.0, 511.0, 511.0, 511.0, 510.0, 510.0, 509.0, 510.0, 507.0, 508.0, 509.0, 511.0, 510.0, 510.0, 511.0, 509.0, 509.0, 507.0, 510.0, 511.0]
Crossover offspring noisy fitness: [510.0, 510.0, 511.0, 510.0, 508.0, 510.0, 511.0, 511.0, 510.0, 510.0, 510.0, 510.0, 510.0, 509.0, 511.0, 509.0, 509.0, 511.0, 510.0, 511.0, 510.0, 509.0, 510.0, 510.0, 510.0, 510.0, 508.0, 510.0, 510.0, 510.0, 509.0, 510.0, 511.0, 510.0, 509.0, 511.0, 511.0, 511.0, 507.0, 509.0, 510.0, 510.0, 511.0, 510.0, 511.0, 511.0, 511.0, 510.0, 510.0, 509.0, 510.0, 507.0, 508.0, 509.0, 511.0, 510.0, 510.0, 511.0, 509.0, 509.0, 507.0, 510.0, 511.0]
Is bad individual winner: 0
Is good individual winner: 0
Real fitness of best good: 511.0
Noisy fitness of best good: 511.0
Real fitness of best bad: 510.0
Noisy fitness of best bad: 510.0

l: 55
Real fitness of mutation winner: 458.0
Noisy fitness of mutation winner: 458.0
Crossover offspring real fitness: [509.0, 511.0, 510.0, 510.0, 510.0, 510.0, 510.0, 510.0, 510.0, 511.0, 511.0, 511.0, 511.0, 511.0, 511.0, 511.0, 509.0, 510.0, 511.0, 511.0, 510.0, 510.0, 510.0, 510.0, 511.0, 511.0, 510.0, 510.0, 511.0, 511.0, 511.0, 511.0, 510.0, 509.0, 510.0, 511.0, 510.0, 509.0, 509.0, 510.0, 511.0, 511.0, 511.0, 510.0, 510.0, 511.0, 509.0, 510.0, 510.0, 509.0, 511.0, 508.0, 511.0, 511.0, 510.0, 510.0, 511.0, 510.0, 511.0, 511.0, 511.0, 510.0, 511.0]
Crossover offspring noisy fitness: [509.0, 511.0, 510.0, 510.0, 510.0, 510.0, 510.0, 510.0, 510.0, 511.0, 511.0, 510.0, 510.0, 510.0, 511.0, 511.0, 509.0, 510.0, 511.0, 511.0, 510.0, 510.0, 510.0, 510.0, 511.0, 510.0, 510.0, 510.0, 511.0, 511.0, 511.0, 511.0, 510.0, 509.0, 510.0, 511.0, 510.0, 509.0, 509.0, 510.0, 511.0, 511.0, 511.0, 510.0, 510.0, 511.0, 509.0, 510.0, 510.0, 509.0, 511.0, 508.0, 511.0, 511.0, 510.0, 510.0, 511.0, 510.0, 511.0, 511.0, 510.0, 510.0, 511.0]
Is bad individual winner: 0
Is good individual winner: 0
Real fitness of best good: 511.0
Noisy fitness of best good: 511.0
Real fitness of best bad: 510.0
Noisy fitness of best bad: 510.0

l: 63
Real fitness of mutation winner: 450.0
Noisy fitness of mutation winner: 450.0
Crossover offspring real fitness: [507.0, 508.0, 510.0, 511.0, 511.0, 510.0, 510.0, 510.0, 511.0, 511.0, 511.0, 510.0, 509.0, 511.0, 510.0, 510.0, 508.0, 509.0, 511.0, 510.0, 511.0, 510.0, 510.0, 511.0, 511.0, 510.0, 508.0, 510.0, 511.0, 511.0, 511.0, 508.0, 511.0, 511.0, 509.0, 510.0, 511.0, 511.0, 510.0, 510.0, 509.0, 511.0, 509.0, 510.0, 510.0, 510.0, 511.0, 510.0, 511.0, 509.0, 511.0, 510.0, 510.0, 509.0, 510.0, 509.0, 511.0, 510.0, 510.0, 510.0, 511.0, 510.0, 511.0]
Crossover offspring noisy fitness: [507.0, 508.0, 510.0, 511.0, 511.0, 510.0, 510.0, 510.0, 511.0, 511.0, 511.0, 510.0, 509.0, 511.0, 510.0, 510.0, 508.0, 509.0, 511.0, 510.0, 511.0, 510.0, 510.0, 511.0, 511.0, 510.0, 508.0, 510.0, 511.0, 511.0, 511.0, 508.0, 511.0, 511.0, 509.0, 510.0, 510.0, 511.0, 510.0, 510.0, 509.0, 511.0, 508.0, 510.0, 510.0, 510.0, 511.0, 509.0, 511.0, 509.0, 511.0, 510.0, 510.0, 509.0, 510.0, 509.0, 511.0, 510.0, 510.0, 510.0, 511.0, 510.0, 510.0]
Is bad individual winner: 0
Is good individual winner: 0
Real fitness of best good: 511.0
Noisy fitness of best good: 511.0
Real fitness of best bad: 510.0
Noisy fitness of best bad: 510.0

l: 64
Real fitness of mutation winner: 449.0
Noisy fitness of mutation winner: 449.0
Crossover offspring real fitness: [509.0, 511.0, 511.0, 510.0, 508.0, 511.0, 510.0, 510.0, 509.0, 510.0, 511.0, 510.0, 510.0, 510.0, 510.0, 509.0, 510.0, 510.0, 508.0, 509.0, 508.0, 508.0, 510.0, 510.0, 508.0, 511.0, 510.0, 511.0, 511.0, 510.0, 510.0, 508.0, 509.0, 511.0, 510.0, 511.0, 509.0, 511.0, 511.0, 511.0, 509.0, 510.0, 510.0, 510.0, 511.0, 509.0, 507.0, 510.0, 509.0, 511.0, 511.0, 511.0, 510.0, 510.0, 511.0, 511.0, 510.0, 509.0, 511.0, 509.0, 511.0, 511.0, 510.0]
Crossover offspring noisy fitness: [509.0, 511.0, 511.0, 510.0, 508.0, 511.0, 510.0, 510.0, 509.0, 510.0, 510.0, 510.0, 510.0, 510.0, 510.0, 509.0, 510.0, 510.0, 508.0, 509.0, 508.0, 508.0, 510.0, 510.0, 508.0, 510.0, 510.0, 511.0, 511.0, 510.0, 510.0, 508.0, 509.0, 511.0, 510.0, 511.0, 509.0, 511.0, 511.0, 511.0, 509.0, 510.0, 510.0, 510.0, 511.0, 509.0, 507.0, 510.0, 509.0, 510.0, 511.0, 511.0, 510.0, 510.0, 511.0, 511.0, 510.0, 509.0, 511.0, 509.0, 511.0, 511.0, 510.0]
Is bad individual winner: 0
Is good individual winner: 0
Real fitness of best good: 511.0
Noisy fitness of best good: 511.0
Real fitness of best bad: 510.0
Noisy fitness of best bad: 510.0

l: 65
Real fitness of mutation winner: 448.0
Noisy fitness of mutation winner: 448.0
Crossover offspring real fitness: [511.0, 510.0, 510.0, 509.0, 511.0, 510.0, 509.0, 508.0, 509.0, 510.0, 511.0, 510.0, 511.0, 508.0, 511.0, 511.0, 509.0, 511.0, 510.0, 511.0, 511.0, 511.0, 511.0, 510.0, 511.0, 511.0, 510.0, 510.0, 511.0, 511.0, 511.0, 510.0, 509.0, 510.0, 509.0, 508.0, 511.0, 511.0, 511.0, 510.0, 510.0, 510.0, 510.0, 508.0, 509.0, 509.0, 510.0, 510.0, 510.0, 510.0, 511.0, 510.0, 509.0, 509.0, 511.0, 511.0, 510.0, 510.0, 511.0, 510.0, 511.0, 509.0, 509.0]
Crossover offspring noisy fitness: [511.0, 510.0, 510.0, 509.0, 511.0, 510.0, 509.0, 508.0, 509.0, 509.0, 511.0, 510.0, 510.0, 508.0, 510.0, 511.0, 509.0, 511.0, 510.0, 511.0, 511.0, 511.0, 511.0, 510.0, 511.0, 511.0, 509.0, 510.0, 511.0, 511.0, 511.0, 510.0, 509.0, 510.0, 509.0, 508.0, 511.0, 511.0, 511.0, 510.0, 510.0, 510.0, 510.0, 508.0, 509.0, 509.0, 510.0, 510.0, 510.0, 510.0, 511.0, 510.0, 509.0, 509.0, 511.0, 509.0, 510.0, 510.0, 511.0, 510.0, 511.0, 509.0, 509.0]
Is bad individual winner: 0
Is good individual winner: 0
Real fitness of best good: 511.0
Noisy fitness of best good: 511.0
Real fitness of best bad: 510.0
Noisy fitness of best bad: 510.0

l: 67
Real fitness of mutation winner: 446.0
Noisy fitness of mutation winner: 446.0
Crossover offspring real fitness: [510.0, 510.0, 510.0, 511.0, 511.0, 510.0, 510.0, 510.0, 511.0, 510.0, 511.0, 510.0, 507.0, 511.0, 511.0, 509.0, 511.0, 509.0, 511.0, 507.0, 511.0, 510.0, 511.0, 511.0, 510.0, 509.0, 511.0, 511.0, 511.0, 508.0, 510.0, 509.0, 509.0, 510.0, 510.0, 508.0, 511.0, 510.0, 511.0, 510.0, 507.0, 510.0, 510.0, 509.0, 509.0, 509.0, 509.0, 511.0, 512.0, 511.0, 511.0, 511.0, 510.0, 508.0, 511.0, 510.0, 508.0, 511.0, 510.0, 510.0, 512.0, 509.0, 510.0]
Crossover offspring noisy fitness: [510.0, 510.0, 510.0, 511.0, 511.0, 510.0, 510.0, 510.0, 511.0, 510.0, 511.0, 510.0, 507.0, 511.0, 511.0, 509.0, 511.0, 509.0, 511.0, 507.0, 511.0, 510.0, 511.0, 511.0, 510.0, 509.0, 511.0, 511.0, 511.0, 508.0, 510.0, 509.0, 509.0, 510.0, 510.0, 508.0, 511.0, 510.0, 511.0, 510.0, 507.0, 509.0, 509.0, 509.0, 509.0, 509.0, 509.0, 511.0, 512.0, 511.0, 511.0, 511.0, 509.0, 508.0, 511.0, 510.0, 507.0, 511.0, 510.0, 510.0, 512.0, 509.0, 510.0]
Is bad individual winner: 0
Is good individual winner: 1
Real fitness of best good: 512.0
Noisy fitness of best good: 512.0
Real fitness of best bad: 510.0
Noisy fitness of best bad: 510.0

l: 62
Real fitness of mutation winner: 451.0
Noisy fitness of mutation winner: 451.0
Crossover offspring real fitness: [509.0, 510.0, 510.0, 509.0, 511.0, 510.0, 511.0, 509.0, 510.0, 510.0, 510.0, 510.0, 511.0, 510.0, 510.0, 511.0, 511.0, 510.0, 510.0, 508.0, 510.0, 509.0, 510.0, 511.0, 508.0, 510.0, 510.0, 509.0, 511.0, 510.0, 511.0, 510.0, 508.0, 509.0, 508.0, 511.0, 511.0, 510.0, 510.0, 511.0, 511.0, 508.0, 511.0, 511.0, 510.0, 511.0, 510.0, 511.0, 511.0, 511.0, 511.0, 510.0, 511.0, 509.0, 510.0, 510.0, 510.0, 511.0, 510.0, 509.0, 510.0, 509.0, 510.0]
Crossover offspring noisy fitness: [509.0, 509.0, 510.0, 509.0, 511.0, 510.0, 511.0, 509.0, 510.0, 510.0, 510.0, 510.0, 511.0, 510.0, 510.0, 511.0, 511.0, 510.0, 510.0, 508.0, 510.0, 509.0, 509.0, 511.0, 508.0, 510.0, 510.0, 509.0, 511.0, 510.0, 511.0, 510.0, 508.0, 508.0, 508.0, 511.0, 511.0, 510.0, 510.0, 511.0, 511.0, 508.0, 511.0, 511.0, 510.0, 511.0, 510.0, 511.0, 511.0, 511.0, 511.0, 509.0, 511.0, 509.0, 510.0, 510.0, 510.0, 511.0, 510.0, 509.0, 510.0, 509.0, 509.0]
Is bad individual winner: 0
Is good individual winner: 0
Real fitness of best good: 511.0
Noisy fitness of best good: 511.0
Real fitness of best bad: 510.0
Noisy fitness of best bad: 510.0

l: 67
Real fitness of mutation winner: 446.0
Noisy fitness of mutation winner: 446.0
Crossover offspring real fitness: [510.0, 510.0, 510.0, 511.0, 509.0, 510.0, 509.0, 510.0, 510.0, 511.0, 510.0, 510.0, 510.0, 510.0, 509.0, 511.0, 510.0, 509.0, 510.0, 511.0, 510.0, 509.0, 510.0, 511.0, 509.0, 511.0, 510.0, 510.0, 509.0, 510.0, 511.0, 510.0, 510.0, 510.0, 510.0, 510.0, 510.0, 510.0, 511.0, 511.0, 510.0, 511.0, 510.0, 509.0, 510.0, 511.0, 510.0, 508.0, 510.0, 510.0, 510.0, 510.0, 509.0, 510.0, 511.0, 508.0, 509.0, 510.0, 510.0, 509.0, 508.0, 509.0, 510.0]
Crossover offspring noisy fitness: [509.0, 510.0, 510.0, 509.0, 509.0, 510.0, 509.0, 510.0, 510.0, 511.0, 510.0, 510.0, 510.0, 510.0, 509.0, 511.0, 510.0, 508.0, 510.0, 511.0, 510.0, 509.0, 510.0, 511.0, 509.0, 511.0, 510.0, 510.0, 509.0, 510.0, 511.0, 510.0, 510.0, 510.0, 510.0, 510.0, 510.0, 510.0, 511.0, 511.0, 510.0, 511.0, 510.0, 509.0, 510.0, 511.0, 510.0, 508.0, 510.0, 510.0, 510.0, 510.0, 509.0, 510.0, 511.0, 508.0, 509.0, 510.0, 510.0, 509.0, 508.0, 509.0, 510.0]
Is bad individual winner: 0
Is good individual winner: 0
Real fitness of best good: 511.0
Noisy fitness of best good: 511.0
Real fitness of best bad: 510.0
Noisy fitness of best bad: 510.0

l: 76
Real fitness of mutation winner: 437.0
Noisy fitness of mutation winner: 437.0
Crossover offspring real fitness: [511.0, 506.0, 511.0, 509.0, 510.0, 511.0, 510.0, 508.0, 509.0, 509.0, 510.0, 508.0, 511.0, 510.0, 511.0, 510.0, 511.0, 508.0, 511.0, 509.0, 509.0, 511.0, 510.0, 510.0, 509.0, 510.0, 511.0, 508.0, 510.0, 509.0, 508.0, 511.0, 509.0, 511.0, 509.0, 509.0, 509.0, 510.0, 509.0, 508.0, 509.0, 509.0, 510.0, 510.0, 505.0, 511.0, 511.0, 508.0, 510.0, 511.0, 509.0, 510.0, 508.0, 508.0, 509.0, 511.0, 509.0, 511.0, 510.0, 507.0, 507.0, 509.0, 510.0]
Crossover offspring noisy fitness: [510.0, 506.0, 510.0, 509.0, 510.0, 511.0, 510.0, 508.0, 509.0, 509.0, 510.0, 508.0, 511.0, 510.0, 511.0, 510.0, 511.0, 508.0, 511.0, 509.0, 509.0, 511.0, 510.0, 510.0, 509.0, 510.0, 511.0, 508.0, 509.0, 508.0, 508.0, 510.0, 509.0, 511.0, 509.0, 509.0, 509.0, 510.0, 509.0, 508.0, 509.0, 509.0, 510.0, 510.0, 505.0, 511.0, 511.0, 508.0, 510.0, 511.0, 509.0, 510.0, 508.0, 508.0, 509.0, 510.0, 509.0, 511.0, 510.0, 507.0, 507.0, 509.0, 510.0]
Is bad individual winner: 0
Is good individual winner: 0
Real fitness of best good: 511.0
Noisy fitness of best good: 511.0
Real fitness of best bad: 510.0
Noisy fitness of best bad: 510.0

l: 60
Real fitness of mutation winner: 453.0
Noisy fitness of mutation winner: 453.0
Crossover offspring real fitness: [511.0, 509.0, 511.0, 510.0, 511.0, 510.0, 510.0, 510.0, 509.0, 510.0, 511.0, 511.0, 510.0, 512.0, 510.0, 509.0, 511.0, 510.0, 510.0, 510.0, 511.0, 511.0, 511.0, 510.0, 511.0, 510.0, 511.0, 509.0, 511.0, 510.0, 509.0, 511.0, 510.0, 511.0, 511.0, 510.0, 511.0, 510.0, 510.0, 510.0, 508.0, 511.0, 511.0, 511.0, 510.0, 510.0, 507.0, 510.0, 509.0, 511.0, 510.0, 511.0, 510.0, 512.0, 510.0, 511.0, 510.0, 510.0, 511.0, 511.0, 509.0, 510.0, 506.0]
Crossover offspring noisy fitness: [510.0, 509.0, 511.0, 510.0, 511.0, 510.0, 510.0, 510.0, 509.0, 510.0, 510.0, 511.0, 510.0, 511.0, 510.0, 508.0, 511.0, 510.0, 510.0, 510.0, 511.0, 511.0, 511.0, 510.0, 511.0, 510.0, 511.0, 509.0, 511.0, 510.0, 509.0, 511.0, 510.0, 511.0, 511.0, 510.0, 511.0, 510.0, 510.0, 510.0, 508.0, 511.0, 511.0, 511.0, 510.0, 510.0, 507.0, 510.0, 509.0, 511.0, 510.0, 510.0, 510.0, 512.0, 510.0, 510.0, 510.0, 510.0, 510.0, 510.0, 509.0, 510.0, 506.0]
Is bad individual winner: 0
Is good individual winner: 1
Real fitness of best good: 512.0
Noisy fitness of best good: 512.0
Real fitness of best bad: 510.0
Noisy fitness of best bad: 510.0

l: 64
Real fitness of mutation winner: 449.0
Noisy fitness of mutation winner: 449.0
Crossover offspring real fitness: [509.0, 510.0, 511.0, 511.0, 510.0, 510.0, 508.0, 511.0, 511.0, 511.0, 511.0, 510.0, 510.0, 510.0, 511.0, 511.0, 509.0, 510.0, 510.0, 511.0, 510.0, 509.0, 511.0, 511.0, 510.0, 511.0, 511.0, 509.0, 511.0, 511.0, 510.0, 511.0, 511.0, 510.0, 510.0, 510.0, 509.0, 511.0, 508.0, 510.0, 511.0, 510.0, 510.0, 510.0, 510.0, 510.0, 509.0, 509.0, 510.0, 511.0, 511.0, 510.0, 509.0, 511.0, 511.0, 510.0, 511.0, 511.0, 510.0, 510.0, 510.0, 511.0, 507.0]
Crossover offspring noisy fitness: [509.0, 510.0, 511.0, 511.0, 510.0, 510.0, 508.0, 511.0, 511.0, 511.0, 511.0, 510.0, 510.0, 510.0, 511.0, 511.0, 509.0, 510.0, 510.0, 511.0, 510.0, 509.0, 511.0, 511.0, 510.0, 511.0, 511.0, 509.0, 511.0, 511.0, 510.0, 511.0, 511.0, 510.0, 510.0, 510.0, 509.0, 511.0, 508.0, 510.0, 510.0, 510.0, 510.0, 510.0, 510.0, 510.0, 509.0, 508.0, 510.0, 511.0, 511.0, 510.0, 509.0, 511.0, 511.0, 510.0, 511.0, 511.0, 509.0, 510.0, 510.0, 510.0, 507.0]
Is bad individual winner: 0
Is good individual winner: 0
Real fitness of best good: 511.0
Noisy fitness of best good: 511.0
Real fitness of best bad: 510.0
Noisy fitness of best bad: 510.0

l: 63
Real fitness of mutation winner: 450.0
Noisy fitness of mutation winner: 450.0
Crossover offspring real fitness: [510.0, 511.0, 510.0, 510.0, 510.0, 511.0, 511.0, 511.0, 511.0, 509.0, 509.0, 510.0, 510.0, 511.0, 511.0, 511.0, 511.0, 508.0, 508.0, 509.0, 509.0, 511.0, 510.0, 509.0, 507.0, 507.0, 510.0, 509.0, 511.0, 511.0, 507.0, 510.0, 511.0, 510.0, 511.0, 510.0, 510.0, 511.0, 508.0, 511.0, 509.0, 510.0, 511.0, 510.0, 508.0, 510.0, 511.0, 510.0, 509.0, 509.0, 511.0, 510.0, 510.0, 510.0, 509.0, 511.0, 510.0, 510.0, 511.0, 510.0, 508.0, 510.0, 511.0]
Crossover offspring noisy fitness: [510.0, 511.0, 509.0, 510.0, 510.0, 511.0, 511.0, 511.0, 511.0, 509.0, 509.0, 510.0, 510.0, 511.0, 511.0, 511.0, 511.0, 508.0, 508.0, 509.0, 509.0, 511.0, 510.0, 509.0, 507.0, 507.0, 510.0, 509.0, 511.0, 511.0, 507.0, 510.0, 511.0, 510.0, 511.0, 510.0, 510.0, 511.0, 508.0, 511.0, 509.0, 510.0, 511.0, 510.0, 508.0, 510.0, 511.0, 510.0, 509.0, 509.0, 511.0, 510.0, 510.0, 510.0, 509.0, 511.0, 510.0, 509.0, 511.0, 510.0, 508.0, 510.0, 511.0]
Is bad individual winner: 0
Is good individual winner: 0
Real fitness of best good: 511.0
Noisy fitness of best good: 511.0
Real fitness of best bad: 510.0
Noisy fitness of best bad: 510.0

l: 82
Real fitness of mutation winner: 431.0
Noisy fitness of mutation winner: 431.0
Crossover offspring real fitness: [509.0, 509.0, 509.0, 507.0, 509.0, 510.0, 509.0, 510.0, 509.0, 511.0, 509.0, 511.0, 509.0, 510.0, 508.0, 508.0, 509.0, 510.0, 509.0, 510.0, 511.0, 510.0, 510.0, 507.0, 509.0, 508.0, 511.0, 511.0, 511.0, 510.0, 510.0, 508.0, 508.0, 511.0, 508.0, 510.0, 511.0, 511.0, 510.0, 510.0, 511.0, 510.0, 511.0, 511.0, 510.0, 511.0, 509.0, 509.0, 511.0, 511.0, 509.0, 510.0, 509.0, 509.0, 511.0, 511.0, 511.0, 510.0, 510.0, 511.0, 506.0, 510.0, 507.0]
Crossover offspring noisy fitness: [509.0, 509.0, 509.0, 507.0, 508.0, 510.0, 509.0, 510.0, 509.0, 511.0, 509.0, 511.0, 509.0, 510.0, 508.0, 508.0, 509.0, 510.0, 509.0, 510.0, 511.0, 510.0, 510.0, 507.0, 509.0, 508.0, 511.0, 511.0, 511.0, 510.0, 510.0, 508.0, 508.0, 511.0, 508.0, 510.0, 511.0, 511.0, 510.0, 510.0, 511.0, 510.0, 511.0, 511.0, 510.0, 511.0, 509.0, 509.0, 511.0, 511.0, 509.0, 510.0, 509.0, 509.0, 511.0, 511.0, 511.0, 510.0, 510.0, 511.0, 506.0, 510.0, 506.0]
Is bad individual winner: 0
Is good individual winner: 0
Real fitness of best good: 511.0
Noisy fitness of best good: 511.0
Real fitness of best bad: 510.0
Noisy fitness of best bad: 510.0

l: 62
Real fitness of mutation winner: 451.0
Noisy fitness of mutation winner: 451.0
Crossover offspring real fitness: [511.0, 510.0, 511.0, 511.0, 511.0, 511.0, 510.0, 511.0, 511.0, 509.0, 509.0, 511.0, 511.0, 511.0, 511.0, 510.0, 509.0, 511.0, 508.0, 511.0, 510.0, 511.0, 511.0, 510.0, 510.0, 509.0, 510.0, 509.0, 511.0, 510.0, 510.0, 511.0, 511.0, 507.0, 511.0, 507.0, 509.0, 509.0, 511.0, 508.0, 511.0, 511.0, 511.0, 510.0, 510.0, 509.0, 511.0, 510.0, 510.0, 510.0, 511.0, 510.0, 511.0, 509.0, 511.0, 510.0, 511.0, 510.0, 510.0, 509.0, 511.0, 510.0, 510.0]
Crossover offspring noisy fitness: [511.0, 510.0, 511.0, 511.0, 511.0, 511.0, 510.0, 511.0, 511.0, 509.0, 509.0, 511.0, 511.0, 511.0, 511.0, 510.0, 509.0, 510.0, 508.0, 511.0, 510.0, 511.0, 511.0, 510.0, 510.0, 509.0, 510.0, 509.0, 511.0, 510.0, 510.0, 511.0, 511.0, 507.0, 511.0, 507.0, 509.0, 509.0, 511.0, 508.0, 511.0, 511.0, 511.0, 510.0, 510.0, 509.0, 511.0, 510.0, 510.0, 510.0, 510.0, 510.0, 511.0, 509.0, 511.0, 510.0, 511.0, 510.0, 510.0, 509.0, 511.0, 510.0, 510.0]
Is bad individual winner: 0
Is good individual winner: 0
Real fitness of best good: 511.0
Noisy fitness of best good: 511.0
Real fitness of best bad: 510.0
Noisy fitness of best bad: 510.0

l: 56
Real fitness of mutation winner: 457.0
Noisy fitness of mutation winner: 458.0
Crossover offspring real fitness: [511.0, 511.0, 511.0, 511.0, 510.0, 508.0, 510.0, 511.0, 510.0, 509.0, 511.0, 511.0, 509.0, 511.0, 510.0, 509.0, 510.0, 510.0, 510.0, 510.0, 510.0, 511.0, 509.0, 510.0, 511.0, 511.0, 511.0, 510.0, 509.0, 509.0, 511.0, 510.0, 508.0, 510.0, 509.0, 511.0, 511.0, 509.0, 509.0, 508.0, 508.0, 511.0, 511.0, 510.0, 511.0, 509.0, 511.0, 511.0, 510.0, 510.0, 510.0, 511.0, 511.0, 510.0, 509.0, 511.0, 510.0, 511.0, 511.0, 510.0, 510.0, 511.0, 510.0]
Crossover offspring noisy fitness: [511.0, 511.0, 511.0, 511.0, 510.0, 508.0, 509.0, 511.0, 510.0, 509.0, 511.0, 511.0, 509.0, 511.0, 510.0, 509.0, 510.0, 510.0, 510.0, 510.0, 510.0, 511.0, 509.0, 510.0, 511.0, 511.0, 511.0, 510.0, 509.0, 508.0, 511.0, 510.0, 508.0, 510.0, 509.0, 511.0, 510.0, 509.0, 509.0, 508.0, 508.0, 511.0, 511.0, 510.0, 511.0, 509.0, 511.0, 511.0, 510.0, 510.0, 510.0, 511.0, 511.0, 510.0, 509.0, 511.0, 510.0, 511.0, 511.0, 510.0, 510.0, 511.0, 510.0]
Is bad individual winner: 0
Is good individual winner: 0
Real fitness of best good: 511.0
Noisy fitness of best good: 511.0
Real fitness of best bad: 510.0
Noisy fitness of best bad: 510.0

l: 73
Real fitness of mutation winner: 440.0
Noisy fitness of mutation winner: 440.0
Crossover offspring real fitness: [511.0, 510.0, 509.0, 510.0, 509.0, 509.0, 510.0, 511.0, 508.0, 509.0, 510.0, 510.0, 509.0, 511.0, 511.0, 508.0, 511.0, 511.0, 510.0, 510.0, 508.0, 511.0, 511.0, 508.0, 511.0, 508.0, 510.0, 510.0, 511.0, 511.0, 509.0, 509.0, 510.0, 511.0, 510.0, 511.0, 511.0, 510.0, 511.0, 511.0, 511.0, 511.0, 510.0, 511.0, 510.0, 510.0, 509.0, 509.0, 511.0, 511.0, 509.0, 510.0, 508.0, 511.0, 510.0, 510.0, 510.0, 511.0, 508.0, 510.0, 510.0, 510.0, 511.0]
Crossover offspring noisy fitness: [510.0, 510.0, 509.0, 510.0, 509.0, 509.0, 510.0, 511.0, 508.0, 509.0, 510.0, 510.0, 509.0, 511.0, 511.0, 508.0, 510.0, 511.0, 510.0, 509.0, 508.0, 511.0, 511.0, 508.0, 510.0, 508.0, 510.0, 510.0, 511.0, 511.0, 509.0, 509.0, 509.0, 511.0, 510.0, 511.0, 511.0, 510.0, 511.0, 511.0, 511.0, 510.0, 510.0, 511.0, 510.0, 510.0, 509.0, 508.0, 511.0, 511.0, 509.0, 510.0, 508.0, 511.0, 510.0, 509.0, 510.0, 511.0, 508.0, 510.0, 510.0, 510.0, 511.0]
Is bad individual winner: 0
Is good individual winner: 0
Real fitness of best good: 511.0
Noisy fitness of best good: 511.0
Real fitness of best bad: 510.0
Noisy fitness of best bad: 510.0

l: 53
Real fitness of mutation winner: 460.0
Noisy fitness of mutation winner: 460.0
Crossover offspring real fitness: [511.0, 509.0, 511.0, 510.0, 511.0, 509.0, 510.0, 509.0, 510.0, 511.0, 511.0, 508.0, 511.0, 509.0, 510.0, 509.0, 511.0, 511.0, 510.0, 511.0, 511.0, 510.0, 511.0, 511.0, 511.0, 510.0, 511.0, 510.0, 511.0, 511.0, 510.0, 511.0, 510.0, 511.0, 509.0, 510.0, 511.0, 511.0, 510.0, 512.0, 511.0, 511.0, 510.0, 509.0, 511.0, 508.0, 510.0, 510.0, 509.0, 511.0, 510.0, 509.0, 512.0, 511.0, 510.0, 511.0, 509.0, 510.0, 510.0, 510.0, 509.0, 511.0, 509.0]
Crossover offspring noisy fitness: [511.0, 509.0, 509.0, 509.0, 511.0, 509.0, 510.0, 509.0, 510.0, 511.0, 511.0, 508.0, 511.0, 508.0, 510.0, 509.0, 511.0, 511.0, 510.0, 511.0, 511.0, 510.0, 511.0, 511.0, 511.0, 510.0, 511.0, 510.0, 511.0, 511.0, 510.0, 511.0, 510.0, 511.0, 509.0, 510.0, 511.0, 510.0, 510.0, 512.0, 511.0, 511.0, 510.0, 509.0, 511.0, 508.0, 510.0, 510.0, 509.0, 510.0, 510.0, 509.0, 512.0, 511.0, 510.0, 511.0, 509.0, 510.0, 510.0, 510.0, 508.0, 511.0, 509.0]
Is bad individual winner: 0
Is good individual winner: 1
Real fitness of best good: 512.0
Noisy fitness of best good: 512.0
Real fitness of best bad: 510.0
Noisy fitness of best bad: 510.0

l: 69
Real fitness of mutation winner: 444.0
Noisy fitness of mutation winner: 444.0
Crossover offspring real fitness: [511.0, 509.0, 509.0, 510.0, 511.0, 509.0, 510.0, 511.0, 511.0, 507.0, 510.0, 509.0, 511.0, 509.0, 511.0, 510.0, 510.0, 509.0, 509.0, 510.0, 510.0, 510.0, 511.0, 509.0, 511.0, 511.0, 509.0, 508.0, 511.0, 511.0, 509.0, 510.0, 510.0, 510.0, 508.0, 511.0, 508.0, 509.0, 510.0, 510.0, 510.0, 509.0, 511.0, 511.0, 510.0, 510.0, 510.0, 508.0, 511.0, 510.0, 510.0, 509.0, 509.0, 509.0, 511.0, 507.0, 510.0, 510.0, 509.0, 511.0, 510.0, 510.0, 511.0]
Crossover offspring noisy fitness: [511.0, 509.0, 509.0, 510.0, 511.0, 509.0, 510.0, 511.0, 511.0, 507.0, 510.0, 509.0, 511.0, 509.0, 511.0, 510.0, 510.0, 509.0, 509.0, 510.0, 510.0, 510.0, 511.0, 508.0, 511.0, 511.0, 509.0, 508.0, 511.0, 511.0, 509.0, 510.0, 510.0, 510.0, 508.0, 510.0, 508.0, 508.0, 510.0, 510.0, 510.0, 509.0, 511.0, 511.0, 510.0, 510.0, 510.0, 508.0, 511.0, 510.0, 510.0, 509.0, 509.0, 509.0, 511.0, 507.0, 510.0, 510.0, 509.0, 511.0, 510.0, 510.0, 511.0]
Is bad individual winner: 0
Is good individual winner: 0
Real fitness of best good: 511.0
Noisy fitness of best good: 511.0
Real fitness of best bad: 510.0
Noisy fitness of best bad: 510.0

l: 68
Real fitness of mutation winner: 445.0
Noisy fitness of mutation winner: 445.0
Crossover offspring real fitness: [510.0, 511.0, 508.0, 511.0, 511.0, 510.0, 509.0, 510.0, 510.0, 510.0, 509.0, 510.0, 511.0, 510.0, 510.0, 511.0, 510.0, 510.0, 511.0, 508.0, 511.0, 508.0, 511.0, 510.0, 510.0, 511.0, 510.0, 511.0, 511.0, 511.0, 511.0, 508.0, 511.0, 508.0, 510.0, 511.0, 511.0, 511.0, 509.0, 508.0, 511.0, 510.0, 509.0, 511.0, 510.0, 506.0, 510.0, 509.0, 510.0, 510.0, 511.0, 508.0, 511.0, 508.0, 510.0, 510.0, 509.0, 511.0, 511.0, 509.0, 508.0, 509.0, 509.0]
Crossover offspring noisy fitness: [510.0, 511.0, 508.0, 511.0, 511.0, 509.0, 509.0, 510.0, 510.0, 510.0, 509.0, 510.0, 511.0, 510.0, 510.0, 511.0, 510.0, 510.0, 511.0, 507.0, 511.0, 508.0, 511.0, 510.0, 510.0, 511.0, 510.0, 511.0, 511.0, 511.0, 511.0, 508.0, 511.0, 508.0, 510.0, 511.0, 511.0, 511.0, 509.0, 508.0, 511.0, 510.0, 509.0, 511.0, 510.0, 506.0, 510.0, 509.0, 510.0, 510.0, 511.0, 508.0, 511.0, 508.0, 510.0, 510.0, 509.0, 511.0, 511.0, 509.0, 508.0, 509.0, 509.0]
Is bad individual winner: 0
Is good individual winner: 0
Real fitness of best good: 511.0
Noisy fitness of best good: 511.0
Real fitness of best bad: 510.0
Noisy fitness of best bad: 510.0

l: 60
Real fitness of mutation winner: 453.0
Noisy fitness of mutation winner: 453.0
Crossover offspring real fitness: [510.0, 511.0, 511.0, 509.0, 510.0, 511.0, 511.0, 510.0, 511.0, 510.0, 511.0, 511.0, 511.0, 510.0, 511.0, 510.0, 511.0, 511.0, 509.0, 511.0, 510.0, 510.0, 510.0, 511.0, 511.0, 509.0, 508.0, 511.0, 509.0, 511.0, 510.0, 510.0, 511.0, 511.0, 511.0, 510.0, 511.0, 511.0, 510.0, 510.0, 511.0, 510.0, 509.0, 510.0, 511.0, 509.0, 508.0, 509.0, 510.0, 510.0, 511.0, 509.0, 511.0, 511.0, 511.0, 511.0, 511.0, 509.0, 509.0, 509.0, 511.0, 510.0, 511.0]
Crossover offspring noisy fitness: [510.0, 511.0, 511.0, 509.0, 510.0, 511.0, 511.0, 510.0, 510.0, 510.0, 511.0, 511.0, 511.0, 510.0, 511.0, 509.0, 511.0, 511.0, 509.0, 511.0, 510.0, 510.0, 510.0, 511.0, 511.0, 509.0, 508.0, 511.0, 509.0, 511.0, 510.0, 510.0, 511.0, 511.0, 511.0, 510.0, 511.0, 511.0, 510.0, 510.0, 511.0, 510.0, 509.0, 509.0, 511.0, 509.0, 508.0, 509.0, 510.0, 510.0, 511.0, 509.0, 511.0, 511.0, 511.0, 511.0, 511.0, 509.0, 509.0, 509.0, 511.0, 510.0, 511.0]
Is bad individual winner: 0
Is good individual winner: 0
Real fitness of best good: 511.0
Noisy fitness of best good: 511.0
Real fitness of best bad: 510.0
Noisy fitness of best bad: 510.0

l: 47
Real fitness of mutation winner: 466.0
Noisy fitness of mutation winner: 466.0
Crossover offspring real fitness: [511.0, 510.0, 508.0, 509.0, 510.0, 511.0, 511.0, 509.0, 510.0, 508.0, 511.0, 510.0, 508.0, 510.0, 510.0, 510.0, 510.0, 510.0, 510.0, 509.0, 510.0, 510.0, 509.0, 510.0, 511.0, 511.0, 508.0, 511.0, 511.0, 509.0, 511.0, 510.0, 510.0, 511.0, 508.0, 509.0, 509.0, 509.0, 511.0, 510.0, 508.0, 509.0, 509.0, 510.0, 510.0, 510.0, 510.0, 510.0, 511.0, 510.0, 511.0, 510.0, 511.0, 511.0, 510.0, 511.0, 511.0, 510.0, 511.0, 510.0, 511.0, 511.0, 511.0]
Crossover offspring noisy fitness: [510.0, 510.0, 508.0, 509.0, 510.0, 511.0, 511.0, 509.0, 510.0, 508.0, 511.0, 510.0, 508.0, 510.0, 510.0, 510.0, 510.0, 510.0, 509.0, 509.0, 510.0, 510.0, 509.0, 510.0, 511.0, 511.0, 508.0, 511.0, 511.0, 509.0, 511.0, 510.0, 509.0, 511.0, 508.0, 509.0, 509.0, 509.0, 511.0, 510.0, 508.0, 509.0, 509.0, 510.0, 510.0, 510.0, 510.0, 510.0, 511.0, 509.0, 511.0, 510.0, 511.0, 511.0, 510.0, 511.0, 511.0, 510.0, 511.0, 510.0, 511.0, 511.0, 511.0]
Is bad individual winner: 0
Is good individual winner: 0
Real fitness of best good: 511.0
Noisy fitness of best good: 511.0
Real fitness of best bad: 510.0
Noisy fitness of best bad: 510.0

l: 78
Real fitness of mutation winner: 435.0
Noisy fitness of mutation winner: 435.0
Crossover offspring real fitness: [511.0, 510.0, 510.0, 510.0, 507.0, 509.0, 510.0, 510.0, 511.0, 511.0, 510.0, 509.0, 511.0, 511.0, 510.0, 510.0, 511.0, 511.0, 510.0, 511.0, 511.0, 511.0, 510.0, 511.0, 509.0, 511.0, 511.0, 510.0, 510.0, 510.0, 511.0, 511.0, 508.0, 510.0, 510.0, 509.0, 508.0, 510.0, 508.0, 508.0, 509.0, 511.0, 509.0, 512.0, 507.0, 509.0, 509.0, 508.0, 510.0, 509.0, 509.0, 509.0, 511.0, 510.0, 509.0, 509.0, 509.0, 510.0, 509.0, 511.0, 510.0, 509.0, 508.0]
Crossover offspring noisy fitness: [511.0, 510.0, 510.0, 510.0, 507.0, 509.0, 510.0, 509.0, 511.0, 511.0, 510.0, 509.0, 511.0, 511.0, 510.0, 510.0, 511.0, 511.0, 510.0, 511.0, 511.0, 511.0, 510.0, 511.0, 509.0, 511.0, 511.0, 510.0, 510.0, 510.0, 511.0, 511.0, 508.0, 510.0, 510.0, 509.0, 508.0, 510.0, 508.0, 508.0, 509.0, 511.0, 509.0, 512.0, 507.0, 509.0, 509.0, 508.0, 510.0, 509.0, 509.0, 509.0, 511.0, 510.0, 509.0, 509.0, 509.0, 510.0, 509.0, 511.0, 510.0, 509.0, 507.0]
Is bad individual winner: 0
Is good individual winner: 1
Real fitness of best good: 512.0
Noisy fitness of best good: 512.0
Real fitness of best bad: 510.0
Noisy fitness of best bad: 510.0

l: 64
Real fitness of mutation winner: 449.0
Noisy fitness of mutation winner: 449.0
Crossover offspring real fitness: [509.0, 510.0, 511.0, 511.0, 511.0, 508.0, 510.0, 507.0, 509.0, 510.0, 511.0, 511.0, 510.0, 511.0, 511.0, 509.0, 508.0, 509.0, 509.0, 510.0, 511.0, 509.0, 510.0, 511.0, 510.0, 511.0, 508.0, 510.0, 511.0, 510.0, 510.0, 510.0, 507.0, 508.0, 511.0, 509.0, 511.0, 509.0, 509.0, 509.0, 510.0, 510.0, 509.0, 510.0, 511.0, 511.0, 510.0, 510.0, 509.0, 510.0, 510.0, 509.0, 510.0, 510.0, 510.0, 511.0, 511.0, 510.0, 508.0, 511.0, 511.0, 509.0, 510.0]
Crossover offspring noisy fitness: [509.0, 510.0, 511.0, 511.0, 511.0, 508.0, 510.0, 507.0, 509.0, 510.0, 510.0, 511.0, 510.0, 511.0, 511.0, 509.0, 508.0, 508.0, 509.0, 509.0, 511.0, 509.0, 510.0, 511.0, 510.0, 511.0, 508.0, 510.0, 511.0, 510.0, 510.0, 510.0, 507.0, 508.0, 510.0, 509.0, 511.0, 509.0, 509.0, 509.0, 510.0, 510.0, 509.0, 510.0, 511.0, 511.0, 510.0, 510.0, 509.0, 510.0, 510.0, 509.0, 510.0, 510.0, 510.0, 511.0, 511.0, 510.0, 507.0, 511.0, 511.0, 509.0, 510.0]
Is bad individual winner: 0
Is good individual winner: 0
Real fitness of best good: 511.0
Noisy fitness of best good: 511.0
Real fitness of best bad: 510.0
Noisy fitness of best bad: 510.0

l: 73
Real fitness of mutation winner: 440.0
Noisy fitness of mutation winner: 440.0
Crossover offspring real fitness: [510.0, 512.0, 511.0, 511.0, 509.0, 510.0, 510.0, 511.0, 511.0, 509.0, 511.0, 511.0, 511.0, 510.0, 511.0, 509.0, 511.0, 510.0, 511.0, 510.0, 509.0, 509.0, 511.0, 511.0, 510.0, 510.0, 508.0, 511.0, 512.0, 510.0, 511.0, 511.0, 511.0, 508.0, 509.0, 510.0, 510.0, 507.0, 510.0, 510.0, 511.0, 509.0, 509.0, 510.0, 510.0, 511.0, 510.0, 510.0, 510.0, 509.0, 509.0, 508.0, 509.0, 510.0, 509.0, 510.0, 508.0, 510.0, 509.0, 510.0, 511.0, 511.0, 511.0]
Crossover offspring noisy fitness: [510.0, 512.0, 511.0, 511.0, 509.0, 510.0, 510.0, 511.0, 511.0, 509.0, 510.0, 511.0, 511.0, 510.0, 511.0, 509.0, 511.0, 510.0, 511.0, 510.0, 509.0, 509.0, 511.0, 511.0, 510.0, 510.0, 508.0, 511.0, 512.0, 510.0, 511.0, 511.0, 511.0, 508.0, 509.0, 510.0, 510.0, 507.0, 510.0, 510.0, 511.0, 509.0, 509.0, 510.0, 510.0, 511.0, 510.0, 510.0, 510.0, 509.0, 509.0, 508.0, 509.0, 510.0, 509.0, 510.0, 508.0, 510.0, 509.0, 510.0, 511.0, 511.0, 511.0]
Is bad individual winner: 0
Is good individual winner: 1
Real fitness of best good: 512.0
Noisy fitness of best good: 512.0
Real fitness of best bad: 510.0
Noisy fitness of best bad: 510.0

