l: 65
Real fitness of mutation winner: 448.0
Noisy fitness of mutation winner: 448.0
Crossover offspring real fitness: [502.0, 505.0, 503.0, 505.0, 506.0, 504.0, 505.0, 504.0, 503.0, 504.0, 503.0, 506.0, 504.0, 505.0, 505.0, 503.0, 504.0, 505.0, 504.0, 505.0, 502.0, 504.0, 505.0, 505.0, 504.0, 505.0, 505.0, 504.0, 504.0, 505.0, 504.0, 505.0, 504.0, 505.0, 504.0, 506.0, 505.0, 502.0, 504.0, 504.0, 504.0, 504.0, 504.0, 505.0, 504.0, 504.0, 504.0, 504.0, 504.0, 504.0, 504.0, 504.0, 504.0, 505.0, 504.0, 502.0, 505.0, 505.0, 505.0, 505.0, 504.0, 503.0, 505.0]
Crossover offspring noisy fitness: [502.0, 505.0, 503.0, 505.0, 506.0, 504.0, 505.0, 504.0, 502.0, 504.0, 503.0, 506.0, 504.0, 505.0, 505.0, 502.0, 504.0, 505.0, 504.0, 505.0, 502.0, 504.0, 505.0, 505.0, 504.0, 505.0, 505.0, 504.0, 504.0, 505.0, 504.0, 505.0, 504.0, 505.0, 504.0, 506.0, 505.0, 501.0, 503.0, 504.0, 504.0, 504.0, 504.0, 505.0, 504.0, 504.0, 504.0, 504.0, 504.0, 504.0, 504.0, 504.0, 504.0, 505.0, 504.0, 502.0, 505.0, 505.0, 505.0, 505.0, 504.0, 503.0, 505.0]
Is bad individual winner: 0
Is good individual winner: 1
Real fitness of best good: 506.0
Noisy fitness of best good: 506.0
Real fitness of best bad: 504.0
Noisy fitness of best bad: 504.0

l: 59
Real fitness of mutation winner: 452.0
Noisy fitness of mutation winner: 452.0
Crossover offspring real fitness: [505.0, 505.0, 503.0, 502.0, 506.0, 505.0, 504.0, 504.0, 502.0, 504.0, 504.0, 505.0, 504.0, 504.0, 504.0, 504.0, 505.0, 505.0, 504.0, 503.0, 504.0, 505.0, 505.0, 504.0, 502.0, 504.0, 505.0, 505.0, 504.0, 504.0, 503.0, 504.0, 505.0, 501.0, 503.0, 505.0, 504.0, 504.0, 505.0, 504.0, 505.0, 503.0, 506.0, 505.0, 505.0, 504.0, 504.0, 503.0, 504.0, 502.0, 503.0, 504.0, 503.0, 505.0, 504.0, 503.0, 502.0, 504.0, 505.0, 504.0, 503.0, 504.0, 504.0]
Crossover offspring noisy fitness: [505.0, 505.0, 503.0, 501.0, 506.0, 505.0, 504.0, 504.0, 502.0, 504.0, 504.0, 505.0, 504.0, 504.0, 504.0, 504.0, 505.0, 505.0, 504.0, 503.0, 504.0, 505.0, 505.0, 504.0, 502.0, 504.0, 505.0, 505.0, 504.0, 504.0, 503.0, 504.0, 505.0, 501.0, 502.0, 505.0, 504.0, 504.0, 505.0, 504.0, 505.0, 503.0, 506.0, 505.0, 505.0, 504.0, 504.0, 503.0, 504.0, 502.0, 503.0, 504.0, 503.0, 505.0, 504.0, 503.0, 502.0, 504.0, 505.0, 504.0, 503.0, 504.0, 504.0]
Is bad individual winner: 0
Is good individual winner: 1
Real fitness of best good: 506.0
Noisy fitness of best good: 506.0
Real fitness of best bad: 504.0
Noisy fitness of best bad: 504.0

l: 58
Real fitness of mutation winner: 453.0
Noisy fitness of mutation winner: 453.0
Crossover offspring real fitness: [504.0, 501.0, 504.0, 503.0, 503.0, 504.0, 505.0, 505.0, 504.0, 502.0, 505.0, 505.0, 505.0, 505.0, 505.0, 505.0, 504.0, 505.0, 504.0, 504.0, 504.0, 504.0, 505.0, 502.0, 505.0, 503.0, 505.0, 504.0, 504.0, 504.0, 503.0, 505.0, 505.0, 503.0, 503.0, 505.0, 505.0, 505.0, 503.0, 505.0, 503.0, 502.0, 505.0, 504.0, 503.0, 504.0, 504.0, 503.0, 505.0, 504.0, 505.0, 503.0, 503.0, 503.0, 505.0, 505.0, 505.0, 505.0, 503.0, 506.0, 504.0, 503.0, 505.0]
Crossover offspring noisy fitness: [504.0, 501.0, 504.0, 503.0, 503.0, 504.0, 504.0, 505.0, 504.0, 502.0, 505.0, 505.0, 505.0, 505.0, 505.0, 505.0, 504.0, 505.0, 504.0, 504.0, 504.0, 504.0, 505.0, 502.0, 505.0, 503.0, 505.0, 504.0, 504.0, 504.0, 503.0, 505.0, 505.0, 503.0, 503.0, 505.0, 505.0, 505.0, 503.0, 505.0, 503.0, 502.0, 505.0, 504.0, 503.0, 504.0, 504.0, 503.0, 505.0, 504.0, 505.0, 503.0, 503.0, 503.0, 505.0, 505.0, 505.0, 505.0, 503.0, 506.0, 504.0, 503.0, 503.0]
Is bad individual winner: 0
Is good individual winner: 1
Real fitness of best good: 506.0
Noisy fitness of best good: 506.0
Real fitness of best bad: 504.0
Noisy fitness of best bad: 504.0

l: 54
Real fitness of mutation winner: 457.0
Noisy fitness of mutation winner: 457.0
Crossover offspring real fitness: [505.0, 504.0, 504.0, 503.0, 504.0, 504.0, 505.0, 505.0, 504.0, 503.0, 505.0, 505.0, 503.0, 505.0, 505.0, 504.0, 505.0, 505.0, 503.0, 504.0, 505.0, 504.0, 505.0, 504.0, 505.0, 505.0, 503.0, 504.0, 504.0, 504.0, 505.0, 505.0, 505.0, 505.0, 505.0, 505.0, 503.0, 503.0, 505.0, 505.0, 505.0, 504.0, 503.0, 505.0, 504.0, 504.0, 504.0, 503.0, 504.0, 504.0, 504.0, 504.0, 504.0, 505.0, 504.0, 504.0, 503.0, 503.0, 502.0, 504.0, 504.0, 504.0, 503.0]
Crossover offspring noisy fitness: [505.0, 504.0, 504.0, 502.0, 504.0, 504.0, 505.0, 505.0, 504.0, 503.0, 505.0, 505.0, 503.0, 505.0, 505.0, 504.0, 505.0, 505.0, 503.0, 503.0, 505.0, 504.0, 505.0, 503.0, 505.0, 505.0, 503.0, 504.0, 504.0, 504.0, 505.0, 505.0, 505.0, 505.0, 505.0, 505.0, 503.0, 503.0, 505.0, 505.0, 505.0, 504.0, 503.0, 505.0, 504.0, 504.0, 504.0, 503.0, 504.0, 503.0, 504.0, 504.0, 504.0, 505.0, 504.0, 504.0, 503.0, 502.0, 502.0, 504.0, 504.0, 504.0, 503.0]
Is bad individual winner: 0
Is good individual winner: 0
Real fitness of best good: 505.0
Noisy fitness of best good: 505.0
Real fitness of best bad: 504.0
Noisy fitness of best bad: 504.0

l: 67
Real fitness of mutation winner: 444.0
Noisy fitness of mutation winner: 444.0
Crossover offspring real fitness: [503.0, 505.0, 504.0, 505.0, 503.0, 504.0, 504.0, 504.0, 503.0, 505.0, 504.0, 505.0, 505.0, 504.0, 503.0, 504.0, 505.0, 505.0, 504.0, 504.0, 503.0, 505.0, 505.0, 505.0, 504.0, 503.0, 505.0, 503.0, 503.0, 503.0, 504.0, 505.0, 503.0, 504.0, 504.0, 505.0, 504.0, 502.0, 502.0, 504.0, 505.0, 504.0, 504.0, 505.0, 503.0, 504.0, 505.0, 504.0, 505.0, 505.0, 503.0, 505.0, 503.0, 504.0, 504.0, 503.0, 502.0, 505.0, 502.0, 505.0, 504.0, 503.0, 503.0]
Crossover offspring noisy fitness: [503.0, 505.0, 504.0, 504.0, 503.0, 504.0, 504.0, 504.0, 503.0, 505.0, 504.0, 504.0, 505.0, 504.0, 503.0, 504.0, 505.0, 505.0, 503.0, 504.0, 503.0, 505.0, 505.0, 505.0, 504.0, 503.0, 505.0, 503.0, 503.0, 503.0, 504.0, 505.0, 503.0, 504.0, 504.0, 505.0, 504.0, 502.0, 502.0, 504.0, 505.0, 504.0, 503.0, 505.0, 503.0, 504.0, 505.0, 504.0, 505.0, 505.0, 503.0, 505.0, 503.0, 504.0, 504.0, 503.0, 502.0, 505.0, 502.0, 505.0, 504.0, 503.0, 503.0]
Is bad individual winner: 0
Is good individual winner: 0
Real fitness of best good: 505.0
Noisy fitness of best good: 505.0
Real fitness of best bad: 504.0
Noisy fitness of best bad: 504.0

l: 53
Real fitness of mutation winner: 458.0
Noisy fitness of mutation winner: 458.0
Crossover offspring real fitness: [502.0, 504.0, 504.0, 504.0, 505.0, 505.0, 505.0, 505.0, 504.0, 503.0, 504.0, 505.0, 505.0, 504.0, 505.0, 505.0, 505.0, 504.0, 505.0, 505.0, 505.0, 504.0, 505.0, 505.0, 505.0, 504.0, 505.0, 504.0, 504.0, 504.0, 502.0, 505.0, 502.0, 504.0, 504.0, 504.0, 505.0, 505.0, 504.0, 504.0, 503.0, 505.0, 504.0, 504.0, 504.0, 504.0, 504.0, 504.0, 504.0, 505.0, 504.0, 504.0, 504.0, 504.0, 504.0, 505.0, 504.0, 504.0, 504.0, 505.0, 505.0, 507.0, 504.0]
Crossover offspring noisy fitness: [502.0, 504.0, 504.0, 504.0, 505.0, 505.0, 504.0, 505.0, 504.0, 503.0, 504.0, 505.0, 505.0, 504.0, 505.0, 505.0, 505.0, 504.0, 505.0, 505.0, 505.0, 504.0, 505.0, 505.0, 504.0, 504.0, 505.0, 504.0, 504.0, 504.0, 502.0, 505.0, 502.0, 504.0, 504.0, 504.0, 505.0, 505.0, 504.0, 504.0, 502.0, 504.0, 504.0, 504.0, 503.0, 504.0, 504.0, 504.0, 504.0, 505.0, 504.0, 504.0, 504.0, 504.0, 504.0, 504.0, 504.0, 504.0, 504.0, 505.0, 505.0, 507.0, 503.0]
Is bad individual winner: 0
Is good individual winner: 1
Real fitness of best good: 507.0
Noisy fitness of best good: 507.0
Real fitness of best bad: 504.0
Noisy fitness of best bad: 504.0

l: 47
Real fitness of mutation winner: 464.0
Noisy fitness of mutation winner: 464.0
Crossover offspring real fitness: [505.0, 505.0, 505.0, 505.0, 505.0, 505.0, 505.0, 504.0, 505.0, 504.0, 504.0, 504.0, 505.0, 505.0, 505.0, 504.0, 504.0, 504.0, 505.0, 505.0, 505.0, 504.0, 504.0, 505.0, 504.0, 503.0, 505.0, 503.0, 505.0, 505.0, 505.0, 504.0, 505.0, 505.0, 505.0, 505.0, 505.0, 505.0, 505.0, 504.0, 505.0, 503.0, 505.0, 504.0, 504.0, 505.0, 505.0, 504.0, 505.0, 505.0, 505.0, 506.0, 503.0, 505.0, 505.0, 505.0, 505.0, 505.0, 505.0, 505.0, 506.0, 505.0, 505.0]
Crossover offspring noisy fitness: [505.0, 505.0, 505.0, 505.0, 505.0, 505.0, 505.0, 504.0, 505.0, 504.0, 504.0, 504.0, 505.0, 505.0, 505.0, 504.0, 504.0, 503.0, 505.0, 505.0, 505.0, 504.0, 504.0, 505.0, 504.0, 502.0, 505.0, 502.0, 505.0, 505.0, 504.0, 504.0, 505.0, 505.0, 505.0, 505.0, 505.0, 505.0, 505.0, 504.0, 505.0, 503.0, 505.0, 504.0, 504.0, 505.0, 505.0, 504.0, 505.0, 505.0, 505.0, 506.0, 503.0, 505.0, 505.0, 505.0, 504.0, 505.0, 505.0, 505.0, 506.0, 505.0, 505.0]
Is bad individual winner: 0
Is good individual winner: 1
Real fitness of best good: 506.0
Noisy fitness of best good: 506.0
Real fitness of best bad: 504.0
Noisy fitness of best bad: 504.0

l: 53
Real fitness of mutation winner: 456.0
Noisy fitness of mutation winner: 456.0
Crossover offspring real fitness: [503.0, 503.0, 505.0, 506.0, 505.0, 505.0, 504.0, 505.0, 505.0, 504.0, 505.0, 505.0, 504.0, 504.0, 503.0, 503.0, 504.0, 502.0, 505.0, 504.0, 504.0, 503.0, 505.0, 503.0, 504.0, 502.0, 498.0, 504.0, 504.0, 503.0, 504.0, 504.0, 504.0, 505.0, 503.0, 504.0, 505.0, 501.0, 504.0, 505.0, 504.0, 505.0, 505.0, 504.0, 503.0, 503.0, 505.0, 500.0, 504.0, 505.0, 504.0, 505.0, 504.0, 504.0, 502.0, 505.0, 505.0, 504.0, 504.0, 504.0, 504.0, 505.0, 503.0]
Crossover offspring noisy fitness: [503.0, 503.0, 505.0, 506.0, 505.0, 505.0, 504.0, 505.0, 504.0, 504.0, 505.0, 505.0, 504.0, 504.0, 503.0, 503.0, 504.0, 502.0, 505.0, 504.0, 504.0, 503.0, 505.0, 503.0, 504.0, 502.0, 498.0, 503.0, 504.0, 503.0, 504.0, 504.0, 504.0, 505.0, 503.0, 504.0, 505.0, 501.0, 504.0, 505.0, 504.0, 505.0, 505.0, 504.0, 503.0, 503.0, 505.0, 500.0, 504.0, 505.0, 504.0, 505.0, 504.0, 504.0, 502.0, 505.0, 504.0, 504.0, 503.0, 504.0, 504.0, 505.0, 503.0]
Is bad individual winner: 0
Is good individual winner: 1
Real fitness of best good: 506.0
Noisy fitness of best good: 506.0
Real fitness of best bad: 504.0
Noisy fitness of best bad: 504.0

l: 79
Real fitness of mutation winner: 434.0
Noisy fitness of mutation winner: 434.0
Crossover offspring real fitness: [504.0, 503.0, 504.0, 505.0, 504.0, 504.0, 503.0, 501.0, 505.0, 504.0, 502.0, 503.0, 502.0, 505.0, 503.0, 503.0, 503.0, 505.0, 502.0, 504.0, 502.0, 503.0, 503.0, 505.0, 504.0, 504.0, 503.0, 505.0, 505.0, 503.0, 505.0, 505.0, 505.0, 502.0, 504.0, 506.0, 504.0, 504.0, 505.0, 503.0, 505.0, 504.0, 505.0, 503.0, 503.0, 504.0, 504.0, 505.0, 504.0, 502.0, 505.0, 504.0, 505.0, 505.0, 504.0, 502.0, 505.0, 505.0, 504.0, 505.0, 504.0, 503.0, 505.0]
Crossover offspring noisy fitness: [504.0, 503.0, 504.0, 504.0, 504.0, 504.0, 503.0, 501.0, 505.0, 504.0, 502.0, 503.0, 502.0, 505.0, 503.0, 502.0, 502.0, 504.0, 502.0, 504.0, 502.0, 503.0, 503.0, 505.0, 504.0, 504.0, 503.0, 505.0, 505.0, 502.0, 505.0, 505.0, 505.0, 502.0, 504.0, 506.0, 504.0, 504.0, 505.0, 503.0, 505.0, 504.0, 504.0, 503.0, 503.0, 502.0, 503.0, 505.0, 504.0, 502.0, 505.0, 504.0, 505.0, 505.0, 504.0, 502.0, 505.0, 505.0, 504.0, 505.0, 504.0, 503.0, 505.0]
Is bad individual winner: 0
Is good individual winner: 1
Real fitness of best good: 506.0
Noisy fitness of best good: 506.0
Real fitness of best bad: 504.0
Noisy fitness of best bad: 504.0

l: 51
Real fitness of mutation winner: 460.0
Noisy fitness of mutation winner: 460.0
Crossover offspring real fitness: [504.0, 504.0, 505.0, 505.0, 505.0, 504.0, 505.0, 503.0, 504.0, 504.0, 504.0, 504.0, 504.0, 504.0, 505.0, 505.0, 502.0, 505.0, 505.0, 504.0, 504.0, 505.0, 505.0, 505.0, 506.0, 505.0, 503.0, 505.0, 505.0, 504.0, 504.0, 505.0, 505.0, 505.0, 505.0, 505.0, 504.0, 505.0, 505.0, 504.0, 505.0, 504.0, 505.0, 503.0, 503.0, 504.0, 503.0, 504.0, 505.0, 505.0, 504.0, 504.0, 504.0, 505.0, 505.0, 505.0, 506.0, 505.0, 505.0, 504.0, 505.0, 504.0, 505.0]
Crossover offspring noisy fitness: [504.0, 504.0, 505.0, 505.0, 505.0, 504.0, 505.0, 503.0, 504.0, 504.0, 504.0, 504.0, 504.0, 504.0, 505.0, 505.0, 502.0, 505.0, 505.0, 504.0, 504.0, 505.0, 505.0, 505.0, 505.0, 505.0, 503.0, 505.0, 505.0, 504.0, 503.0, 505.0, 504.0, 505.0, 505.0, 505.0, 504.0, 505.0, 504.0, 504.0, 505.0, 504.0, 505.0, 503.0, 503.0, 504.0, 503.0, 503.0, 505.0, 505.0, 504.0, 504.0, 504.0, 504.0, 505.0, 505.0, 506.0, 505.0, 504.0, 504.0, 505.0, 504.0, 505.0]
Is bad individual winner: 0
Is good individual winner: 1
Real fitness of best good: 506.0
Noisy fitness of best good: 506.0
Real fitness of best bad: 504.0
Noisy fitness of best bad: 504.0

l: 51
Real fitness of mutation winner: 460.0
Noisy fitness of mutation winner: 460.0
Crossover offspring real fitness: [504.0, 505.0, 504.0, 504.0, 505.0, 505.0, 503.0, 504.0, 505.0, 505.0, 505.0, 505.0, 505.0, 504.0, 504.0, 505.0, 504.0, 503.0, 506.0, 502.0, 504.0, 505.0, 505.0, 504.0, 505.0, 506.0, 505.0, 505.0, 504.0, 505.0, 505.0, 502.0, 504.0, 504.0, 505.0, 504.0, 505.0, 505.0, 505.0, 503.0, 503.0, 504.0, 505.0, 505.0, 505.0, 505.0, 505.0, 505.0, 503.0, 505.0, 504.0, 504.0, 505.0, 504.0, 504.0, 504.0, 505.0, 504.0, 505.0, 505.0, 505.0, 505.0, 504.0]
Crossover offspring noisy fitness: [504.0, 505.0, 504.0, 504.0, 505.0, 504.0, 503.0, 504.0, 505.0, 505.0, 505.0, 505.0, 505.0, 504.0, 503.0, 505.0, 504.0, 503.0, 506.0, 502.0, 504.0, 505.0, 505.0, 504.0, 505.0, 506.0, 505.0, 505.0, 504.0, 505.0, 505.0, 502.0, 504.0, 504.0, 505.0, 504.0, 505.0, 505.0, 505.0, 503.0, 503.0, 504.0, 505.0, 505.0, 505.0, 505.0, 505.0, 505.0, 503.0, 505.0, 504.0, 504.0, 505.0, 504.0, 504.0, 504.0, 505.0, 504.0, 505.0, 505.0, 505.0, 505.0, 504.0]
Is bad individual winner: 0
Is good individual winner: 1
Real fitness of best good: 506.0
Noisy fitness of best good: 506.0
Real fitness of best bad: 504.0
Noisy fitness of best bad: 504.0

l: 69
Real fitness of mutation winner: 448.0
Noisy fitness of mutation winner: 448.0
Crossover offspring real fitness: [504.0, 504.0, 502.0, 505.0, 504.0, 504.0, 505.0, 502.0, 503.0, 504.0, 503.0, 505.0, 503.0, 504.0, 501.0, 505.0, 504.0, 504.0, 504.0, 504.0, 503.0, 506.0, 506.0, 504.0, 503.0, 505.0, 505.0, 505.0, 505.0, 503.0, 504.0, 503.0, 503.0, 505.0, 504.0, 505.0, 504.0, 505.0, 505.0, 505.0, 505.0, 505.0, 504.0, 504.0, 503.0, 503.0, 503.0, 503.0, 503.0, 504.0, 505.0, 504.0, 504.0, 505.0, 504.0, 503.0, 504.0, 503.0, 504.0, 504.0, 504.0, 505.0, 504.0]
Crossover offspring noisy fitness: [504.0, 504.0, 502.0, 505.0, 504.0, 504.0, 505.0, 501.0, 503.0, 504.0, 503.0, 505.0, 503.0, 504.0, 501.0, 505.0, 504.0, 504.0, 504.0, 504.0, 503.0, 506.0, 506.0, 504.0, 503.0, 505.0, 505.0, 505.0, 505.0, 503.0, 503.0, 503.0, 503.0, 505.0, 504.0, 505.0, 504.0, 505.0, 505.0, 505.0, 505.0, 505.0, 504.0, 504.0, 503.0, 503.0, 503.0, 503.0, 502.0, 504.0, 505.0, 504.0, 504.0, 505.0, 504.0, 503.0, 504.0, 503.0, 504.0, 504.0, 504.0, 505.0, 504.0]
Is bad individual winner: 0
Is good individual winner: 1
Real fitness of best good: 506.0
Noisy fitness of best good: 506.0
Real fitness of best bad: 504.0
Noisy fitness of best bad: 504.0

l: 81
Real fitness of mutation winner: 432.0
Noisy fitness of mutation winner: 432.0
Crossover offspring real fitness: [505.0, 505.0, 505.0, 504.0, 503.0, 504.0, 503.0, 505.0, 503.0, 503.0, 503.0, 505.0, 502.0, 504.0, 504.0, 505.0, 505.0, 504.0, 504.0, 503.0, 504.0, 504.0, 504.0, 506.0, 504.0, 504.0, 503.0, 503.0, 504.0, 504.0, 502.0, 503.0, 501.0, 506.0, 502.0, 504.0, 505.0, 504.0, 505.0, 505.0, 503.0, 504.0, 504.0, 504.0, 505.0, 503.0, 504.0, 504.0, 504.0, 504.0, 505.0, 504.0, 504.0, 504.0, 502.0, 505.0, 505.0, 503.0, 504.0, 505.0, 503.0, 505.0, 502.0]
Crossover offspring noisy fitness: [505.0, 503.0, 505.0, 504.0, 503.0, 504.0, 503.0, 505.0, 503.0, 503.0, 503.0, 505.0, 502.0, 504.0, 504.0, 505.0, 505.0, 504.0, 504.0, 503.0, 504.0, 504.0, 504.0, 506.0, 504.0, 503.0, 503.0, 503.0, 504.0, 504.0, 502.0, 503.0, 501.0, 506.0, 502.0, 504.0, 505.0, 504.0, 505.0, 505.0, 503.0, 504.0, 503.0, 504.0, 505.0, 503.0, 504.0, 504.0, 504.0, 504.0, 505.0, 504.0, 504.0, 504.0, 502.0, 505.0, 505.0, 503.0, 504.0, 505.0, 503.0, 505.0, 502.0]
Is bad individual winner: 0
Is good individual winner: 1
Real fitness of best good: 506.0
Noisy fitness of best good: 506.0
Real fitness of best bad: 504.0
Noisy fitness of best bad: 504.0

l: 66
Real fitness of mutation winner: 447.0
Noisy fitness of mutation winner: 446.0
Crossover offspring real fitness: [504.0, 503.0, 502.0, 504.0, 504.0, 505.0, 501.0, 505.0, 505.0, 503.0, 505.0, 505.0, 504.0, 504.0, 504.0, 506.0, 504.0, 506.0, 503.0, 504.0, 505.0, 505.0, 504.0, 503.0, 505.0, 503.0, 505.0, 504.0, 505.0, 504.0, 503.0, 504.0, 503.0, 504.0, 505.0, 505.0, 504.0, 505.0, 504.0, 505.0, 505.0, 502.0, 503.0, 505.0, 505.0, 505.0, 502.0, 504.0, 503.0, 503.0, 504.0, 505.0, 505.0, 504.0, 504.0, 505.0, 503.0, 506.0, 503.0, 502.0, 505.0, 503.0, 505.0]
Crossover offspring noisy fitness: [504.0, 502.0, 502.0, 504.0, 504.0, 504.0, 501.0, 505.0, 505.0, 503.0, 505.0, 505.0, 504.0, 504.0, 504.0, 506.0, 504.0, 505.0, 503.0, 504.0, 505.0, 504.0, 504.0, 503.0, 505.0, 503.0, 505.0, 503.0, 505.0, 504.0, 503.0, 504.0, 503.0, 504.0, 505.0, 505.0, 504.0, 505.0, 504.0, 505.0, 505.0, 502.0, 503.0, 505.0, 505.0, 505.0, 502.0, 504.0, 502.0, 503.0, 504.0, 505.0, 504.0, 504.0, 504.0, 505.0, 503.0, 506.0, 503.0, 502.0, 505.0, 503.0, 505.0]
Is bad individual winner: 0
Is good individual winner: 1
Real fitness of best good: 506.0
Noisy fitness of best good: 506.0
Real fitness of best bad: 504.0
Noisy fitness of best bad: 504.0

l: 53
Real fitness of mutation winner: 460.0
Noisy fitness of mutation winner: 460.0
Crossover offspring real fitness: [505.0, 505.0, 505.0, 504.0, 505.0, 503.0, 504.0, 505.0, 505.0, 503.0, 504.0, 505.0, 505.0, 505.0, 505.0, 503.0, 504.0, 504.0, 505.0, 505.0, 504.0, 503.0, 505.0, 505.0, 504.0, 505.0, 504.0, 504.0, 505.0, 504.0, 504.0, 504.0, 505.0, 505.0, 505.0, 506.0, 505.0, 504.0, 502.0, 504.0, 505.0, 504.0, 505.0, 503.0, 502.0, 503.0, 504.0, 505.0, 505.0, 505.0, 504.0, 504.0, 504.0, 502.0, 504.0, 504.0, 504.0, 504.0, 503.0, 505.0, 504.0, 502.0, 504.0]
Crossover offspring noisy fitness: [505.0, 505.0, 505.0, 504.0, 505.0, 503.0, 504.0, 505.0, 505.0, 503.0, 504.0, 505.0, 505.0, 505.0, 505.0, 503.0, 504.0, 504.0, 505.0, 505.0, 503.0, 503.0, 505.0, 505.0, 504.0, 505.0, 504.0, 504.0, 505.0, 504.0, 504.0, 504.0, 505.0, 505.0, 505.0, 506.0, 505.0, 504.0, 502.0, 504.0, 505.0, 504.0, 505.0, 503.0, 502.0, 503.0, 504.0, 505.0, 505.0, 505.0, 504.0, 504.0, 504.0, 502.0, 504.0, 504.0, 504.0, 504.0, 503.0, 505.0, 504.0, 502.0, 504.0]
Is bad individual winner: 0
Is good individual winner: 1
Real fitness of best good: 506.0
Noisy fitness of best good: 506.0
Real fitness of best bad: 504.0
Noisy fitness of best bad: 504.0

l: 60
Real fitness of mutation winner: 451.0
Noisy fitness of mutation winner: 451.0
Crossover offspring real fitness: [505.0, 503.0, 505.0, 505.0, 504.0, 503.0, 504.0, 503.0, 505.0, 505.0, 505.0, 502.0, 505.0, 505.0, 504.0, 505.0, 505.0, 504.0, 504.0, 505.0, 504.0, 505.0, 504.0, 504.0, 505.0, 503.0, 505.0, 504.0, 505.0, 504.0, 504.0, 503.0, 503.0, 503.0, 505.0, 501.0, 503.0, 506.0, 502.0, 501.0, 504.0, 505.0, 504.0, 505.0, 502.0, 504.0, 505.0, 504.0, 505.0, 505.0, 504.0, 504.0, 505.0, 505.0, 505.0, 504.0, 504.0, 504.0, 504.0, 504.0, 505.0, 504.0, 505.0]
Crossover offspring noisy fitness: [505.0, 503.0, 505.0, 505.0, 504.0, 503.0, 504.0, 503.0, 505.0, 505.0, 505.0, 502.0, 505.0, 505.0, 504.0, 505.0, 505.0, 504.0, 504.0, 505.0, 504.0, 505.0, 504.0, 504.0, 505.0, 503.0, 505.0, 503.0, 505.0, 504.0, 504.0, 503.0, 503.0, 503.0, 505.0, 501.0, 503.0, 505.0, 502.0, 500.0, 504.0, 505.0, 504.0, 505.0, 502.0, 504.0, 505.0, 504.0, 505.0, 505.0, 504.0, 504.0, 505.0, 505.0, 505.0, 504.0, 504.0, 504.0, 504.0, 504.0, 505.0, 504.0, 505.0]
Is bad individual winner: 0
Is good individual winner: 0
Real fitness of best good: 506.0
Noisy fitness of best good: 505.0
Real fitness of best bad: 504.0
Noisy fitness of best bad: 504.0

l: 54
Real fitness of mutation winner: 457.0
Noisy fitness of mutation winner: 457.0
Crossover offspring real fitness: [505.0, 503.0, 502.0, 505.0, 501.0, 505.0, 504.0, 505.0, 504.0, 504.0, 504.0, 504.0, 504.0, 505.0, 505.0, 505.0, 503.0, 505.0, 505.0, 503.0, 504.0, 505.0, 503.0, 505.0, 505.0, 504.0, 504.0, 502.0, 504.0, 505.0, 505.0, 505.0, 503.0, 504.0, 504.0, 503.0, 504.0, 505.0, 505.0, 505.0, 503.0, 505.0, 505.0, 504.0, 505.0, 504.0, 505.0, 504.0, 505.0, 505.0, 505.0, 505.0, 504.0, 505.0, 504.0, 504.0, 503.0, 505.0, 502.0, 505.0, 502.0, 504.0, 505.0]
Crossover offspring noisy fitness: [505.0, 503.0, 502.0, 505.0, 501.0, 505.0, 504.0, 505.0, 504.0, 504.0, 504.0, 504.0, 504.0, 505.0, 505.0, 505.0, 503.0, 505.0, 504.0, 503.0, 503.0, 505.0, 503.0, 505.0, 505.0, 504.0, 504.0, 502.0, 504.0, 505.0, 505.0, 505.0, 503.0, 504.0, 504.0, 503.0, 504.0, 505.0, 505.0, 505.0, 503.0, 505.0, 504.0, 504.0, 504.0, 504.0, 505.0, 504.0, 505.0, 505.0, 504.0, 505.0, 504.0, 505.0, 504.0, 503.0, 503.0, 505.0, 502.0, 505.0, 502.0, 503.0, 505.0]
Is bad individual winner: 0
Is good individual winner: 0
Real fitness of best good: 505.0
Noisy fitness of best good: 505.0
Real fitness of best bad: 504.0
Noisy fitness of best bad: 504.0

l: 65
Real fitness of mutation winner: 446.0
Noisy fitness of mutation winner: 446.0
Crossover offspring real fitness: [505.0, 505.0, 504.0, 505.0, 503.0, 504.0, 505.0, 505.0, 505.0, 505.0, 505.0, 503.0, 505.0, 505.0, 504.0, 504.0, 504.0, 504.0, 504.0, 501.0, 504.0, 502.0, 504.0, 504.0, 505.0, 503.0, 504.0, 504.0, 504.0, 505.0, 505.0, 505.0, 502.0, 504.0, 505.0, 503.0, 504.0, 503.0, 504.0, 505.0, 503.0, 503.0, 505.0, 505.0, 504.0, 504.0, 503.0, 505.0, 504.0, 505.0, 506.0, 503.0, 504.0, 504.0, 502.0, 505.0, 504.0, 505.0, 505.0, 504.0, 504.0, 504.0, 505.0]
Crossover offspring noisy fitness: [505.0, 505.0, 504.0, 505.0, 503.0, 504.0, 505.0, 505.0, 505.0, 505.0, 505.0, 503.0, 505.0, 505.0, 504.0, 504.0, 504.0, 504.0, 504.0, 501.0, 504.0, 502.0, 504.0, 504.0, 505.0, 503.0, 504.0, 504.0, 504.0, 505.0, 505.0, 505.0, 502.0, 504.0, 505.0, 503.0, 504.0, 503.0, 504.0, 505.0, 502.0, 503.0, 505.0, 505.0, 504.0, 504.0, 503.0, 505.0, 504.0, 505.0, 506.0, 503.0, 504.0, 503.0, 502.0, 505.0, 504.0, 505.0, 505.0, 504.0, 504.0, 504.0, 505.0]
Is bad individual winner: 0
Is good individual winner: 1
Real fitness of best good: 506.0
Noisy fitness of best good: 506.0
Real fitness of best bad: 504.0
Noisy fitness of best bad: 504.0

l: 60
Real fitness of mutation winner: 451.0
Noisy fitness of mutation winner: 451.0
Crossover offspring real fitness: [505.0, 505.0, 505.0, 504.0, 504.0, 505.0, 505.0, 503.0, 505.0, 504.0, 503.0, 505.0, 506.0, 504.0, 505.0, 505.0, 505.0, 503.0, 503.0, 505.0, 504.0, 503.0, 505.0, 502.0, 504.0, 505.0, 505.0, 505.0, 503.0, 504.0, 505.0, 505.0, 504.0, 503.0, 503.0, 505.0, 504.0, 505.0, 505.0, 504.0, 505.0, 504.0, 504.0, 505.0, 505.0, 505.0, 505.0, 504.0, 502.0, 505.0, 505.0, 502.0, 505.0, 504.0, 504.0, 505.0, 505.0, 504.0, 505.0, 505.0, 505.0, 503.0, 505.0]
Crossover offspring noisy fitness: [505.0, 505.0, 505.0, 504.0, 504.0, 505.0, 505.0, 503.0, 505.0, 504.0, 503.0, 505.0, 506.0, 504.0, 505.0, 505.0, 505.0, 503.0, 502.0, 505.0, 504.0, 500.0, 505.0, 501.0, 504.0, 505.0, 505.0, 505.0, 503.0, 504.0, 505.0, 505.0, 504.0, 503.0, 503.0, 505.0, 504.0, 505.0, 505.0, 504.0, 505.0, 504.0, 504.0, 505.0, 505.0, 505.0, 505.0, 504.0, 502.0, 505.0, 505.0, 502.0, 505.0, 503.0, 504.0, 505.0, 505.0, 504.0, 505.0, 505.0, 505.0, 503.0, 505.0]
Is bad individual winner: 0
Is good individual winner: 1
Real fitness of best good: 506.0
Noisy fitness of best good: 506.0
Real fitness of best bad: 504.0
Noisy fitness of best bad: 504.0

l: 51
Real fitness of mutation winner: 460.0
Noisy fitness of mutation winner: 460.0
Crossover offspring real fitness: [504.0, 504.0, 505.0, 505.0, 505.0, 505.0, 504.0, 505.0, 505.0, 505.0, 504.0, 505.0, 504.0, 504.0, 501.0, 505.0, 504.0, 504.0, 504.0, 503.0, 505.0, 505.0, 504.0, 504.0, 503.0, 504.0, 505.0, 505.0, 504.0, 504.0, 504.0, 502.0, 505.0, 505.0, 505.0, 505.0, 505.0, 505.0, 506.0, 504.0, 501.0, 505.0, 503.0, 505.0, 504.0, 504.0, 506.0, 504.0, 505.0, 505.0, 502.0, 505.0, 506.0, 505.0, 502.0, 504.0, 504.0, 503.0, 505.0, 504.0, 503.0, 505.0, 504.0]
Crossover offspring noisy fitness: [504.0, 504.0, 505.0, 505.0, 505.0, 503.0, 504.0, 504.0, 505.0, 505.0, 504.0, 505.0, 504.0, 504.0, 501.0, 505.0, 504.0, 504.0, 504.0, 503.0, 505.0, 505.0, 504.0, 504.0, 503.0, 504.0, 505.0, 505.0, 504.0, 504.0, 504.0, 502.0, 505.0, 505.0, 505.0, 505.0, 505.0, 505.0, 506.0, 504.0, 501.0, 505.0, 503.0, 505.0, 504.0, 504.0, 506.0, 504.0, 504.0, 505.0, 502.0, 505.0, 506.0, 505.0, 502.0, 504.0, 504.0, 503.0, 505.0, 504.0, 503.0, 505.0, 504.0]
Is bad individual winner: 0
Is good individual winner: 1
Real fitness of best good: 506.0
Noisy fitness of best good: 506.0
Real fitness of best bad: 504.0
Noisy fitness of best bad: 504.0

l: 72
Real fitness of mutation winner: 439.0
Noisy fitness of mutation winner: 440.0
Crossover offspring real fitness: [504.0, 505.0, 505.0, 504.0, 503.0, 501.0, 504.0, 504.0, 505.0, 503.0, 502.0, 503.0, 503.0, 505.0, 502.0, 506.0, 505.0, 504.0, 502.0, 504.0, 504.0, 505.0, 505.0, 503.0, 503.0, 503.0, 502.0, 505.0, 504.0, 503.0, 502.0, 502.0, 504.0, 503.0, 505.0, 504.0, 504.0, 505.0, 504.0, 505.0, 502.0, 502.0, 504.0, 504.0, 503.0, 503.0, 504.0, 505.0, 505.0, 503.0, 504.0, 503.0, 504.0, 505.0, 504.0, 504.0, 503.0, 505.0, 504.0, 505.0, 504.0, 504.0, 504.0]
Crossover offspring noisy fitness: [504.0, 505.0, 505.0, 504.0, 503.0, 501.0, 504.0, 504.0, 505.0, 503.0, 502.0, 503.0, 503.0, 505.0, 502.0, 506.0, 505.0, 504.0, 502.0, 504.0, 504.0, 505.0, 504.0, 503.0, 503.0, 503.0, 502.0, 505.0, 504.0, 503.0, 502.0, 502.0, 503.0, 503.0, 505.0, 503.0, 504.0, 505.0, 504.0, 505.0, 502.0, 501.0, 504.0, 504.0, 503.0, 503.0, 504.0, 504.0, 505.0, 503.0, 504.0, 503.0, 504.0, 505.0, 504.0, 504.0, 503.0, 504.0, 504.0, 505.0, 504.0, 504.0, 504.0]
Is bad individual winner: 0
Is good individual winner: 1
Real fitness of best good: 506.0
Noisy fitness of best good: 506.0
Real fitness of best bad: 504.0
Noisy fitness of best bad: 504.0

l: 48
Real fitness of mutation winner: 463.0
Noisy fitness of mutation winner: 463.0
Crossover offspring real fitness: [505.0, 504.0, 504.0, 504.0, 502.0, 505.0, 503.0, 504.0, 505.0, 502.0, 504.0, 505.0, 505.0, 505.0, 504.0, 505.0, 505.0, 505.0, 505.0, 505.0, 505.0, 503.0, 505.0, 501.0, 505.0, 503.0, 505.0, 504.0, 505.0, 504.0, 505.0, 504.0, 503.0, 503.0, 504.0, 505.0, 505.0, 504.0, 504.0, 505.0, 503.0, 505.0, 505.0, 505.0, 505.0, 503.0, 503.0, 504.0, 502.0, 504.0, 503.0, 505.0, 504.0, 505.0, 504.0, 505.0, 502.0, 503.0, 505.0, 505.0, 504.0, 505.0, 504.0]
Crossover offspring noisy fitness: [504.0, 504.0, 504.0, 504.0, 502.0, 505.0, 503.0, 504.0, 505.0, 502.0, 504.0, 505.0, 505.0, 505.0, 504.0, 504.0, 505.0, 505.0, 505.0, 505.0, 505.0, 503.0, 505.0, 501.0, 505.0, 503.0, 505.0, 504.0, 505.0, 504.0, 505.0, 504.0, 503.0, 502.0, 504.0, 505.0, 505.0, 504.0, 504.0, 505.0, 502.0, 504.0, 505.0, 505.0, 505.0, 503.0, 503.0, 504.0, 502.0, 504.0, 503.0, 505.0, 504.0, 505.0, 504.0, 505.0, 502.0, 503.0, 505.0, 505.0, 504.0, 505.0, 504.0]
Is bad individual winner: 0
Is good individual winner: 0
Real fitness of best good: 505.0
Noisy fitness of best good: 505.0
Real fitness of best bad: 504.0
Noisy fitness of best bad: 504.0

l: 64
Real fitness of mutation winner: 447.0
Noisy fitness of mutation winner: 447.0
Crossover offspring real fitness: [505.0, 503.0, 504.0, 503.0, 504.0, 504.0, 505.0, 504.0, 503.0, 504.0, 505.0, 502.0, 505.0, 504.0, 504.0, 503.0, 504.0, 504.0, 502.0, 505.0, 504.0, 501.0, 505.0, 505.0, 504.0, 505.0, 505.0, 505.0, 504.0, 503.0, 505.0, 504.0, 504.0, 504.0, 505.0, 504.0, 503.0, 503.0, 504.0, 502.0, 505.0, 503.0, 505.0, 504.0, 504.0, 504.0, 505.0, 504.0, 504.0, 504.0, 503.0, 503.0, 504.0, 505.0, 505.0, 503.0, 501.0, 504.0, 505.0, 504.0, 504.0, 504.0, 505.0]
Crossover offspring noisy fitness: [504.0, 502.0, 504.0, 503.0, 504.0, 504.0, 505.0, 504.0, 503.0, 504.0, 505.0, 502.0, 505.0, 504.0, 504.0, 502.0, 504.0, 503.0, 502.0, 505.0, 504.0, 500.0, 505.0, 505.0, 504.0, 505.0, 505.0, 505.0, 504.0, 503.0, 505.0, 504.0, 504.0, 504.0, 504.0, 504.0, 503.0, 503.0, 504.0, 502.0, 505.0, 503.0, 504.0, 504.0, 503.0, 504.0, 505.0, 504.0, 504.0, 504.0, 503.0, 502.0, 504.0, 505.0, 505.0, 502.0, 501.0, 504.0, 505.0, 504.0, 504.0, 504.0, 505.0]
Is bad individual winner: 0
Is good individual winner: 0
Real fitness of best good: 505.0
Noisy fitness of best good: 505.0
Real fitness of best bad: 504.0
Noisy fitness of best bad: 504.0

l: 69
Real fitness of mutation winner: 444.0
Noisy fitness of mutation winner: 444.0
Crossover offspring real fitness: [504.0, 503.0, 502.0, 505.0, 505.0, 502.0, 505.0, 504.0, 505.0, 503.0, 504.0, 505.0, 504.0, 503.0, 504.0, 505.0, 504.0, 505.0, 504.0, 505.0, 504.0, 505.0, 504.0, 505.0, 505.0, 504.0, 505.0, 504.0, 504.0, 504.0, 504.0, 504.0, 502.0, 502.0, 504.0, 505.0, 503.0, 505.0, 504.0, 505.0, 505.0, 503.0, 503.0, 504.0, 505.0, 502.0, 502.0, 503.0, 505.0, 505.0, 504.0, 503.0, 505.0, 504.0, 504.0, 505.0, 505.0, 502.0, 501.0, 505.0, 505.0, 505.0, 503.0]
Crossover offspring noisy fitness: [504.0, 503.0, 502.0, 505.0, 505.0, 502.0, 505.0, 504.0, 505.0, 503.0, 504.0, 505.0, 504.0, 503.0, 504.0, 505.0, 504.0, 505.0, 504.0, 505.0, 504.0, 505.0, 504.0, 505.0, 505.0, 504.0, 505.0, 504.0, 504.0, 504.0, 504.0, 504.0, 502.0, 502.0, 504.0, 505.0, 503.0, 505.0, 504.0, 505.0, 505.0, 503.0, 503.0, 504.0, 505.0, 502.0, 502.0, 503.0, 505.0, 505.0, 504.0, 503.0, 505.0, 504.0, 504.0, 504.0, 505.0, 502.0, 501.0, 505.0, 505.0, 505.0, 503.0]
Is bad individual winner: 0
Is good individual winner: 0
Real fitness of best good: 505.0
Noisy fitness of best good: 505.0
Real fitness of best bad: 504.0
Noisy fitness of best bad: 504.0

l: 68
Real fitness of mutation winner: 445.0
Noisy fitness of mutation winner: 445.0
Crossover offspring real fitness: [504.0, 505.0, 504.0, 505.0, 503.0, 503.0, 504.0, 505.0, 504.0, 504.0, 505.0, 504.0, 504.0, 504.0, 503.0, 506.0, 505.0, 504.0, 505.0, 503.0, 504.0, 506.0, 505.0, 504.0, 503.0, 505.0, 503.0, 503.0, 505.0, 506.0, 503.0, 504.0, 503.0, 503.0, 503.0, 504.0, 505.0, 504.0, 504.0, 505.0, 503.0, 507.0, 504.0, 503.0, 505.0, 504.0, 503.0, 504.0, 504.0, 505.0, 504.0, 505.0, 505.0, 504.0, 503.0, 504.0, 505.0, 504.0, 502.0, 503.0, 502.0, 505.0, 504.0]
Crossover offspring noisy fitness: [504.0, 505.0, 504.0, 505.0, 503.0, 503.0, 504.0, 505.0, 504.0, 504.0, 505.0, 504.0, 504.0, 503.0, 503.0, 506.0, 505.0, 504.0, 505.0, 503.0, 504.0, 505.0, 505.0, 504.0, 503.0, 505.0, 503.0, 503.0, 505.0, 506.0, 503.0, 504.0, 502.0, 503.0, 503.0, 504.0, 505.0, 504.0, 504.0, 505.0, 503.0, 507.0, 504.0, 503.0, 505.0, 504.0, 503.0, 504.0, 503.0, 505.0, 504.0, 505.0, 505.0, 504.0, 503.0, 503.0, 505.0, 504.0, 502.0, 503.0, 501.0, 505.0, 503.0]
Is bad individual winner: 0
Is good individual winner: 1
Real fitness of best good: 507.0
Noisy fitness of best good: 507.0
Real fitness of best bad: 504.0
Noisy fitness of best bad: 504.0

l: 45
Real fitness of mutation winner: 466.0
Noisy fitness of mutation winner: 466.0
Crossover offspring real fitness: [504.0, 505.0, 504.0, 505.0, 503.0, 505.0, 504.0, 504.0, 504.0, 504.0, 504.0, 505.0, 502.0, 505.0, 504.0, 504.0, 504.0, 505.0, 504.0, 504.0, 505.0, 505.0, 505.0, 504.0, 506.0, 504.0, 505.0, 506.0, 501.0, 505.0, 505.0, 505.0, 504.0, 505.0, 506.0, 504.0, 505.0, 504.0, 505.0, 505.0, 505.0, 503.0, 505.0, 505.0, 504.0, 505.0, 504.0, 503.0, 505.0, 505.0, 505.0, 503.0, 504.0, 504.0, 504.0, 504.0, 504.0, 505.0, 504.0, 504.0, 502.0, 503.0, 504.0]
Crossover offspring noisy fitness: [504.0, 505.0, 504.0, 505.0, 503.0, 505.0, 504.0, 504.0, 504.0, 504.0, 504.0, 505.0, 502.0, 505.0, 504.0, 504.0, 504.0, 505.0, 504.0, 504.0, 505.0, 505.0, 505.0, 504.0, 506.0, 504.0, 505.0, 506.0, 501.0, 505.0, 505.0, 505.0, 504.0, 505.0, 506.0, 504.0, 505.0, 504.0, 505.0, 505.0, 505.0, 503.0, 505.0, 505.0, 504.0, 505.0, 504.0, 502.0, 505.0, 505.0, 505.0, 503.0, 504.0, 504.0, 504.0, 503.0, 504.0, 504.0, 504.0, 504.0, 502.0, 503.0, 504.0]
Is bad individual winner: 0
Is good individual winner: 1
Real fitness of best good: 506.0
Noisy fitness of best good: 506.0
Real fitness of best bad: 504.0
Noisy fitness of best bad: 504.0

l: 59
Real fitness of mutation winner: 452.0
Noisy fitness of mutation winner: 452.0
Crossover offspring real fitness: [505.0, 506.0, 504.0, 505.0, 505.0, 504.0, 503.0, 505.0, 505.0, 505.0, 503.0, 505.0, 505.0, 502.0, 505.0, 504.0, 503.0, 505.0, 504.0, 505.0, 502.0, 504.0, 505.0, 504.0, 504.0, 503.0, 504.0, 505.0, 505.0, 505.0, 504.0, 505.0, 502.0, 505.0, 505.0, 504.0, 504.0, 503.0, 503.0, 503.0, 504.0, 503.0, 504.0, 504.0, 504.0, 503.0, 502.0, 504.0, 504.0, 505.0, 505.0, 504.0, 505.0, 503.0, 503.0, 505.0, 503.0, 505.0, 505.0, 502.0, 503.0, 505.0, 505.0]
Crossover offspring noisy fitness: [505.0, 506.0, 504.0, 505.0, 505.0, 504.0, 503.0, 505.0, 505.0, 505.0, 503.0, 505.0, 505.0, 502.0, 505.0, 504.0, 503.0, 505.0, 504.0, 505.0, 502.0, 504.0, 505.0, 504.0, 503.0, 503.0, 504.0, 505.0, 505.0, 505.0, 504.0, 505.0, 502.0, 505.0, 504.0, 504.0, 504.0, 503.0, 503.0, 503.0, 504.0, 503.0, 504.0, 504.0, 504.0, 502.0, 502.0, 504.0, 504.0, 505.0, 505.0, 504.0, 505.0, 503.0, 503.0, 505.0, 503.0, 505.0, 505.0, 501.0, 503.0, 505.0, 505.0]
Is bad individual winner: 0
Is good individual winner: 1
Real fitness of best good: 506.0
Noisy fitness of best good: 506.0
Real fitness of best bad: 504.0
Noisy fitness of best bad: 504.0

l: 63
Real fitness of mutation winner: 448.0
Noisy fitness of mutation winner: 448.0
Crossover offspring real fitness: [505.0, 505.0, 504.0, 503.0, 505.0, 503.0, 505.0, 503.0, 505.0, 501.0, 505.0, 503.0, 505.0, 504.0, 505.0, 505.0, 505.0, 504.0, 504.0, 505.0, 504.0, 504.0, 506.0, 505.0, 505.0, 501.0, 504.0, 505.0, 503.0, 505.0, 505.0, 503.0, 505.0, 503.0, 504.0, 505.0, 504.0, 502.0, 504.0, 505.0, 503.0, 505.0, 505.0, 504.0, 505.0, 504.0, 504.0, 504.0, 504.0, 505.0, 504.0, 503.0, 505.0, 504.0, 503.0, 502.0, 504.0, 503.0, 504.0, 505.0, 504.0, 505.0, 503.0]
Crossover offspring noisy fitness: [505.0, 505.0, 504.0, 503.0, 505.0, 503.0, 505.0, 503.0, 505.0, 500.0, 505.0, 502.0, 505.0, 504.0, 505.0, 505.0, 505.0, 504.0, 504.0, 505.0, 504.0, 504.0, 506.0, 505.0, 505.0, 500.0, 504.0, 505.0, 503.0, 505.0, 505.0, 503.0, 505.0, 503.0, 504.0, 505.0, 504.0, 502.0, 504.0, 505.0, 503.0, 505.0, 505.0, 504.0, 503.0, 504.0, 504.0, 504.0, 504.0, 504.0, 504.0, 503.0, 505.0, 504.0, 503.0, 502.0, 504.0, 503.0, 504.0, 505.0, 504.0, 505.0, 503.0]
Is bad individual winner: 0
Is good individual winner: 1
Real fitness of best good: 506.0
Noisy fitness of best good: 506.0
Real fitness of best bad: 504.0
Noisy fitness of best bad: 504.0

l: 61
Real fitness of mutation winner: 450.0
Noisy fitness of mutation winner: 450.0
Crossover offspring real fitness: [504.0, 504.0, 503.0, 504.0, 504.0, 505.0, 505.0, 504.0, 505.0, 505.0, 504.0, 504.0, 505.0, 503.0, 505.0, 503.0, 503.0, 506.0, 505.0, 505.0, 502.0, 504.0, 503.0, 504.0, 502.0, 504.0, 504.0, 505.0, 504.0, 505.0, 505.0, 504.0, 504.0, 505.0, 504.0, 504.0, 505.0, 505.0, 505.0, 505.0, 505.0, 505.0, 502.0, 502.0, 504.0, 503.0, 504.0, 504.0, 504.0, 502.0, 503.0, 505.0, 504.0, 504.0, 503.0, 505.0, 505.0, 504.0, 505.0, 504.0, 505.0, 504.0, 505.0]
Crossover offspring noisy fitness: [504.0, 504.0, 503.0, 504.0, 504.0, 505.0, 505.0, 504.0, 505.0, 505.0, 504.0, 504.0, 505.0, 503.0, 504.0, 503.0, 503.0, 506.0, 505.0, 505.0, 502.0, 504.0, 501.0, 504.0, 502.0, 504.0, 504.0, 505.0, 504.0, 505.0, 505.0, 504.0, 504.0, 505.0, 504.0, 504.0, 505.0, 505.0, 505.0, 505.0, 505.0, 504.0, 502.0, 501.0, 504.0, 503.0, 504.0, 503.0, 504.0, 501.0, 503.0, 505.0, 504.0, 504.0, 503.0, 505.0, 505.0, 504.0, 505.0, 504.0, 505.0, 504.0, 505.0]
Is bad individual winner: 0
Is good individual winner: 1
Real fitness of best good: 506.0
Noisy fitness of best good: 506.0
Real fitness of best bad: 504.0
Noisy fitness of best bad: 504.0

l: 64
Real fitness of mutation winner: 447.0
Noisy fitness of mutation winner: 447.0
Crossover offspring real fitness: [503.0, 505.0, 505.0, 504.0, 503.0, 504.0, 505.0, 505.0, 505.0, 505.0, 504.0, 502.0, 504.0, 503.0, 504.0, 504.0, 504.0, 505.0, 505.0, 505.0, 504.0, 505.0, 505.0, 505.0, 503.0, 504.0, 505.0, 503.0, 505.0, 504.0, 504.0, 504.0, 505.0, 504.0, 503.0, 505.0, 504.0, 504.0, 505.0, 505.0, 502.0, 502.0, 505.0, 505.0, 504.0, 503.0, 505.0, 503.0, 505.0, 505.0, 505.0, 505.0, 505.0, 504.0, 503.0, 505.0, 505.0, 502.0, 505.0, 503.0, 506.0, 504.0, 503.0]
Crossover offspring noisy fitness: [503.0, 505.0, 505.0, 504.0, 503.0, 504.0, 505.0, 505.0, 505.0, 505.0, 504.0, 502.0, 504.0, 503.0, 503.0, 504.0, 504.0, 505.0, 505.0, 505.0, 504.0, 505.0, 505.0, 505.0, 503.0, 504.0, 505.0, 503.0, 505.0, 504.0, 504.0, 504.0, 505.0, 504.0, 503.0, 505.0, 504.0, 504.0, 505.0, 505.0, 502.0, 502.0, 505.0, 505.0, 504.0, 503.0, 505.0, 503.0, 505.0, 505.0, 505.0, 505.0, 505.0, 504.0, 503.0, 505.0, 505.0, 502.0, 505.0, 503.0, 506.0, 503.0, 503.0]
Is bad individual winner: 0
Is good individual winner: 1
Real fitness of best good: 506.0
Noisy fitness of best good: 506.0
Real fitness of best bad: 504.0
Noisy fitness of best bad: 504.0

l: 49
Real fitness of mutation winner: 462.0
Noisy fitness of mutation winner: 462.0
Crossover offspring real fitness: [504.0, 504.0, 505.0, 505.0, 505.0, 502.0, 505.0, 505.0, 503.0, 502.0, 505.0, 504.0, 503.0, 506.0, 505.0, 505.0, 505.0, 503.0, 504.0, 504.0, 505.0, 505.0, 504.0, 504.0, 505.0, 505.0, 504.0, 504.0, 505.0, 505.0, 505.0, 505.0, 505.0, 502.0, 505.0, 505.0, 505.0, 505.0, 505.0, 505.0, 505.0, 504.0, 503.0, 502.0, 505.0, 504.0, 505.0, 505.0, 505.0, 504.0, 503.0, 504.0, 504.0, 503.0, 503.0, 503.0, 505.0, 505.0, 502.0, 504.0, 503.0, 504.0, 505.0]
Crossover offspring noisy fitness: [504.0, 503.0, 505.0, 505.0, 505.0, 502.0, 505.0, 505.0, 503.0, 502.0, 505.0, 504.0, 503.0, 506.0, 505.0, 506.0, 505.0, 503.0, 504.0, 504.0, 505.0, 504.0, 504.0, 504.0, 504.0, 505.0, 504.0, 504.0, 505.0, 505.0, 505.0, 505.0, 504.0, 502.0, 505.0, 504.0, 505.0, 504.0, 505.0, 504.0, 505.0, 504.0, 503.0, 502.0, 504.0, 504.0, 505.0, 505.0, 505.0, 504.0, 503.0, 504.0, 504.0, 503.0, 502.0, 503.0, 505.0, 505.0, 502.0, 504.0, 503.0, 504.0, 505.0]
Is bad individual winner: 0
Is good individual winner: 1
Real fitness of best good: 506.0
Noisy fitness of best good: 506.0
Real fitness of best bad: 504.0
Noisy fitness of best bad: 504.0

l: 70
Real fitness of mutation winner: 443.0
Noisy fitness of mutation winner: 443.0
Crossover offspring real fitness: [503.0, 505.0, 504.0, 504.0, 505.0, 502.0, 504.0, 504.0, 502.0, 502.0, 504.0, 505.0, 505.0, 504.0, 504.0, 503.0, 503.0, 503.0, 505.0, 505.0, 503.0, 505.0, 505.0, 505.0, 504.0, 505.0, 505.0, 505.0, 504.0, 504.0, 505.0, 504.0, 504.0, 505.0, 504.0, 505.0, 505.0, 505.0, 504.0, 505.0, 503.0, 504.0, 505.0, 505.0, 504.0, 505.0, 504.0, 503.0, 504.0, 504.0, 503.0, 504.0, 505.0, 504.0, 504.0, 505.0, 504.0, 505.0, 504.0, 505.0, 502.0, 504.0, 504.0]
Crossover offspring noisy fitness: [503.0, 504.0, 504.0, 504.0, 505.0, 502.0, 504.0, 504.0, 502.0, 502.0, 504.0, 505.0, 505.0, 504.0, 504.0, 503.0, 503.0, 503.0, 505.0, 505.0, 503.0, 505.0, 505.0, 505.0, 504.0, 505.0, 505.0, 505.0, 504.0, 504.0, 505.0, 504.0, 504.0, 505.0, 504.0, 505.0, 505.0, 505.0, 504.0, 505.0, 503.0, 504.0, 505.0, 505.0, 504.0, 505.0, 504.0, 503.0, 504.0, 503.0, 503.0, 504.0, 505.0, 503.0, 503.0, 505.0, 504.0, 505.0, 504.0, 505.0, 502.0, 504.0, 504.0]
Is bad individual winner: 0
Is good individual winner: 0
Real fitness of best good: 505.0
Noisy fitness of best good: 505.0
Real fitness of best bad: 504.0
Noisy fitness of best bad: 504.0

