l: 102
Real fitness of mutation winner: 904.0
Noisy fitness of mutation winner: 904.0
Crossover offspring real fitness: [992.0, 992.0, 992.0, 992.0, 990.0, 991.0, 992.0, 991.0, 991.0, 992.0, 992.0, 992.0, 990.0, 991.0, 989.0, 990.0, 992.0, 992.0, 992.0, 991.0, 992.0, 989.0, 990.0, 990.0, 992.0, 990.0, 991.0, 992.0, 993.0, 992.0, 992.0, 990.0, 989.0, 992.0, 990.0, 992.0, 991.0, 991.0, 992.0, 991.0, 991.0, 991.0, 989.0, 992.0, 990.0, 990.0, 991.0, 991.0, 991.0, 992.0, 990.0, 991.0, 989.0, 991.0, 992.0, 992.0, 991.0, 990.0, 991.0, 991.0, 992.0, 990.0, 992.0, 992.0, 991.0, 991.0, 991.0, 992.0, 990.0, 989.0, 991.0, 991.0, 991.0, 992.0, 992.0, 990.0, 993.0, 990.0, 991.0, 989.0, 991.0, 990.0, 992.0, 993.0, 992.0, 992.0, 991.0, 991.0, 993.0, 992.0, 991.0, 991.0, 991.0, 992.0, 991.0, 991.0, 991.0, 991.0, 991.0, 992.0, 990.0]
Crossover offspring noisy fitness: [992.0, 992.0, 992.0, 992.0, 990.0, 991.0, 992.0, 991.0, 990.0, 992.0, 992.0, 992.0, 990.0, 991.0, 989.0, 990.0, 992.0, 992.0, 992.0, 991.0, 992.0, 989.0, 989.0, 990.0, 992.0, 990.0, 991.0, 992.0, 993.0, 992.0, 992.0, 990.0, 989.0, 992.0, 990.0, 992.0, 991.0, 991.0, 992.0, 991.0, 991.0, 990.0, 989.0, 992.0, 990.0, 990.0, 991.0, 991.0, 991.0, 992.0, 990.0, 991.0, 989.0, 991.0, 992.0, 992.0, 991.0, 990.0, 991.0, 991.0, 992.0, 989.0, 992.0, 992.0, 991.0, 991.0, 991.0, 992.0, 990.0, 989.0, 990.0, 991.0, 991.0, 992.0, 992.0, 989.0, 992.0, 990.0, 990.0, 989.0, 990.0, 989.0, 992.0, 993.0, 992.0, 992.0, 991.0, 991.0, 993.0, 992.0, 991.0, 991.0, 991.0, 992.0, 991.0, 991.0, 991.0, 991.0, 991.0, 992.0, 989.0]
Is bad individual winner: 0
Is good individual winner: 1
Real fitness of best good: 993.0
Noisy fitness of best good: 993.0
Real fitness of best bad: 991.0
Noisy fitness of best bad: 991.0

l: 96
Real fitness of mutation winner: 912.0
Noisy fitness of mutation winner: 912.0
Crossover offspring real fitness: [992.0, 991.0, 992.0, 991.0, 992.0, 992.0, 989.0, 990.0, 989.0, 991.0, 990.0, 992.0, 992.0, 992.0, 991.0, 992.0, 992.0, 991.0, 991.0, 991.0, 992.0, 989.0, 990.0, 991.0, 991.0, 991.0, 991.0, 992.0, 992.0, 992.0, 992.0, 992.0, 991.0, 992.0, 989.0, 991.0, 989.0, 991.0, 990.0, 991.0, 992.0, 990.0, 991.0, 991.0, 991.0, 992.0, 990.0, 991.0, 992.0, 991.0, 993.0, 992.0, 990.0, 991.0, 991.0, 991.0, 991.0, 992.0, 991.0, 989.0, 991.0, 992.0, 993.0, 992.0, 989.0, 992.0, 990.0, 992.0, 991.0, 991.0, 992.0, 991.0, 992.0, 992.0, 992.0, 992.0, 991.0, 992.0, 992.0, 992.0, 991.0, 992.0, 991.0, 990.0, 992.0, 990.0, 992.0, 991.0, 992.0, 991.0, 992.0, 992.0, 992.0, 992.0, 992.0, 991.0, 992.0, 991.0, 989.0, 990.0, 990.0]
Crossover offspring noisy fitness: [992.0, 991.0, 992.0, 990.0, 992.0, 992.0, 989.0, 990.0, 989.0, 991.0, 990.0, 991.0, 992.0, 992.0, 991.0, 992.0, 992.0, 991.0, 991.0, 990.0, 992.0, 988.0, 990.0, 991.0, 991.0, 991.0, 990.0, 992.0, 992.0, 992.0, 992.0, 992.0, 991.0, 992.0, 989.0, 991.0, 989.0, 991.0, 990.0, 991.0, 992.0, 990.0, 991.0, 991.0, 991.0, 992.0, 989.0, 991.0, 992.0, 991.0, 993.0, 992.0, 989.0, 990.0, 991.0, 991.0, 991.0, 992.0, 991.0, 989.0, 991.0, 992.0, 993.0, 992.0, 989.0, 992.0, 990.0, 992.0, 991.0, 991.0, 991.0, 991.0, 992.0, 991.0, 992.0, 992.0, 990.0, 993.0, 992.0, 992.0, 991.0, 992.0, 991.0, 990.0, 992.0, 990.0, 992.0, 991.0, 992.0, 991.0, 992.0, 992.0, 992.0, 992.0, 992.0, 991.0, 992.0, 991.0, 989.0, 990.0, 990.0]
Is bad individual winner: 0
Is good individual winner: 1
Real fitness of best good: 993.0
Noisy fitness of best good: 993.0
Real fitness of best bad: 991.0
Noisy fitness of best bad: 991.0

l: 102
Real fitness of mutation winner: 904.0
Noisy fitness of mutation winner: 904.0
Crossover offspring real fitness: [991.0, 991.0, 991.0, 991.0, 990.0, 991.0, 993.0, 992.0, 992.0, 992.0, 992.0, 991.0, 992.0, 992.0, 992.0, 991.0, 991.0, 992.0, 991.0, 992.0, 991.0, 992.0, 992.0, 989.0, 992.0, 993.0, 992.0, 991.0, 992.0, 992.0, 992.0, 992.0, 992.0, 993.0, 990.0, 991.0, 989.0, 992.0, 992.0, 991.0, 991.0, 992.0, 993.0, 992.0, 991.0, 991.0, 992.0, 990.0, 992.0, 989.0, 991.0, 991.0, 992.0, 991.0, 992.0, 987.0, 991.0, 992.0, 991.0, 990.0, 991.0, 990.0, 991.0, 991.0, 993.0, 992.0, 992.0, 991.0, 991.0, 991.0, 992.0, 992.0, 992.0, 991.0, 992.0, 990.0, 992.0, 989.0, 992.0, 989.0, 992.0, 993.0, 991.0, 990.0, 990.0, 990.0, 992.0, 991.0, 991.0, 992.0, 991.0, 991.0, 989.0, 991.0, 992.0, 991.0, 991.0, 990.0, 989.0, 992.0, 991.0]
Crossover offspring noisy fitness: [991.0, 991.0, 991.0, 991.0, 990.0, 991.0, 993.0, 992.0, 992.0, 992.0, 992.0, 991.0, 992.0, 992.0, 992.0, 991.0, 991.0, 992.0, 991.0, 992.0, 991.0, 992.0, 992.0, 989.0, 992.0, 993.0, 992.0, 991.0, 992.0, 992.0, 992.0, 992.0, 991.0, 993.0, 990.0, 991.0, 989.0, 992.0, 992.0, 991.0, 991.0, 992.0, 993.0, 992.0, 991.0, 991.0, 992.0, 990.0, 992.0, 989.0, 991.0, 991.0, 992.0, 991.0, 992.0, 986.0, 991.0, 992.0, 991.0, 990.0, 991.0, 990.0, 991.0, 991.0, 993.0, 992.0, 992.0, 991.0, 991.0, 991.0, 992.0, 992.0, 992.0, 991.0, 992.0, 990.0, 991.0, 989.0, 992.0, 989.0, 992.0, 993.0, 991.0, 990.0, 990.0, 990.0, 992.0, 990.0, 991.0, 992.0, 991.0, 991.0, 989.0, 991.0, 992.0, 991.0, 991.0, 990.0, 989.0, 991.0, 991.0]
Is bad individual winner: 0
Is good individual winner: 1
Real fitness of best good: 993.0
Noisy fitness of best good: 993.0
Real fitness of best bad: 991.0
Noisy fitness of best bad: 991.0

l: 99
Real fitness of mutation winner: 909.0
Noisy fitness of mutation winner: 909.0
Crossover offspring real fitness: [990.0, 991.0, 992.0, 991.0, 991.0, 990.0, 992.0, 991.0, 992.0, 992.0, 992.0, 991.0, 992.0, 990.0, 990.0, 992.0, 990.0, 991.0, 992.0, 992.0, 991.0, 992.0, 991.0, 993.0, 992.0, 992.0, 991.0, 990.0, 993.0, 992.0, 991.0, 989.0, 992.0, 994.0, 990.0, 990.0, 992.0, 992.0, 992.0, 992.0, 992.0, 991.0, 992.0, 992.0, 992.0, 992.0, 992.0, 992.0, 991.0, 992.0, 990.0, 989.0, 992.0, 992.0, 992.0, 991.0, 992.0, 991.0, 991.0, 991.0, 992.0, 992.0, 991.0, 991.0, 992.0, 992.0, 991.0, 991.0, 990.0, 992.0, 992.0, 992.0, 992.0, 991.0, 992.0, 991.0, 991.0, 991.0, 993.0, 992.0, 991.0, 991.0, 990.0, 991.0, 991.0, 991.0, 990.0, 992.0, 991.0, 989.0, 992.0, 991.0, 992.0, 992.0, 991.0, 991.0, 991.0, 991.0, 991.0, 992.0, 992.0]
Crossover offspring noisy fitness: [990.0, 991.0, 992.0, 991.0, 991.0, 990.0, 992.0, 991.0, 992.0, 992.0, 992.0, 991.0, 992.0, 990.0, 990.0, 992.0, 990.0, 991.0, 992.0, 992.0, 991.0, 992.0, 991.0, 993.0, 992.0, 992.0, 991.0, 990.0, 993.0, 992.0, 991.0, 989.0, 992.0, 993.0, 990.0, 990.0, 992.0, 992.0, 992.0, 992.0, 992.0, 991.0, 992.0, 992.0, 992.0, 992.0, 992.0, 992.0, 991.0, 992.0, 990.0, 989.0, 992.0, 992.0, 992.0, 991.0, 992.0, 991.0, 991.0, 991.0, 992.0, 992.0, 991.0, 991.0, 992.0, 992.0, 991.0, 991.0, 990.0, 992.0, 992.0, 992.0, 992.0, 991.0, 992.0, 991.0, 991.0, 991.0, 993.0, 992.0, 991.0, 991.0, 990.0, 991.0, 991.0, 991.0, 990.0, 992.0, 991.0, 989.0, 992.0, 989.0, 992.0, 991.0, 991.0, 991.0, 991.0, 991.0, 991.0, 992.0, 992.0]
Is bad individual winner: 0
Is good individual winner: 1
Real fitness of best good: 994.0
Noisy fitness of best good: 993.0
Real fitness of best bad: 991.0
Noisy fitness of best bad: 991.0

l: 96
Real fitness of mutation winner: 914.0
Noisy fitness of mutation winner: 914.0
Crossover offspring real fitness: [989.0, 991.0, 990.0, 991.0, 990.0, 992.0, 991.0, 992.0, 992.0, 991.0, 992.0, 993.0, 991.0, 991.0, 992.0, 992.0, 992.0, 992.0, 991.0, 992.0, 992.0, 991.0, 991.0, 991.0, 991.0, 992.0, 991.0, 991.0, 992.0, 991.0, 991.0, 992.0, 991.0, 992.0, 992.0, 991.0, 992.0, 992.0, 992.0, 992.0, 991.0, 992.0, 991.0, 992.0, 990.0, 991.0, 992.0, 992.0, 991.0, 992.0, 990.0, 992.0, 992.0, 992.0, 991.0, 992.0, 991.0, 990.0, 992.0, 992.0, 993.0, 991.0, 992.0, 990.0, 992.0, 990.0, 990.0, 991.0, 992.0, 990.0, 991.0, 990.0, 989.0, 990.0, 992.0, 992.0, 991.0, 990.0, 990.0, 990.0, 991.0, 991.0, 989.0, 992.0, 991.0, 992.0, 992.0, 992.0, 992.0, 991.0, 992.0, 991.0, 990.0, 992.0, 991.0, 991.0, 992.0, 992.0, 992.0, 990.0, 990.0]
Crossover offspring noisy fitness: [989.0, 991.0, 990.0, 991.0, 990.0, 992.0, 991.0, 992.0, 992.0, 991.0, 992.0, 993.0, 991.0, 991.0, 992.0, 992.0, 992.0, 992.0, 991.0, 992.0, 992.0, 991.0, 991.0, 991.0, 991.0, 992.0, 991.0, 991.0, 992.0, 991.0, 991.0, 992.0, 991.0, 991.0, 992.0, 991.0, 992.0, 992.0, 992.0, 992.0, 991.0, 991.0, 991.0, 992.0, 990.0, 991.0, 992.0, 992.0, 991.0, 992.0, 990.0, 992.0, 992.0, 992.0, 991.0, 992.0, 991.0, 990.0, 992.0, 992.0, 993.0, 991.0, 992.0, 990.0, 992.0, 990.0, 990.0, 991.0, 992.0, 990.0, 991.0, 990.0, 989.0, 990.0, 992.0, 992.0, 991.0, 990.0, 990.0, 990.0, 991.0, 991.0, 989.0, 992.0, 991.0, 992.0, 992.0, 992.0, 992.0, 991.0, 992.0, 991.0, 990.0, 992.0, 991.0, 991.0, 992.0, 992.0, 992.0, 990.0, 990.0]
Is bad individual winner: 0
Is good individual winner: 1
Real fitness of best good: 993.0
Noisy fitness of best good: 993.0
Real fitness of best bad: 991.0
Noisy fitness of best bad: 991.0

l: 98
Real fitness of mutation winner: 910.0
Noisy fitness of mutation winner: 910.0
Crossover offspring real fitness: [989.0, 992.0, 990.0, 991.0, 990.0, 992.0, 992.0, 988.0, 991.0, 992.0, 991.0, 992.0, 991.0, 990.0, 991.0, 992.0, 992.0, 991.0, 990.0, 990.0, 991.0, 991.0, 990.0, 991.0, 991.0, 990.0, 992.0, 992.0, 991.0, 990.0, 991.0, 991.0, 991.0, 990.0, 991.0, 992.0, 991.0, 991.0, 992.0, 990.0, 991.0, 992.0, 991.0, 990.0, 992.0, 989.0, 993.0, 991.0, 990.0, 992.0, 989.0, 990.0, 989.0, 992.0, 992.0, 992.0, 992.0, 992.0, 990.0, 991.0, 991.0, 992.0, 992.0, 992.0, 992.0, 992.0, 992.0, 990.0, 991.0, 991.0, 992.0, 991.0, 991.0, 992.0, 990.0, 992.0, 991.0, 991.0, 992.0, 991.0, 990.0, 990.0, 990.0, 991.0, 990.0, 992.0, 992.0, 991.0, 991.0, 990.0, 992.0, 990.0, 992.0, 992.0, 991.0, 990.0, 991.0, 991.0, 991.0, 992.0, 992.0]
Crossover offspring noisy fitness: [989.0, 992.0, 990.0, 991.0, 990.0, 992.0, 992.0, 988.0, 991.0, 992.0, 991.0, 992.0, 991.0, 990.0, 991.0, 992.0, 992.0, 991.0, 990.0, 990.0, 991.0, 991.0, 990.0, 991.0, 991.0, 990.0, 992.0, 992.0, 991.0, 990.0, 991.0, 991.0, 991.0, 990.0, 991.0, 992.0, 991.0, 991.0, 992.0, 990.0, 991.0, 992.0, 991.0, 990.0, 992.0, 989.0, 993.0, 991.0, 990.0, 991.0, 989.0, 989.0, 989.0, 992.0, 992.0, 992.0, 992.0, 991.0, 990.0, 991.0, 991.0, 992.0, 992.0, 992.0, 992.0, 992.0, 992.0, 990.0, 991.0, 991.0, 992.0, 991.0, 991.0, 992.0, 990.0, 992.0, 991.0, 991.0, 992.0, 991.0, 990.0, 989.0, 990.0, 990.0, 990.0, 992.0, 992.0, 991.0, 991.0, 989.0, 992.0, 990.0, 992.0, 992.0, 991.0, 990.0, 991.0, 991.0, 991.0, 992.0, 992.0]
Is bad individual winner: 0
Is good individual winner: 1
Real fitness of best good: 993.0
Noisy fitness of best good: 993.0
Real fitness of best bad: 991.0
Noisy fitness of best bad: 991.0

l: 106
Real fitness of mutation winner: 902.0
Noisy fitness of mutation winner: 902.0
Crossover offspring real fitness: [992.0, 991.0, 991.0, 990.0, 990.0, 992.0, 992.0, 991.0, 991.0, 991.0, 991.0, 989.0, 992.0, 992.0, 992.0, 992.0, 991.0, 991.0, 992.0, 989.0, 992.0, 991.0, 991.0, 991.0, 991.0, 992.0, 991.0, 991.0, 990.0, 991.0, 991.0, 992.0, 992.0, 991.0, 992.0, 991.0, 992.0, 991.0, 992.0, 991.0, 991.0, 989.0, 992.0, 990.0, 990.0, 992.0, 990.0, 989.0, 991.0, 992.0, 991.0, 992.0, 992.0, 990.0, 991.0, 992.0, 991.0, 991.0, 991.0, 989.0, 990.0, 991.0, 993.0, 991.0, 992.0, 991.0, 991.0, 992.0, 992.0, 990.0, 992.0, 992.0, 991.0, 990.0, 990.0, 990.0, 990.0, 990.0, 991.0, 992.0, 990.0, 992.0, 992.0, 989.0, 992.0, 990.0, 990.0, 990.0, 992.0, 991.0, 990.0, 990.0, 992.0, 992.0, 992.0, 991.0, 991.0, 992.0, 990.0, 991.0, 992.0]
Crossover offspring noisy fitness: [992.0, 991.0, 991.0, 989.0, 990.0, 992.0, 992.0, 991.0, 991.0, 991.0, 991.0, 989.0, 992.0, 992.0, 992.0, 992.0, 990.0, 991.0, 992.0, 989.0, 992.0, 990.0, 991.0, 991.0, 992.0, 992.0, 991.0, 991.0, 990.0, 990.0, 991.0, 992.0, 992.0, 991.0, 992.0, 991.0, 992.0, 990.0, 992.0, 991.0, 991.0, 989.0, 992.0, 990.0, 990.0, 992.0, 990.0, 989.0, 991.0, 992.0, 991.0, 992.0, 992.0, 990.0, 991.0, 992.0, 991.0, 991.0, 991.0, 989.0, 990.0, 991.0, 993.0, 991.0, 992.0, 991.0, 991.0, 992.0, 992.0, 990.0, 992.0, 992.0, 991.0, 990.0, 990.0, 990.0, 989.0, 990.0, 991.0, 992.0, 990.0, 992.0, 992.0, 989.0, 992.0, 990.0, 990.0, 990.0, 992.0, 991.0, 990.0, 990.0, 992.0, 992.0, 992.0, 991.0, 991.0, 991.0, 990.0, 991.0, 992.0]
Is bad individual winner: 0
Is good individual winner: 1
Real fitness of best good: 993.0
Noisy fitness of best good: 993.0
Real fitness of best bad: 991.0
Noisy fitness of best bad: 992.0

l: 102
Real fitness of mutation winner: 904.0
Noisy fitness of mutation winner: 904.0
Crossover offspring real fitness: [991.0, 992.0, 991.0, 991.0, 991.0, 992.0, 992.0, 991.0, 992.0, 992.0, 992.0, 991.0, 991.0, 990.0, 992.0, 992.0, 990.0, 990.0, 992.0, 992.0, 992.0, 992.0, 992.0, 991.0, 991.0, 991.0, 992.0, 991.0, 990.0, 990.0, 991.0, 992.0, 990.0, 992.0, 989.0, 991.0, 990.0, 991.0, 990.0, 992.0, 991.0, 991.0, 992.0, 988.0, 991.0, 991.0, 991.0, 992.0, 989.0, 991.0, 992.0, 991.0, 992.0, 992.0, 991.0, 992.0, 989.0, 990.0, 992.0, 991.0, 992.0, 989.0, 992.0, 991.0, 993.0, 991.0, 993.0, 990.0, 991.0, 990.0, 990.0, 991.0, 991.0, 991.0, 991.0, 992.0, 992.0, 991.0, 992.0, 991.0, 989.0, 992.0, 991.0, 992.0, 991.0, 991.0, 991.0, 990.0, 990.0, 992.0, 991.0, 991.0, 989.0, 991.0, 991.0, 992.0, 991.0, 990.0, 993.0, 992.0, 991.0]
Crossover offspring noisy fitness: [990.0, 991.0, 992.0, 991.0, 991.0, 992.0, 992.0, 991.0, 992.0, 992.0, 992.0, 991.0, 991.0, 990.0, 992.0, 992.0, 990.0, 990.0, 992.0, 991.0, 992.0, 992.0, 992.0, 991.0, 991.0, 991.0, 992.0, 991.0, 990.0, 989.0, 991.0, 992.0, 990.0, 992.0, 989.0, 991.0, 990.0, 991.0, 990.0, 992.0, 991.0, 991.0, 992.0, 988.0, 991.0, 991.0, 991.0, 992.0, 989.0, 991.0, 992.0, 991.0, 992.0, 992.0, 991.0, 992.0, 989.0, 990.0, 992.0, 991.0, 992.0, 989.0, 992.0, 991.0, 993.0, 991.0, 993.0, 990.0, 991.0, 990.0, 990.0, 991.0, 991.0, 991.0, 991.0, 991.0, 992.0, 991.0, 992.0, 991.0, 989.0, 992.0, 991.0, 992.0, 991.0, 990.0, 991.0, 990.0, 989.0, 992.0, 991.0, 991.0, 989.0, 991.0, 991.0, 992.0, 991.0, 990.0, 993.0, 992.0, 991.0]
Is bad individual winner: 0
Is good individual winner: 1
Real fitness of best good: 993.0
Noisy fitness of best good: 993.0
Real fitness of best bad: 991.0
Noisy fitness of best bad: 992.0

l: 98
Real fitness of mutation winner: 908.0
Noisy fitness of mutation winner: 909.0
Crossover offspring real fitness: [992.0, 992.0, 992.0, 991.0, 991.0, 989.0, 991.0, 992.0, 992.0, 991.0, 992.0, 991.0, 991.0, 992.0, 992.0, 992.0, 991.0, 992.0, 989.0, 992.0, 992.0, 991.0, 991.0, 990.0, 991.0, 989.0, 992.0, 993.0, 991.0, 991.0, 990.0, 989.0, 992.0, 990.0, 991.0, 990.0, 991.0, 990.0, 990.0, 992.0, 990.0, 992.0, 992.0, 991.0, 993.0, 991.0, 993.0, 992.0, 992.0, 990.0, 990.0, 990.0, 990.0, 992.0, 990.0, 989.0, 991.0, 990.0, 992.0, 993.0, 991.0, 992.0, 992.0, 990.0, 992.0, 991.0, 992.0, 991.0, 991.0, 992.0, 988.0, 992.0, 991.0, 991.0, 992.0, 989.0, 992.0, 991.0, 992.0, 989.0, 992.0, 992.0, 992.0, 991.0, 990.0, 989.0, 992.0, 991.0, 991.0, 991.0, 992.0, 992.0, 991.0, 991.0, 992.0, 991.0, 991.0, 992.0, 991.0, 992.0, 991.0]
Crossover offspring noisy fitness: [992.0, 992.0, 992.0, 991.0, 991.0, 989.0, 990.0, 992.0, 992.0, 991.0, 992.0, 991.0, 991.0, 992.0, 992.0, 992.0, 991.0, 992.0, 989.0, 992.0, 992.0, 991.0, 991.0, 990.0, 991.0, 989.0, 992.0, 993.0, 991.0, 991.0, 990.0, 989.0, 992.0, 990.0, 991.0, 990.0, 991.0, 990.0, 990.0, 992.0, 990.0, 992.0, 992.0, 991.0, 993.0, 991.0, 993.0, 992.0, 992.0, 990.0, 990.0, 990.0, 990.0, 992.0, 990.0, 989.0, 991.0, 990.0, 991.0, 993.0, 991.0, 992.0, 992.0, 990.0, 992.0, 991.0, 992.0, 991.0, 991.0, 992.0, 988.0, 992.0, 991.0, 991.0, 992.0, 989.0, 992.0, 991.0, 992.0, 988.0, 992.0, 991.0, 992.0, 991.0, 990.0, 989.0, 992.0, 991.0, 991.0, 991.0, 992.0, 992.0, 991.0, 991.0, 992.0, 991.0, 991.0, 992.0, 990.0, 992.0, 991.0]
Is bad individual winner: 0
Is good individual winner: 1
Real fitness of best good: 993.0
Noisy fitness of best good: 993.0
Real fitness of best bad: 991.0
Noisy fitness of best bad: 991.0

l: 87
Real fitness of mutation winner: 917.0
Noisy fitness of mutation winner: 917.0
Crossover offspring real fitness: [992.0, 992.0, 993.0, 991.0, 991.0, 992.0, 992.0, 992.0, 991.0, 992.0, 991.0, 991.0, 992.0, 990.0, 991.0, 989.0, 992.0, 989.0, 991.0, 992.0, 989.0, 992.0, 991.0, 991.0, 992.0, 991.0, 991.0, 992.0, 992.0, 992.0, 991.0, 990.0, 992.0, 992.0, 992.0, 993.0, 992.0, 990.0, 991.0, 990.0, 992.0, 992.0, 991.0, 990.0, 992.0, 991.0, 990.0, 992.0, 992.0, 991.0, 992.0, 992.0, 991.0, 992.0, 993.0, 992.0, 992.0, 991.0, 992.0, 991.0, 991.0, 992.0, 991.0, 991.0, 988.0, 992.0, 991.0, 992.0, 990.0, 990.0, 991.0, 990.0, 994.0, 992.0, 991.0, 991.0, 991.0, 992.0, 991.0, 991.0, 992.0, 991.0, 992.0, 992.0, 991.0, 992.0, 992.0, 991.0, 991.0, 993.0, 990.0, 990.0, 992.0, 992.0, 990.0, 991.0, 991.0, 991.0, 992.0, 991.0, 992.0]
Crossover offspring noisy fitness: [992.0, 992.0, 993.0, 991.0, 991.0, 992.0, 992.0, 992.0, 991.0, 992.0, 991.0, 991.0, 992.0, 990.0, 991.0, 989.0, 992.0, 989.0, 991.0, 992.0, 989.0, 992.0, 991.0, 991.0, 992.0, 991.0, 991.0, 992.0, 992.0, 992.0, 991.0, 990.0, 992.0, 992.0, 992.0, 993.0, 992.0, 990.0, 991.0, 990.0, 992.0, 992.0, 991.0, 990.0, 992.0, 991.0, 990.0, 992.0, 992.0, 991.0, 992.0, 992.0, 991.0, 991.0, 993.0, 992.0, 991.0, 991.0, 992.0, 991.0, 991.0, 992.0, 991.0, 991.0, 988.0, 992.0, 991.0, 992.0, 990.0, 990.0, 991.0, 990.0, 993.0, 992.0, 991.0, 991.0, 991.0, 992.0, 991.0, 991.0, 992.0, 991.0, 992.0, 992.0, 991.0, 992.0, 992.0, 991.0, 991.0, 993.0, 990.0, 990.0, 992.0, 992.0, 990.0, 991.0, 991.0, 991.0, 992.0, 991.0, 992.0]
Is bad individual winner: 0
Is good individual winner: 1
Real fitness of best good: 994.0
Noisy fitness of best good: 993.0
Real fitness of best bad: 991.0
Noisy fitness of best bad: 991.0

l: 102
Real fitness of mutation winner: 904.0
Noisy fitness of mutation winner: 904.0
Crossover offspring real fitness: [992.0, 990.0, 991.0, 990.0, 993.0, 989.0, 992.0, 991.0, 992.0, 992.0, 992.0, 992.0, 991.0, 992.0, 992.0, 992.0, 992.0, 991.0, 992.0, 990.0, 991.0, 992.0, 991.0, 992.0, 992.0, 992.0, 991.0, 991.0, 991.0, 992.0, 991.0, 991.0, 993.0, 992.0, 992.0, 992.0, 991.0, 991.0, 992.0, 991.0, 991.0, 990.0, 991.0, 993.0, 991.0, 991.0, 990.0, 989.0, 992.0, 990.0, 992.0, 991.0, 992.0, 992.0, 992.0, 991.0, 991.0, 992.0, 991.0, 992.0, 990.0, 990.0, 991.0, 992.0, 992.0, 991.0, 990.0, 992.0, 992.0, 991.0, 991.0, 989.0, 992.0, 992.0, 989.0, 992.0, 989.0, 991.0, 992.0, 991.0, 990.0, 991.0, 991.0, 991.0, 991.0, 991.0, 990.0, 991.0, 992.0, 990.0, 993.0, 992.0, 991.0, 992.0, 991.0, 989.0, 992.0, 990.0, 992.0, 990.0, 989.0]
Crossover offspring noisy fitness: [992.0, 990.0, 991.0, 990.0, 993.0, 989.0, 992.0, 991.0, 992.0, 992.0, 992.0, 992.0, 991.0, 992.0, 990.0, 992.0, 992.0, 991.0, 992.0, 990.0, 991.0, 992.0, 991.0, 992.0, 992.0, 992.0, 991.0, 991.0, 991.0, 992.0, 991.0, 991.0, 993.0, 992.0, 992.0, 992.0, 990.0, 991.0, 991.0, 991.0, 991.0, 990.0, 991.0, 993.0, 991.0, 991.0, 990.0, 989.0, 992.0, 990.0, 992.0, 991.0, 992.0, 992.0, 992.0, 991.0, 991.0, 992.0, 991.0, 992.0, 990.0, 990.0, 991.0, 992.0, 992.0, 991.0, 990.0, 992.0, 992.0, 991.0, 991.0, 989.0, 992.0, 992.0, 989.0, 992.0, 989.0, 991.0, 992.0, 991.0, 990.0, 991.0, 991.0, 991.0, 991.0, 991.0, 990.0, 991.0, 992.0, 990.0, 993.0, 992.0, 991.0, 992.0, 991.0, 989.0, 992.0, 990.0, 992.0, 990.0, 989.0]
Is bad individual winner: 0
Is good individual winner: 1
Real fitness of best good: 993.0
Noisy fitness of best good: 993.0
Real fitness of best bad: 991.0
Noisy fitness of best bad: 991.0

l: 111
Real fitness of mutation winner: 899.0
Noisy fitness of mutation winner: 899.0
Crossover offspring real fitness: [991.0, 993.0, 991.0, 991.0, 992.0, 989.0, 992.0, 992.0, 992.0, 990.0, 990.0, 991.0, 991.0, 989.0, 991.0, 990.0, 992.0, 989.0, 992.0, 989.0, 991.0, 991.0, 992.0, 991.0, 991.0, 992.0, 991.0, 992.0, 992.0, 990.0, 991.0, 991.0, 991.0, 991.0, 991.0, 990.0, 992.0, 991.0, 992.0, 992.0, 992.0, 992.0, 991.0, 988.0, 989.0, 991.0, 991.0, 990.0, 991.0, 989.0, 991.0, 992.0, 990.0, 992.0, 990.0, 991.0, 991.0, 991.0, 991.0, 990.0, 988.0, 992.0, 989.0, 990.0, 991.0, 992.0, 991.0, 992.0, 990.0, 989.0, 991.0, 990.0, 992.0, 988.0, 989.0, 992.0, 991.0, 991.0, 992.0, 992.0, 992.0, 988.0, 991.0, 991.0, 991.0, 991.0, 992.0, 992.0, 992.0, 992.0, 992.0, 991.0, 990.0, 992.0, 992.0, 992.0, 992.0, 991.0, 988.0, 991.0, 992.0]
Crossover offspring noisy fitness: [991.0, 993.0, 991.0, 991.0, 992.0, 989.0, 992.0, 992.0, 992.0, 990.0, 990.0, 991.0, 991.0, 989.0, 991.0, 990.0, 992.0, 989.0, 992.0, 989.0, 991.0, 991.0, 991.0, 991.0, 991.0, 992.0, 991.0, 992.0, 992.0, 990.0, 991.0, 991.0, 991.0, 991.0, 991.0, 990.0, 992.0, 991.0, 992.0, 992.0, 992.0, 992.0, 991.0, 988.0, 989.0, 991.0, 991.0, 990.0, 991.0, 989.0, 991.0, 992.0, 990.0, 992.0, 990.0, 991.0, 991.0, 991.0, 991.0, 990.0, 988.0, 992.0, 989.0, 990.0, 991.0, 992.0, 991.0, 992.0, 990.0, 989.0, 991.0, 990.0, 992.0, 988.0, 989.0, 992.0, 991.0, 991.0, 992.0, 992.0, 992.0, 988.0, 991.0, 990.0, 991.0, 991.0, 992.0, 992.0, 992.0, 992.0, 992.0, 991.0, 990.0, 992.0, 992.0, 992.0, 992.0, 991.0, 988.0, 991.0, 992.0]
Is bad individual winner: 0
Is good individual winner: 1
Real fitness of best good: 993.0
Noisy fitness of best good: 993.0
Real fitness of best bad: 991.0
Noisy fitness of best bad: 991.0

l: 107
Real fitness of mutation winner: 899.0
Noisy fitness of mutation winner: 899.0
Crossover offspring real fitness: [991.0, 989.0, 989.0, 991.0, 992.0, 991.0, 992.0, 991.0, 990.0, 990.0, 991.0, 991.0, 990.0, 991.0, 992.0, 991.0, 990.0, 992.0, 992.0, 992.0, 991.0, 991.0, 991.0, 991.0, 990.0, 994.0, 990.0, 993.0, 991.0, 992.0, 989.0, 992.0, 990.0, 992.0, 990.0, 990.0, 991.0, 991.0, 992.0, 992.0, 990.0, 992.0, 992.0, 991.0, 992.0, 992.0, 990.0, 992.0, 989.0, 992.0, 992.0, 990.0, 992.0, 990.0, 992.0, 992.0, 991.0, 993.0, 991.0, 992.0, 991.0, 990.0, 991.0, 991.0, 990.0, 990.0, 990.0, 991.0, 989.0, 992.0, 991.0, 992.0, 989.0, 989.0, 991.0, 992.0, 990.0, 991.0, 991.0, 991.0, 991.0, 990.0, 992.0, 992.0, 992.0, 991.0, 993.0, 991.0, 991.0, 992.0, 992.0, 992.0, 991.0, 992.0, 990.0, 992.0, 991.0, 991.0, 991.0, 992.0, 991.0]
Crossover offspring noisy fitness: [991.0, 989.0, 989.0, 991.0, 992.0, 991.0, 992.0, 991.0, 990.0, 990.0, 990.0, 991.0, 990.0, 991.0, 992.0, 991.0, 990.0, 992.0, 992.0, 992.0, 991.0, 991.0, 991.0, 991.0, 990.0, 994.0, 990.0, 993.0, 991.0, 992.0, 989.0, 992.0, 990.0, 992.0, 990.0, 989.0, 991.0, 991.0, 992.0, 992.0, 990.0, 992.0, 992.0, 991.0, 992.0, 992.0, 990.0, 991.0, 989.0, 992.0, 992.0, 990.0, 992.0, 990.0, 992.0, 992.0, 991.0, 993.0, 991.0, 992.0, 991.0, 990.0, 991.0, 991.0, 990.0, 990.0, 990.0, 991.0, 989.0, 992.0, 990.0, 992.0, 989.0, 989.0, 991.0, 992.0, 990.0, 991.0, 990.0, 991.0, 991.0, 990.0, 992.0, 992.0, 992.0, 991.0, 993.0, 991.0, 991.0, 992.0, 992.0, 991.0, 991.0, 992.0, 990.0, 992.0, 989.0, 991.0, 991.0, 992.0, 991.0]
Is bad individual winner: 0
Is good individual winner: 1
Real fitness of best good: 994.0
Noisy fitness of best good: 994.0
Real fitness of best bad: 991.0
Noisy fitness of best bad: 991.0

l: 103
Real fitness of mutation winner: 903.0
Noisy fitness of mutation winner: 903.0
Crossover offspring real fitness: [992.0, 992.0, 992.0, 991.0, 992.0, 992.0, 990.0, 989.0, 992.0, 992.0, 992.0, 992.0, 992.0, 990.0, 993.0, 990.0, 992.0, 992.0, 991.0, 992.0, 992.0, 990.0, 992.0, 991.0, 990.0, 991.0, 991.0, 992.0, 990.0, 990.0, 992.0, 991.0, 992.0, 992.0, 992.0, 992.0, 990.0, 989.0, 991.0, 992.0, 991.0, 990.0, 992.0, 992.0, 990.0, 989.0, 990.0, 990.0, 992.0, 989.0, 991.0, 991.0, 990.0, 991.0, 992.0, 992.0, 990.0, 990.0, 989.0, 990.0, 988.0, 992.0, 991.0, 992.0, 992.0, 991.0, 989.0, 992.0, 991.0, 993.0, 991.0, 992.0, 990.0, 991.0, 990.0, 991.0, 990.0, 992.0, 991.0, 991.0, 992.0, 991.0, 991.0, 992.0, 991.0, 988.0, 990.0, 991.0, 991.0, 991.0, 992.0, 992.0, 990.0, 990.0, 992.0, 991.0, 991.0, 992.0, 991.0, 990.0, 991.0]
Crossover offspring noisy fitness: [992.0, 992.0, 992.0, 991.0, 992.0, 992.0, 990.0, 989.0, 991.0, 992.0, 992.0, 992.0, 992.0, 990.0, 993.0, 990.0, 992.0, 992.0, 991.0, 992.0, 992.0, 990.0, 992.0, 991.0, 990.0, 992.0, 991.0, 992.0, 989.0, 990.0, 992.0, 991.0, 992.0, 992.0, 992.0, 992.0, 989.0, 989.0, 991.0, 992.0, 991.0, 990.0, 992.0, 992.0, 990.0, 989.0, 990.0, 990.0, 991.0, 989.0, 991.0, 991.0, 990.0, 991.0, 992.0, 992.0, 990.0, 990.0, 989.0, 990.0, 988.0, 992.0, 991.0, 992.0, 992.0, 991.0, 989.0, 992.0, 991.0, 993.0, 991.0, 992.0, 990.0, 990.0, 990.0, 991.0, 990.0, 992.0, 991.0, 992.0, 992.0, 991.0, 991.0, 992.0, 991.0, 988.0, 990.0, 991.0, 991.0, 991.0, 992.0, 992.0, 990.0, 990.0, 992.0, 991.0, 991.0, 992.0, 991.0, 990.0, 991.0]
Is bad individual winner: 0
Is good individual winner: 1
Real fitness of best good: 993.0
Noisy fitness of best good: 993.0
Real fitness of best bad: 991.0
Noisy fitness of best bad: 992.0

l: 106
Real fitness of mutation winner: 902.0
Noisy fitness of mutation winner: 902.0
Crossover offspring real fitness: [991.0, 992.0, 992.0, 992.0, 991.0, 992.0, 991.0, 989.0, 992.0, 992.0, 990.0, 991.0, 992.0, 992.0, 992.0, 991.0, 991.0, 991.0, 991.0, 991.0, 990.0, 989.0, 992.0, 992.0, 991.0, 992.0, 992.0, 992.0, 991.0, 991.0, 992.0, 988.0, 991.0, 991.0, 991.0, 991.0, 991.0, 992.0, 990.0, 990.0, 992.0, 990.0, 991.0, 989.0, 992.0, 992.0, 992.0, 990.0, 990.0, 992.0, 992.0, 989.0, 992.0, 992.0, 990.0, 991.0, 992.0, 991.0, 990.0, 992.0, 992.0, 989.0, 992.0, 992.0, 992.0, 992.0, 991.0, 991.0, 992.0, 992.0, 990.0, 990.0, 992.0, 991.0, 992.0, 990.0, 992.0, 992.0, 991.0, 990.0, 991.0, 988.0, 990.0, 992.0, 991.0, 991.0, 989.0, 992.0, 992.0, 991.0, 991.0, 990.0, 993.0, 991.0, 992.0, 992.0, 991.0, 992.0, 990.0, 991.0, 992.0]
Crossover offspring noisy fitness: [991.0, 992.0, 992.0, 992.0, 991.0, 992.0, 991.0, 989.0, 992.0, 992.0, 990.0, 991.0, 992.0, 992.0, 992.0, 991.0, 991.0, 990.0, 991.0, 991.0, 990.0, 989.0, 991.0, 992.0, 991.0, 992.0, 992.0, 992.0, 991.0, 991.0, 992.0, 988.0, 991.0, 991.0, 991.0, 991.0, 991.0, 992.0, 990.0, 990.0, 992.0, 990.0, 991.0, 989.0, 992.0, 991.0, 992.0, 990.0, 990.0, 992.0, 992.0, 989.0, 992.0, 992.0, 990.0, 991.0, 992.0, 991.0, 990.0, 992.0, 992.0, 989.0, 992.0, 992.0, 992.0, 992.0, 991.0, 991.0, 992.0, 992.0, 989.0, 990.0, 992.0, 991.0, 992.0, 990.0, 992.0, 991.0, 991.0, 990.0, 991.0, 988.0, 990.0, 992.0, 991.0, 991.0, 989.0, 992.0, 992.0, 991.0, 991.0, 990.0, 993.0, 991.0, 992.0, 991.0, 991.0, 992.0, 990.0, 991.0, 992.0]
Is bad individual winner: 0
Is good individual winner: 1
Real fitness of best good: 993.0
Noisy fitness of best good: 993.0
Real fitness of best bad: 991.0
Noisy fitness of best bad: 991.0

l: 92
Real fitness of mutation winner: 912.0
Noisy fitness of mutation winner: 912.0
Crossover offspring real fitness: [992.0, 992.0, 991.0, 990.0, 991.0, 992.0, 992.0, 992.0, 991.0, 992.0, 991.0, 992.0, 991.0, 991.0, 992.0, 991.0, 991.0, 991.0, 992.0, 991.0, 992.0, 992.0, 991.0, 992.0, 991.0, 991.0, 992.0, 990.0, 992.0, 990.0, 991.0, 990.0, 992.0, 990.0, 990.0, 992.0, 990.0, 991.0, 989.0, 990.0, 991.0, 991.0, 992.0, 991.0, 991.0, 992.0, 992.0, 992.0, 991.0, 992.0, 991.0, 992.0, 992.0, 992.0, 991.0, 991.0, 992.0, 990.0, 988.0, 991.0, 992.0, 991.0, 992.0, 992.0, 992.0, 990.0, 988.0, 992.0, 990.0, 992.0, 991.0, 991.0, 991.0, 993.0, 992.0, 991.0, 992.0, 992.0, 992.0, 992.0, 991.0, 991.0, 991.0, 990.0, 993.0, 990.0, 988.0, 991.0, 990.0, 991.0, 991.0, 991.0, 991.0, 992.0, 991.0, 992.0, 991.0, 991.0, 992.0, 987.0, 992.0]
Crossover offspring noisy fitness: [992.0, 992.0, 991.0, 990.0, 991.0, 991.0, 992.0, 992.0, 991.0, 992.0, 991.0, 992.0, 991.0, 991.0, 992.0, 991.0, 991.0, 991.0, 992.0, 991.0, 992.0, 992.0, 991.0, 992.0, 991.0, 991.0, 992.0, 990.0, 992.0, 990.0, 991.0, 990.0, 992.0, 990.0, 990.0, 992.0, 989.0, 991.0, 989.0, 990.0, 991.0, 991.0, 992.0, 991.0, 991.0, 992.0, 992.0, 992.0, 991.0, 992.0, 991.0, 992.0, 992.0, 992.0, 991.0, 991.0, 992.0, 990.0, 988.0, 991.0, 992.0, 991.0, 992.0, 992.0, 992.0, 990.0, 988.0, 992.0, 990.0, 992.0, 991.0, 991.0, 991.0, 993.0, 992.0, 990.0, 991.0, 992.0, 992.0, 992.0, 991.0, 991.0, 991.0, 989.0, 993.0, 990.0, 988.0, 990.0, 990.0, 991.0, 991.0, 991.0, 991.0, 992.0, 991.0, 992.0, 991.0, 991.0, 992.0, 987.0, 992.0]
Is bad individual winner: 0
Is good individual winner: 1
Real fitness of best good: 993.0
Noisy fitness of best good: 993.0
Real fitness of best bad: 991.0
Noisy fitness of best bad: 991.0

l: 99
Real fitness of mutation winner: 907.0
Noisy fitness of mutation winner: 907.0
Crossover offspring real fitness: [992.0, 991.0, 992.0, 991.0, 991.0, 992.0, 992.0, 990.0, 991.0, 990.0, 991.0, 990.0, 991.0, 992.0, 988.0, 990.0, 992.0, 991.0, 991.0, 992.0, 992.0, 992.0, 989.0, 989.0, 992.0, 991.0, 991.0, 991.0, 991.0, 992.0, 992.0, 992.0, 992.0, 992.0, 992.0, 990.0, 992.0, 992.0, 990.0, 991.0, 992.0, 992.0, 992.0, 990.0, 992.0, 992.0, 992.0, 990.0, 991.0, 992.0, 992.0, 989.0, 988.0, 992.0, 992.0, 990.0, 991.0, 992.0, 992.0, 991.0, 992.0, 992.0, 992.0, 992.0, 992.0, 992.0, 990.0, 992.0, 991.0, 988.0, 992.0, 992.0, 992.0, 989.0, 992.0, 993.0, 992.0, 988.0, 991.0, 993.0, 992.0, 991.0, 992.0, 992.0, 990.0, 989.0, 992.0, 989.0, 992.0, 992.0, 990.0, 989.0, 992.0, 991.0, 992.0, 993.0, 992.0, 990.0, 991.0, 989.0, 992.0]
Crossover offspring noisy fitness: [992.0, 991.0, 991.0, 991.0, 991.0, 992.0, 992.0, 990.0, 991.0, 990.0, 991.0, 990.0, 991.0, 992.0, 988.0, 990.0, 992.0, 991.0, 991.0, 992.0, 992.0, 992.0, 989.0, 989.0, 992.0, 991.0, 991.0, 990.0, 991.0, 992.0, 992.0, 991.0, 992.0, 992.0, 992.0, 990.0, 992.0, 992.0, 990.0, 990.0, 992.0, 992.0, 992.0, 990.0, 992.0, 992.0, 992.0, 990.0, 991.0, 992.0, 992.0, 989.0, 988.0, 992.0, 992.0, 990.0, 991.0, 992.0, 992.0, 991.0, 991.0, 992.0, 992.0, 992.0, 992.0, 992.0, 990.0, 992.0, 991.0, 988.0, 992.0, 992.0, 992.0, 989.0, 992.0, 993.0, 992.0, 988.0, 991.0, 993.0, 992.0, 991.0, 992.0, 992.0, 990.0, 989.0, 992.0, 989.0, 992.0, 992.0, 990.0, 989.0, 992.0, 991.0, 991.0, 993.0, 992.0, 990.0, 991.0, 989.0, 992.0]
Is bad individual winner: 0
Is good individual winner: 1
Real fitness of best good: 993.0
Noisy fitness of best good: 993.0
Real fitness of best bad: 991.0
Noisy fitness of best bad: 991.0

l: 103
Real fitness of mutation winner: 903.0
Noisy fitness of mutation winner: 903.0
Crossover offspring real fitness: [991.0, 990.0, 991.0, 991.0, 991.0, 992.0, 991.0, 992.0, 991.0, 991.0, 991.0, 991.0, 992.0, 990.0, 990.0, 992.0, 991.0, 991.0, 991.0, 992.0, 992.0, 992.0, 992.0, 992.0, 992.0, 991.0, 990.0, 990.0, 990.0, 992.0, 992.0, 989.0, 992.0, 990.0, 991.0, 990.0, 991.0, 991.0, 989.0, 992.0, 990.0, 991.0, 990.0, 990.0, 991.0, 992.0, 992.0, 992.0, 992.0, 991.0, 990.0, 993.0, 991.0, 992.0, 991.0, 991.0, 991.0, 992.0, 991.0, 990.0, 991.0, 991.0, 991.0, 991.0, 992.0, 992.0, 991.0, 992.0, 991.0, 992.0, 992.0, 991.0, 992.0, 993.0, 990.0, 991.0, 990.0, 988.0, 991.0, 993.0, 991.0, 992.0, 991.0, 991.0, 990.0, 992.0, 991.0, 991.0, 992.0, 990.0, 991.0, 992.0, 992.0, 991.0, 992.0, 992.0, 992.0, 990.0, 992.0, 992.0, 991.0]
Crossover offspring noisy fitness: [991.0, 990.0, 991.0, 991.0, 991.0, 992.0, 991.0, 992.0, 991.0, 991.0, 990.0, 991.0, 992.0, 990.0, 990.0, 992.0, 991.0, 991.0, 991.0, 992.0, 992.0, 992.0, 992.0, 991.0, 992.0, 991.0, 990.0, 990.0, 990.0, 992.0, 992.0, 989.0, 992.0, 990.0, 991.0, 990.0, 991.0, 991.0, 989.0, 992.0, 990.0, 991.0, 990.0, 990.0, 991.0, 992.0, 992.0, 992.0, 992.0, 991.0, 990.0, 993.0, 991.0, 992.0, 991.0, 991.0, 990.0, 992.0, 991.0, 990.0, 991.0, 991.0, 991.0, 991.0, 992.0, 992.0, 991.0, 992.0, 991.0, 992.0, 992.0, 991.0, 992.0, 992.0, 990.0, 991.0, 990.0, 988.0, 991.0, 993.0, 991.0, 992.0, 991.0, 990.0, 990.0, 992.0, 991.0, 991.0, 992.0, 990.0, 991.0, 992.0, 992.0, 991.0, 992.0, 992.0, 992.0, 990.0, 992.0, 992.0, 991.0]
Is bad individual winner: 0
Is good individual winner: 1
Real fitness of best good: 993.0
Noisy fitness of best good: 993.0
Real fitness of best bad: 991.0
Noisy fitness of best bad: 991.0

l: 101
Real fitness of mutation winner: 907.0
Noisy fitness of mutation winner: 907.0
Crossover offspring real fitness: [993.0, 992.0, 992.0, 990.0, 990.0, 992.0, 991.0, 991.0, 992.0, 990.0, 989.0, 992.0, 990.0, 992.0, 991.0, 992.0, 990.0, 992.0, 990.0, 991.0, 991.0, 990.0, 991.0, 989.0, 992.0, 990.0, 992.0, 991.0, 991.0, 989.0, 992.0, 992.0, 991.0, 990.0, 991.0, 992.0, 992.0, 991.0, 991.0, 991.0, 989.0, 991.0, 992.0, 992.0, 993.0, 991.0, 992.0, 990.0, 993.0, 992.0, 989.0, 993.0, 992.0, 992.0, 992.0, 990.0, 991.0, 991.0, 991.0, 992.0, 991.0, 992.0, 991.0, 991.0, 992.0, 991.0, 991.0, 990.0, 991.0, 992.0, 993.0, 992.0, 989.0, 989.0, 991.0, 992.0, 991.0, 991.0, 989.0, 990.0, 990.0, 989.0, 988.0, 989.0, 991.0, 990.0, 991.0, 991.0, 991.0, 991.0, 991.0, 991.0, 991.0, 992.0, 991.0, 992.0, 991.0, 990.0, 991.0, 991.0, 990.0]
Crossover offspring noisy fitness: [993.0, 992.0, 992.0, 990.0, 990.0, 991.0, 991.0, 991.0, 992.0, 990.0, 989.0, 992.0, 990.0, 992.0, 991.0, 992.0, 990.0, 992.0, 990.0, 991.0, 991.0, 990.0, 991.0, 988.0, 992.0, 990.0, 992.0, 991.0, 991.0, 988.0, 992.0, 992.0, 991.0, 990.0, 991.0, 992.0, 992.0, 991.0, 991.0, 990.0, 989.0, 991.0, 992.0, 992.0, 993.0, 991.0, 992.0, 990.0, 993.0, 991.0, 989.0, 993.0, 992.0, 992.0, 992.0, 990.0, 991.0, 991.0, 991.0, 992.0, 991.0, 992.0, 991.0, 991.0, 992.0, 990.0, 991.0, 990.0, 991.0, 992.0, 993.0, 992.0, 989.0, 989.0, 991.0, 992.0, 991.0, 991.0, 989.0, 990.0, 990.0, 989.0, 988.0, 989.0, 991.0, 990.0, 991.0, 991.0, 990.0, 991.0, 990.0, 991.0, 991.0, 992.0, 991.0, 992.0, 992.0, 990.0, 991.0, 991.0, 990.0]
Is bad individual winner: 0
Is good individual winner: 1
Real fitness of best good: 993.0
Noisy fitness of best good: 993.0
Real fitness of best bad: 991.0
Noisy fitness of best bad: 992.0

l: 97
Real fitness of mutation winner: 911.0
Noisy fitness of mutation winner: 911.0
Crossover offspring real fitness: [992.0, 988.0, 992.0, 991.0, 990.0, 991.0, 991.0, 992.0, 992.0, 992.0, 991.0, 992.0, 991.0, 992.0, 991.0, 991.0, 990.0, 992.0, 991.0, 990.0, 988.0, 989.0, 991.0, 991.0, 991.0, 991.0, 990.0, 990.0, 990.0, 991.0, 991.0, 992.0, 988.0, 991.0, 990.0, 991.0, 992.0, 991.0, 991.0, 991.0, 992.0, 991.0, 992.0, 991.0, 992.0, 990.0, 991.0, 992.0, 992.0, 992.0, 991.0, 989.0, 991.0, 992.0, 990.0, 989.0, 991.0, 990.0, 992.0, 991.0, 992.0, 991.0, 992.0, 992.0, 991.0, 987.0, 991.0, 992.0, 991.0, 991.0, 991.0, 991.0, 991.0, 992.0, 992.0, 992.0, 992.0, 992.0, 991.0, 991.0, 990.0, 992.0, 989.0, 989.0, 992.0, 990.0, 989.0, 991.0, 992.0, 992.0, 991.0, 992.0, 992.0, 992.0, 991.0, 992.0, 990.0, 991.0, 990.0, 989.0, 993.0]
Crossover offspring noisy fitness: [992.0, 988.0, 992.0, 990.0, 990.0, 991.0, 991.0, 992.0, 992.0, 992.0, 991.0, 992.0, 991.0, 992.0, 991.0, 991.0, 990.0, 992.0, 991.0, 990.0, 987.0, 988.0, 991.0, 991.0, 991.0, 991.0, 990.0, 990.0, 990.0, 991.0, 991.0, 992.0, 988.0, 991.0, 990.0, 991.0, 992.0, 991.0, 991.0, 991.0, 992.0, 991.0, 992.0, 991.0, 992.0, 990.0, 991.0, 992.0, 991.0, 992.0, 991.0, 989.0, 991.0, 992.0, 989.0, 989.0, 991.0, 990.0, 992.0, 991.0, 992.0, 991.0, 992.0, 992.0, 991.0, 987.0, 991.0, 992.0, 991.0, 991.0, 991.0, 991.0, 991.0, 991.0, 992.0, 992.0, 992.0, 992.0, 991.0, 991.0, 990.0, 992.0, 989.0, 989.0, 992.0, 990.0, 989.0, 991.0, 992.0, 992.0, 991.0, 992.0, 992.0, 992.0, 991.0, 992.0, 990.0, 991.0, 990.0, 989.0, 993.0]
Is bad individual winner: 0
Is good individual winner: 1
Real fitness of best good: 993.0
Noisy fitness of best good: 993.0
Real fitness of best bad: 991.0
Noisy fitness of best bad: 991.0

l: 114
Real fitness of mutation winner: 894.0
Noisy fitness of mutation winner: 894.0
Crossover offspring real fitness: [993.0, 991.0, 992.0, 991.0, 990.0, 992.0, 989.0, 991.0, 989.0, 992.0, 991.0, 991.0, 992.0, 992.0, 989.0, 991.0, 992.0, 993.0, 991.0, 992.0, 992.0, 992.0, 991.0, 990.0, 992.0, 992.0, 991.0, 990.0, 991.0, 990.0, 992.0, 991.0, 991.0, 991.0, 989.0, 990.0, 992.0, 992.0, 992.0, 990.0, 992.0, 990.0, 992.0, 992.0, 992.0, 990.0, 992.0, 990.0, 990.0, 992.0, 991.0, 992.0, 991.0, 991.0, 991.0, 992.0, 993.0, 990.0, 993.0, 991.0, 990.0, 990.0, 992.0, 992.0, 992.0, 992.0, 992.0, 992.0, 990.0, 990.0, 992.0, 992.0, 993.0, 992.0, 991.0, 990.0, 989.0, 992.0, 991.0, 992.0, 990.0, 991.0, 992.0, 991.0, 992.0, 991.0, 990.0, 992.0, 992.0, 991.0, 992.0, 993.0, 991.0, 991.0, 991.0, 989.0, 990.0, 991.0, 989.0, 992.0, 991.0]
Crossover offspring noisy fitness: [993.0, 991.0, 992.0, 991.0, 990.0, 991.0, 989.0, 991.0, 989.0, 992.0, 991.0, 991.0, 992.0, 992.0, 989.0, 991.0, 992.0, 993.0, 991.0, 991.0, 992.0, 992.0, 991.0, 990.0, 992.0, 992.0, 991.0, 990.0, 991.0, 990.0, 992.0, 991.0, 990.0, 991.0, 989.0, 989.0, 991.0, 992.0, 992.0, 990.0, 992.0, 990.0, 992.0, 992.0, 992.0, 990.0, 992.0, 990.0, 990.0, 992.0, 991.0, 992.0, 991.0, 991.0, 991.0, 992.0, 993.0, 990.0, 993.0, 991.0, 990.0, 990.0, 992.0, 992.0, 992.0, 992.0, 992.0, 992.0, 990.0, 990.0, 992.0, 992.0, 993.0, 992.0, 991.0, 990.0, 989.0, 992.0, 991.0, 992.0, 990.0, 991.0, 992.0, 991.0, 992.0, 991.0, 990.0, 992.0, 992.0, 991.0, 992.0, 993.0, 991.0, 991.0, 991.0, 989.0, 990.0, 991.0, 988.0, 992.0, 991.0]
Is bad individual winner: 0
Is good individual winner: 1
Real fitness of best good: 993.0
Noisy fitness of best good: 993.0
Real fitness of best bad: 991.0
Noisy fitness of best bad: 991.0

l: 110
Real fitness of mutation winner: 898.0
Noisy fitness of mutation winner: 898.0
Crossover offspring real fitness: [991.0, 992.0, 992.0, 990.0, 992.0, 990.0, 991.0, 992.0, 990.0, 989.0, 990.0, 990.0, 992.0, 991.0, 991.0, 992.0, 991.0, 991.0, 991.0, 992.0, 992.0, 992.0, 992.0, 990.0, 991.0, 992.0, 992.0, 991.0, 992.0, 992.0, 991.0, 993.0, 991.0, 992.0, 992.0, 992.0, 992.0, 992.0, 991.0, 992.0, 992.0, 990.0, 988.0, 991.0, 991.0, 988.0, 991.0, 991.0, 991.0, 990.0, 989.0, 992.0, 989.0, 992.0, 991.0, 990.0, 992.0, 991.0, 990.0, 991.0, 992.0, 991.0, 990.0, 992.0, 991.0, 992.0, 992.0, 992.0, 991.0, 991.0, 990.0, 988.0, 992.0, 991.0, 991.0, 992.0, 990.0, 992.0, 991.0, 990.0, 991.0, 991.0, 990.0, 992.0, 990.0, 991.0, 989.0, 992.0, 990.0, 991.0, 990.0, 992.0, 992.0, 991.0, 992.0, 991.0, 992.0, 991.0, 991.0, 991.0, 990.0]
Crossover offspring noisy fitness: [991.0, 991.0, 992.0, 990.0, 992.0, 989.0, 991.0, 992.0, 990.0, 989.0, 990.0, 990.0, 992.0, 991.0, 991.0, 992.0, 991.0, 991.0, 991.0, 992.0, 992.0, 992.0, 992.0, 990.0, 991.0, 992.0, 992.0, 991.0, 992.0, 992.0, 991.0, 993.0, 991.0, 992.0, 992.0, 991.0, 992.0, 992.0, 991.0, 992.0, 992.0, 989.0, 987.0, 991.0, 991.0, 988.0, 991.0, 991.0, 991.0, 990.0, 989.0, 992.0, 988.0, 992.0, 991.0, 990.0, 992.0, 991.0, 990.0, 991.0, 992.0, 991.0, 990.0, 992.0, 991.0, 991.0, 992.0, 992.0, 991.0, 991.0, 990.0, 988.0, 992.0, 991.0, 991.0, 992.0, 990.0, 992.0, 991.0, 990.0, 991.0, 991.0, 990.0, 992.0, 990.0, 991.0, 989.0, 992.0, 990.0, 990.0, 990.0, 992.0, 992.0, 991.0, 992.0, 991.0, 992.0, 991.0, 991.0, 991.0, 990.0]
Is bad individual winner: 0
Is good individual winner: 1
Real fitness of best good: 993.0
Noisy fitness of best good: 993.0
Real fitness of best bad: 991.0
Noisy fitness of best bad: 991.0

l: 98
Real fitness of mutation winner: 910.0
Noisy fitness of mutation winner: 910.0
Crossover offspring real fitness: [992.0, 992.0, 991.0, 991.0, 991.0, 991.0, 989.0, 992.0, 989.0, 991.0, 992.0, 991.0, 992.0, 991.0, 991.0, 992.0, 992.0, 991.0, 991.0, 991.0, 992.0, 992.0, 992.0, 992.0, 992.0, 990.0, 992.0, 994.0, 991.0, 992.0, 992.0, 990.0, 991.0, 989.0, 990.0, 992.0, 990.0, 992.0, 990.0, 991.0, 989.0, 992.0, 992.0, 992.0, 992.0, 991.0, 990.0, 992.0, 990.0, 992.0, 990.0, 993.0, 992.0, 992.0, 990.0, 990.0, 990.0, 991.0, 992.0, 992.0, 991.0, 991.0, 991.0, 992.0, 990.0, 991.0, 991.0, 991.0, 992.0, 992.0, 992.0, 991.0, 992.0, 991.0, 992.0, 992.0, 992.0, 990.0, 991.0, 992.0, 992.0, 991.0, 990.0, 991.0, 990.0, 989.0, 991.0, 992.0, 992.0, 991.0, 992.0, 992.0, 991.0, 992.0, 990.0, 991.0, 992.0, 991.0, 991.0, 990.0, 992.0]
Crossover offspring noisy fitness: [992.0, 992.0, 991.0, 991.0, 991.0, 991.0, 989.0, 992.0, 989.0, 991.0, 992.0, 991.0, 992.0, 991.0, 991.0, 991.0, 992.0, 991.0, 992.0, 991.0, 992.0, 992.0, 992.0, 992.0, 992.0, 990.0, 992.0, 994.0, 991.0, 992.0, 992.0, 990.0, 991.0, 989.0, 990.0, 992.0, 990.0, 992.0, 990.0, 991.0, 989.0, 992.0, 992.0, 992.0, 992.0, 991.0, 990.0, 992.0, 990.0, 992.0, 990.0, 993.0, 992.0, 992.0, 990.0, 990.0, 990.0, 991.0, 992.0, 992.0, 991.0, 991.0, 991.0, 991.0, 990.0, 991.0, 990.0, 991.0, 991.0, 992.0, 992.0, 991.0, 991.0, 991.0, 992.0, 992.0, 992.0, 990.0, 991.0, 992.0, 992.0, 991.0, 989.0, 991.0, 990.0, 989.0, 991.0, 992.0, 992.0, 991.0, 992.0, 992.0, 991.0, 992.0, 990.0, 991.0, 992.0, 991.0, 991.0, 990.0, 992.0]
Is bad individual winner: 0
Is good individual winner: 1
Real fitness of best good: 994.0
Noisy fitness of best good: 994.0
Real fitness of best bad: 991.0
Noisy fitness of best bad: 992.0

l: 92
Real fitness of mutation winner: 914.0
Noisy fitness of mutation winner: 914.0
Crossover offspring real fitness: [992.0, 990.0, 991.0, 992.0, 991.0, 992.0, 991.0, 992.0, 990.0, 991.0, 990.0, 992.0, 991.0, 992.0, 989.0, 990.0, 992.0, 992.0, 991.0, 990.0, 991.0, 991.0, 991.0, 992.0, 993.0, 990.0, 992.0, 990.0, 992.0, 992.0, 989.0, 992.0, 991.0, 991.0, 991.0, 991.0, 992.0, 991.0, 992.0, 992.0, 992.0, 992.0, 992.0, 990.0, 992.0, 991.0, 991.0, 992.0, 991.0, 992.0, 992.0, 992.0, 992.0, 993.0, 992.0, 992.0, 993.0, 991.0, 992.0, 992.0, 990.0, 991.0, 990.0, 992.0, 992.0, 992.0, 991.0, 991.0, 992.0, 992.0, 991.0, 991.0, 991.0, 989.0, 992.0, 992.0, 991.0, 992.0, 992.0, 992.0, 992.0, 991.0, 988.0, 990.0, 989.0, 992.0, 992.0, 993.0, 990.0, 992.0, 991.0, 989.0, 992.0, 992.0, 992.0, 991.0, 991.0, 992.0, 992.0, 992.0, 989.0]
Crossover offspring noisy fitness: [992.0, 990.0, 991.0, 991.0, 991.0, 992.0, 991.0, 992.0, 990.0, 991.0, 990.0, 992.0, 991.0, 992.0, 989.0, 990.0, 992.0, 992.0, 991.0, 990.0, 991.0, 991.0, 991.0, 992.0, 992.0, 990.0, 992.0, 990.0, 992.0, 992.0, 989.0, 992.0, 991.0, 991.0, 991.0, 991.0, 992.0, 991.0, 991.0, 991.0, 992.0, 992.0, 992.0, 990.0, 992.0, 991.0, 991.0, 992.0, 991.0, 992.0, 992.0, 992.0, 992.0, 993.0, 992.0, 992.0, 993.0, 991.0, 992.0, 992.0, 990.0, 991.0, 990.0, 992.0, 992.0, 992.0, 991.0, 991.0, 992.0, 992.0, 991.0, 991.0, 991.0, 989.0, 992.0, 992.0, 991.0, 992.0, 992.0, 992.0, 992.0, 991.0, 988.0, 990.0, 989.0, 991.0, 992.0, 993.0, 990.0, 992.0, 991.0, 989.0, 992.0, 992.0, 992.0, 991.0, 991.0, 992.0, 992.0, 992.0, 989.0]
Is bad individual winner: 0
Is good individual winner: 1
Real fitness of best good: 993.0
Noisy fitness of best good: 993.0
Real fitness of best bad: 991.0
Noisy fitness of best bad: 991.0

l: 109
Real fitness of mutation winner: 899.0
Noisy fitness of mutation winner: 899.0
Crossover offspring real fitness: [991.0, 991.0, 989.0, 992.0, 991.0, 992.0, 989.0, 991.0, 989.0, 992.0, 991.0, 993.0, 992.0, 989.0, 992.0, 991.0, 991.0, 992.0, 991.0, 990.0, 991.0, 990.0, 991.0, 992.0, 991.0, 991.0, 991.0, 991.0, 990.0, 992.0, 992.0, 993.0, 992.0, 992.0, 991.0, 991.0, 991.0, 992.0, 989.0, 992.0, 991.0, 988.0, 992.0, 991.0, 992.0, 992.0, 992.0, 992.0, 990.0, 992.0, 990.0, 992.0, 991.0, 992.0, 992.0, 992.0, 992.0, 992.0, 992.0, 991.0, 990.0, 991.0, 992.0, 992.0, 992.0, 990.0, 990.0, 988.0, 992.0, 991.0, 990.0, 991.0, 992.0, 992.0, 990.0, 991.0, 991.0, 992.0, 991.0, 991.0, 992.0, 991.0, 991.0, 991.0, 991.0, 990.0, 991.0, 992.0, 991.0, 990.0, 991.0, 991.0, 992.0, 991.0, 991.0, 992.0, 990.0, 990.0, 991.0, 992.0, 991.0]
Crossover offspring noisy fitness: [991.0, 991.0, 989.0, 992.0, 991.0, 992.0, 989.0, 991.0, 989.0, 992.0, 991.0, 993.0, 992.0, 989.0, 992.0, 991.0, 991.0, 992.0, 991.0, 990.0, 991.0, 989.0, 991.0, 992.0, 991.0, 991.0, 991.0, 991.0, 990.0, 992.0, 992.0, 993.0, 992.0, 992.0, 991.0, 991.0, 991.0, 992.0, 989.0, 992.0, 991.0, 988.0, 992.0, 991.0, 992.0, 992.0, 992.0, 992.0, 990.0, 992.0, 989.0, 992.0, 991.0, 991.0, 992.0, 992.0, 992.0, 992.0, 992.0, 991.0, 990.0, 991.0, 992.0, 992.0, 992.0, 990.0, 990.0, 988.0, 992.0, 991.0, 990.0, 990.0, 992.0, 992.0, 989.0, 991.0, 991.0, 992.0, 991.0, 991.0, 992.0, 991.0, 990.0, 991.0, 991.0, 990.0, 991.0, 992.0, 991.0, 990.0, 991.0, 991.0, 992.0, 991.0, 991.0, 992.0, 990.0, 990.0, 991.0, 992.0, 991.0]
Is bad individual winner: 0
Is good individual winner: 1
Real fitness of best good: 993.0
Noisy fitness of best good: 993.0
Real fitness of best bad: 991.0
Noisy fitness of best bad: 991.0

l: 102
Real fitness of mutation winner: 904.0
Noisy fitness of mutation winner: 904.0
Crossover offspring real fitness: [992.0, 990.0, 990.0, 992.0, 992.0, 992.0, 992.0, 992.0, 990.0, 992.0, 992.0, 990.0, 992.0, 991.0, 991.0, 991.0, 991.0, 991.0, 991.0, 992.0, 991.0, 990.0, 992.0, 991.0, 992.0, 991.0, 991.0, 990.0, 988.0, 992.0, 992.0, 991.0, 991.0, 992.0, 990.0, 991.0, 990.0, 992.0, 991.0, 990.0, 992.0, 991.0, 992.0, 990.0, 988.0, 992.0, 992.0, 988.0, 991.0, 991.0, 991.0, 991.0, 990.0, 990.0, 990.0, 992.0, 992.0, 991.0, 991.0, 990.0, 992.0, 992.0, 990.0, 991.0, 992.0, 991.0, 992.0, 990.0, 992.0, 991.0, 992.0, 991.0, 992.0, 991.0, 992.0, 989.0, 992.0, 990.0, 991.0, 992.0, 991.0, 992.0, 992.0, 991.0, 992.0, 991.0, 992.0, 991.0, 990.0, 992.0, 992.0, 991.0, 991.0, 990.0, 989.0, 992.0, 990.0, 991.0, 992.0, 992.0, 991.0]
Crossover offspring noisy fitness: [992.0, 990.0, 990.0, 991.0, 992.0, 992.0, 992.0, 992.0, 990.0, 992.0, 992.0, 990.0, 992.0, 991.0, 990.0, 991.0, 991.0, 991.0, 991.0, 992.0, 991.0, 990.0, 992.0, 991.0, 992.0, 991.0, 991.0, 990.0, 988.0, 992.0, 992.0, 991.0, 991.0, 992.0, 990.0, 991.0, 989.0, 992.0, 991.0, 990.0, 992.0, 990.0, 991.0, 990.0, 988.0, 992.0, 992.0, 988.0, 991.0, 991.0, 991.0, 991.0, 990.0, 990.0, 990.0, 992.0, 992.0, 991.0, 991.0, 990.0, 992.0, 992.0, 990.0, 991.0, 992.0, 991.0, 992.0, 990.0, 992.0, 991.0, 992.0, 991.0, 992.0, 991.0, 992.0, 989.0, 992.0, 990.0, 991.0, 991.0, 990.0, 991.0, 992.0, 991.0, 992.0, 991.0, 992.0, 991.0, 990.0, 992.0, 992.0, 991.0, 991.0, 990.0, 989.0, 992.0, 990.0, 991.0, 992.0, 992.0, 991.0]
Is bad individual winner: 0
Is good individual winner: 0
Real fitness of best good: 992.0
Noisy fitness of best good: 992.0
Real fitness of best bad: 991.0
Noisy fitness of best bad: 991.0

l: 112
Real fitness of mutation winner: 898.0
Noisy fitness of mutation winner: 898.0
Crossover offspring real fitness: [993.0, 991.0, 990.0, 991.0, 992.0, 990.0, 991.0, 989.0, 993.0, 990.0, 992.0, 991.0, 991.0, 991.0, 992.0, 991.0, 992.0, 992.0, 990.0, 992.0, 992.0, 991.0, 991.0, 992.0, 991.0, 991.0, 991.0, 992.0, 990.0, 991.0, 990.0, 991.0, 990.0, 992.0, 993.0, 992.0, 992.0, 992.0, 991.0, 990.0, 992.0, 992.0, 992.0, 990.0, 991.0, 992.0, 992.0, 992.0, 991.0, 992.0, 993.0, 990.0, 991.0, 991.0, 990.0, 992.0, 991.0, 989.0, 991.0, 993.0, 992.0, 990.0, 991.0, 989.0, 990.0, 990.0, 991.0, 992.0, 991.0, 992.0, 991.0, 991.0, 992.0, 991.0, 990.0, 992.0, 991.0, 990.0, 991.0, 991.0, 992.0, 991.0, 992.0, 990.0, 991.0, 991.0, 991.0, 991.0, 990.0, 991.0, 990.0, 992.0, 990.0, 992.0, 991.0, 992.0, 991.0, 991.0, 992.0, 992.0, 990.0]
Crossover offspring noisy fitness: [993.0, 991.0, 990.0, 991.0, 992.0, 990.0, 991.0, 989.0, 993.0, 990.0, 991.0, 991.0, 991.0, 991.0, 991.0, 991.0, 992.0, 992.0, 990.0, 992.0, 992.0, 991.0, 991.0, 992.0, 991.0, 991.0, 991.0, 992.0, 990.0, 990.0, 990.0, 991.0, 990.0, 992.0, 993.0, 991.0, 992.0, 991.0, 991.0, 990.0, 992.0, 992.0, 992.0, 990.0, 991.0, 992.0, 991.0, 992.0, 991.0, 992.0, 993.0, 990.0, 991.0, 991.0, 990.0, 992.0, 991.0, 989.0, 990.0, 993.0, 991.0, 990.0, 991.0, 989.0, 990.0, 990.0, 991.0, 992.0, 991.0, 992.0, 991.0, 991.0, 992.0, 991.0, 990.0, 991.0, 991.0, 990.0, 991.0, 991.0, 992.0, 991.0, 992.0, 989.0, 991.0, 991.0, 991.0, 991.0, 990.0, 991.0, 990.0, 992.0, 990.0, 992.0, 991.0, 992.0, 991.0, 991.0, 992.0, 992.0, 990.0]
Is bad individual winner: 0
Is good individual winner: 1
Real fitness of best good: 993.0
Noisy fitness of best good: 993.0
Real fitness of best bad: 991.0
Noisy fitness of best bad: 991.0

l: 117
Real fitness of mutation winner: 891.0
Noisy fitness of mutation winner: 891.0
Crossover offspring real fitness: [992.0, 992.0, 991.0, 991.0, 991.0, 991.0, 990.0, 990.0, 990.0, 991.0, 990.0, 990.0, 990.0, 992.0, 992.0, 993.0, 990.0, 992.0, 992.0, 991.0, 992.0, 992.0, 992.0, 988.0, 990.0, 992.0, 992.0, 991.0, 992.0, 991.0, 989.0, 989.0, 991.0, 992.0, 992.0, 992.0, 991.0, 991.0, 990.0, 992.0, 991.0, 990.0, 993.0, 992.0, 992.0, 990.0, 992.0, 990.0, 989.0, 992.0, 990.0, 990.0, 992.0, 991.0, 991.0, 990.0, 990.0, 989.0, 992.0, 992.0, 991.0, 989.0, 991.0, 991.0, 992.0, 992.0, 992.0, 992.0, 991.0, 990.0, 991.0, 992.0, 991.0, 992.0, 990.0, 992.0, 990.0, 992.0, 989.0, 991.0, 990.0, 991.0, 990.0, 989.0, 991.0, 992.0, 993.0, 991.0, 991.0, 990.0, 990.0, 990.0, 991.0, 991.0, 992.0, 991.0, 992.0, 991.0, 991.0, 991.0, 990.0]
Crossover offspring noisy fitness: [992.0, 992.0, 991.0, 991.0, 991.0, 989.0, 990.0, 990.0, 990.0, 991.0, 990.0, 990.0, 990.0, 992.0, 992.0, 993.0, 990.0, 992.0, 992.0, 991.0, 992.0, 991.0, 992.0, 988.0, 990.0, 992.0, 992.0, 991.0, 992.0, 991.0, 989.0, 989.0, 991.0, 992.0, 992.0, 992.0, 991.0, 990.0, 990.0, 992.0, 991.0, 990.0, 992.0, 992.0, 992.0, 990.0, 993.0, 990.0, 989.0, 992.0, 990.0, 990.0, 992.0, 991.0, 991.0, 990.0, 990.0, 989.0, 992.0, 992.0, 991.0, 989.0, 991.0, 991.0, 992.0, 992.0, 992.0, 992.0, 991.0, 990.0, 991.0, 992.0, 991.0, 992.0, 990.0, 992.0, 990.0, 992.0, 989.0, 991.0, 990.0, 990.0, 990.0, 988.0, 991.0, 992.0, 993.0, 991.0, 991.0, 989.0, 990.0, 990.0, 991.0, 991.0, 992.0, 991.0, 992.0, 991.0, 991.0, 991.0, 990.0]
Is bad individual winner: 0
Is good individual winner: 1
Real fitness of best good: 993.0
Noisy fitness of best good: 993.0
Real fitness of best bad: 991.0
Noisy fitness of best bad: 991.0

l: 110
Real fitness of mutation winner: 896.0
Noisy fitness of mutation winner: 896.0
Crossover offspring real fitness: [992.0, 991.0, 990.0, 992.0, 991.0, 991.0, 992.0, 991.0, 992.0, 988.0, 992.0, 992.0, 992.0, 992.0, 992.0, 990.0, 991.0, 988.0, 992.0, 992.0, 991.0, 992.0, 992.0, 992.0, 992.0, 992.0, 989.0, 990.0, 991.0, 992.0, 991.0, 991.0, 992.0, 991.0, 992.0, 993.0, 992.0, 990.0, 991.0, 991.0, 992.0, 990.0, 989.0, 992.0, 992.0, 990.0, 992.0, 992.0, 992.0, 993.0, 991.0, 991.0, 991.0, 991.0, 990.0, 990.0, 991.0, 990.0, 993.0, 991.0, 991.0, 991.0, 991.0, 992.0, 991.0, 991.0, 991.0, 992.0, 993.0, 992.0, 991.0, 992.0, 991.0, 991.0, 990.0, 991.0, 990.0, 991.0, 989.0, 991.0, 990.0, 992.0, 992.0, 991.0, 992.0, 990.0, 989.0, 990.0, 992.0, 992.0, 992.0, 990.0, 992.0, 992.0, 992.0, 989.0, 990.0, 992.0, 990.0, 990.0, 992.0]
Crossover offspring noisy fitness: [992.0, 991.0, 990.0, 992.0, 991.0, 991.0, 992.0, 991.0, 992.0, 988.0, 992.0, 992.0, 991.0, 992.0, 992.0, 990.0, 991.0, 988.0, 992.0, 992.0, 991.0, 992.0, 992.0, 992.0, 992.0, 991.0, 988.0, 990.0, 991.0, 992.0, 991.0, 991.0, 992.0, 991.0, 992.0, 993.0, 992.0, 990.0, 991.0, 990.0, 992.0, 990.0, 989.0, 992.0, 992.0, 990.0, 992.0, 992.0, 992.0, 992.0, 991.0, 991.0, 991.0, 991.0, 990.0, 990.0, 991.0, 990.0, 993.0, 991.0, 991.0, 991.0, 991.0, 992.0, 991.0, 990.0, 991.0, 992.0, 993.0, 992.0, 991.0, 992.0, 991.0, 991.0, 990.0, 991.0, 990.0, 991.0, 989.0, 991.0, 990.0, 992.0, 992.0, 991.0, 992.0, 989.0, 989.0, 990.0, 992.0, 992.0, 992.0, 990.0, 991.0, 992.0, 992.0, 989.0, 990.0, 992.0, 990.0, 989.0, 992.0]
Is bad individual winner: 0
Is good individual winner: 1
Real fitness of best good: 993.0
Noisy fitness of best good: 993.0
Real fitness of best bad: 991.0
Noisy fitness of best bad: 991.0

l: 87
Real fitness of mutation winner: 919.0
Noisy fitness of mutation winner: 919.0
Crossover offspring real fitness: [991.0, 991.0, 992.0, 990.0, 991.0, 991.0, 992.0, 992.0, 991.0, 991.0, 992.0, 990.0, 991.0, 992.0, 992.0, 991.0, 992.0, 991.0, 991.0, 992.0, 991.0, 991.0, 992.0, 991.0, 990.0, 991.0, 991.0, 992.0, 990.0, 991.0, 992.0, 991.0, 990.0, 991.0, 991.0, 992.0, 990.0, 991.0, 991.0, 992.0, 990.0, 992.0, 990.0, 991.0, 992.0, 992.0, 992.0, 991.0, 992.0, 991.0, 991.0, 992.0, 991.0, 991.0, 991.0, 991.0, 990.0, 991.0, 992.0, 989.0, 991.0, 990.0, 991.0, 992.0, 990.0, 992.0, 991.0, 991.0, 992.0, 992.0, 992.0, 992.0, 992.0, 990.0, 992.0, 992.0, 992.0, 988.0, 991.0, 992.0, 991.0, 990.0, 993.0, 991.0, 993.0, 993.0, 991.0, 992.0, 991.0, 992.0, 991.0, 991.0, 991.0, 992.0, 991.0, 992.0, 992.0, 992.0, 991.0, 992.0, 992.0]
Crossover offspring noisy fitness: [991.0, 991.0, 992.0, 990.0, 990.0, 991.0, 992.0, 992.0, 991.0, 991.0, 992.0, 990.0, 991.0, 992.0, 992.0, 991.0, 992.0, 991.0, 991.0, 992.0, 991.0, 991.0, 992.0, 991.0, 990.0, 991.0, 991.0, 992.0, 990.0, 991.0, 992.0, 991.0, 990.0, 991.0, 991.0, 992.0, 990.0, 991.0, 991.0, 991.0, 990.0, 992.0, 990.0, 991.0, 992.0, 992.0, 992.0, 991.0, 992.0, 991.0, 991.0, 992.0, 990.0, 991.0, 991.0, 991.0, 990.0, 991.0, 992.0, 989.0, 991.0, 990.0, 991.0, 991.0, 990.0, 992.0, 991.0, 991.0, 992.0, 992.0, 992.0, 992.0, 992.0, 990.0, 992.0, 991.0, 992.0, 988.0, 991.0, 992.0, 991.0, 990.0, 993.0, 991.0, 992.0, 992.0, 991.0, 992.0, 991.0, 992.0, 991.0, 991.0, 991.0, 991.0, 991.0, 992.0, 992.0, 992.0, 991.0, 992.0, 992.0]
Is bad individual winner: 0
Is good individual winner: 1
Real fitness of best good: 993.0
Noisy fitness of best good: 993.0
Real fitness of best bad: 991.0
Noisy fitness of best bad: 991.0

l: 121
Real fitness of mutation winner: 887.0
Noisy fitness of mutation winner: 887.0
Crossover offspring real fitness: [991.0, 992.0, 990.0, 990.0, 991.0, 990.0, 992.0, 991.0, 992.0, 991.0, 992.0, 991.0, 992.0, 990.0, 992.0, 991.0, 992.0, 991.0, 990.0, 990.0, 989.0, 992.0, 990.0, 992.0, 992.0, 991.0, 991.0, 993.0, 992.0, 989.0, 992.0, 992.0, 992.0, 989.0, 992.0, 991.0, 993.0, 991.0, 991.0, 992.0, 989.0, 992.0, 988.0, 991.0, 989.0, 993.0, 991.0, 991.0, 991.0, 992.0, 991.0, 991.0, 992.0, 991.0, 988.0, 991.0, 991.0, 992.0, 992.0, 991.0, 992.0, 991.0, 992.0, 992.0, 991.0, 992.0, 988.0, 990.0, 991.0, 990.0, 992.0, 989.0, 992.0, 992.0, 991.0, 990.0, 994.0, 992.0, 991.0, 991.0, 991.0, 989.0, 991.0, 992.0, 989.0, 989.0, 992.0, 991.0, 993.0, 990.0, 992.0, 988.0, 991.0, 991.0, 991.0, 991.0, 992.0, 991.0, 991.0, 991.0, 992.0]
Crossover offspring noisy fitness: [991.0, 992.0, 990.0, 990.0, 991.0, 990.0, 992.0, 991.0, 992.0, 991.0, 992.0, 991.0, 992.0, 990.0, 992.0, 991.0, 992.0, 991.0, 990.0, 990.0, 989.0, 992.0, 990.0, 991.0, 992.0, 991.0, 991.0, 993.0, 990.0, 987.0, 992.0, 992.0, 992.0, 989.0, 992.0, 991.0, 993.0, 991.0, 991.0, 992.0, 989.0, 992.0, 988.0, 991.0, 989.0, 993.0, 991.0, 991.0, 991.0, 992.0, 991.0, 991.0, 992.0, 991.0, 988.0, 991.0, 991.0, 992.0, 992.0, 991.0, 992.0, 991.0, 991.0, 992.0, 991.0, 992.0, 988.0, 990.0, 991.0, 990.0, 992.0, 989.0, 992.0, 992.0, 991.0, 990.0, 994.0, 992.0, 991.0, 991.0, 991.0, 989.0, 991.0, 992.0, 988.0, 989.0, 992.0, 991.0, 993.0, 990.0, 992.0, 988.0, 991.0, 991.0, 991.0, 991.0, 992.0, 991.0, 991.0, 991.0, 992.0]
Is bad individual winner: 0
Is good individual winner: 1
Real fitness of best good: 994.0
Noisy fitness of best good: 994.0
Real fitness of best bad: 991.0
Noisy fitness of best bad: 991.0

l: 97
Real fitness of mutation winner: 907.0
Noisy fitness of mutation winner: 907.0
Crossover offspring real fitness: [992.0, 991.0, 991.0, 992.0, 992.0, 992.0, 992.0, 994.0, 992.0, 991.0, 992.0, 992.0, 992.0, 992.0, 992.0, 993.0, 991.0, 992.0, 992.0, 992.0, 990.0, 991.0, 991.0, 992.0, 992.0, 992.0, 990.0, 990.0, 992.0, 992.0, 992.0, 991.0, 990.0, 991.0, 991.0, 990.0, 991.0, 991.0, 991.0, 991.0, 991.0, 991.0, 991.0, 993.0, 992.0, 992.0, 992.0, 991.0, 992.0, 990.0, 991.0, 992.0, 991.0, 992.0, 990.0, 991.0, 991.0, 991.0, 991.0, 992.0, 992.0, 992.0, 990.0, 991.0, 990.0, 991.0, 990.0, 992.0, 992.0, 990.0, 991.0, 991.0, 992.0, 991.0, 991.0, 992.0, 992.0, 992.0, 992.0, 991.0, 992.0, 992.0, 992.0, 990.0, 989.0, 992.0, 991.0, 990.0, 991.0, 991.0, 992.0, 992.0, 992.0, 990.0, 992.0, 992.0, 990.0, 992.0, 991.0, 991.0, 991.0]
Crossover offspring noisy fitness: [992.0, 991.0, 991.0, 992.0, 992.0, 992.0, 992.0, 994.0, 992.0, 990.0, 992.0, 992.0, 992.0, 992.0, 992.0, 993.0, 990.0, 991.0, 992.0, 992.0, 990.0, 991.0, 991.0, 992.0, 992.0, 992.0, 990.0, 990.0, 992.0, 992.0, 992.0, 991.0, 990.0, 990.0, 991.0, 990.0, 991.0, 991.0, 991.0, 991.0, 991.0, 990.0, 991.0, 993.0, 992.0, 992.0, 992.0, 991.0, 992.0, 989.0, 991.0, 992.0, 991.0, 992.0, 990.0, 991.0, 991.0, 991.0, 991.0, 992.0, 992.0, 992.0, 990.0, 991.0, 990.0, 991.0, 990.0, 992.0, 992.0, 990.0, 991.0, 991.0, 992.0, 990.0, 991.0, 992.0, 992.0, 992.0, 992.0, 991.0, 992.0, 992.0, 992.0, 990.0, 989.0, 992.0, 991.0, 990.0, 991.0, 991.0, 992.0, 992.0, 992.0, 990.0, 992.0, 992.0, 990.0, 992.0, 991.0, 991.0, 991.0]
Is bad individual winner: 0
Is good individual winner: 1
Real fitness of best good: 994.0
Noisy fitness of best good: 994.0
Real fitness of best bad: 991.0
Noisy fitness of best bad: 991.0

