l: 69
Real fitness of mutation winner: 432.0
Noisy fitness of mutation winner: 432.0
Crossover offspring real fitness: [490.0, 488.0, 487.0, 485.0, 489.0, 489.0, 489.0, 489.0, 489.0, 488.0, 490.0, 488.0, 488.0, 488.0, 486.0, 488.0, 487.0, 489.0, 487.0, 488.0, 486.0, 488.0, 489.0, 488.0, 486.0, 489.0, 486.0, 489.0, 487.0, 489.0, 488.0, 485.0, 488.0, 489.0, 486.0, 488.0, 489.0, 488.0, 485.0, 488.0, 489.0, 488.0, 488.0, 486.0, 489.0, 488.0, 487.0, 489.0, 488.0, 488.0, 488.0, 487.0, 487.0, 488.0, 489.0, 487.0, 487.0, 488.0, 488.0, 489.0, 487.0, 487.0, 489.0]
Crossover offspring noisy fitness: [490.0, 488.0, 487.0, 484.0, 489.0, 489.0, 489.0, 489.0, 489.0, 488.0, 490.0, 488.0, 488.0, 488.0, 486.0, 487.0, 487.0, 489.0, 487.0, 488.0, 486.0, 488.0, 489.0, 488.0, 486.0, 489.0, 486.0, 489.0, 487.0, 489.0, 487.0, 485.0, 488.0, 489.0, 486.0, 488.0, 489.0, 488.0, 485.0, 488.0, 489.0, 488.0, 488.0, 486.0, 489.0, 487.0, 487.0, 489.0, 488.0, 488.0, 488.0, 487.0, 487.0, 488.0, 488.0, 487.0, 487.0, 488.0, 488.0, 489.0, 486.0, 487.0, 489.0]
Is bad individual winner: 0
Is good individual winner: 1
Real fitness of best good: 490.0
Noisy fitness of best good: 490.0
Real fitness of best bad: 488.0
Noisy fitness of best bad: 488.0

l: 71
Real fitness of mutation winner: 434.0
Noisy fitness of mutation winner: 434.0
Crossover offspring real fitness: [487.0, 486.0, 489.0, 488.0, 488.0, 488.0, 487.0, 488.0, 487.0, 488.0, 488.0, 488.0, 489.0, 490.0, 490.0, 488.0, 487.0, 489.0, 489.0, 489.0, 488.0, 486.0, 489.0, 488.0, 489.0, 487.0, 488.0, 489.0, 488.0, 489.0, 489.0, 488.0, 489.0, 488.0, 488.0, 488.0, 487.0, 488.0, 488.0, 487.0, 489.0, 488.0, 489.0, 490.0, 487.0, 488.0, 489.0, 488.0, 488.0, 488.0, 489.0, 490.0, 489.0, 490.0, 489.0, 487.0, 489.0, 489.0, 488.0, 489.0, 489.0, 489.0, 489.0]
Crossover offspring noisy fitness: [487.0, 486.0, 489.0, 488.0, 488.0, 488.0, 487.0, 488.0, 487.0, 488.0, 488.0, 488.0, 489.0, 489.0, 490.0, 488.0, 487.0, 489.0, 489.0, 489.0, 488.0, 486.0, 489.0, 488.0, 489.0, 487.0, 488.0, 489.0, 488.0, 489.0, 489.0, 488.0, 489.0, 488.0, 488.0, 488.0, 487.0, 488.0, 488.0, 487.0, 489.0, 488.0, 489.0, 490.0, 487.0, 488.0, 489.0, 488.0, 488.0, 488.0, 489.0, 490.0, 489.0, 490.0, 489.0, 487.0, 489.0, 489.0, 488.0, 489.0, 489.0, 489.0, 489.0]
Is bad individual winner: 0
Is good individual winner: 1
Real fitness of best good: 490.0
Noisy fitness of best good: 490.0
Real fitness of best bad: 488.0
Noisy fitness of best bad: 488.0

l: 64
Real fitness of mutation winner: 439.0
Noisy fitness of mutation winner: 439.0
Crossover offspring real fitness: [489.0, 488.0, 488.0, 489.0, 487.0, 487.0, 488.0, 487.0, 488.0, 487.0, 487.0, 489.0, 489.0, 489.0, 489.0, 489.0, 488.0, 490.0, 489.0, 488.0, 487.0, 489.0, 490.0, 487.0, 488.0, 489.0, 489.0, 487.0, 489.0, 487.0, 488.0, 489.0, 489.0, 489.0, 488.0, 489.0, 489.0, 488.0, 485.0, 489.0, 488.0, 489.0, 488.0, 488.0, 488.0, 488.0, 486.0, 487.0, 488.0, 487.0, 488.0, 489.0, 488.0, 490.0, 489.0, 487.0, 487.0, 488.0, 488.0, 489.0, 489.0, 489.0, 488.0]
Crossover offspring noisy fitness: [489.0, 488.0, 487.0, 489.0, 487.0, 487.0, 488.0, 487.0, 488.0, 487.0, 487.0, 489.0, 489.0, 489.0, 489.0, 489.0, 488.0, 490.0, 489.0, 488.0, 487.0, 488.0, 490.0, 487.0, 488.0, 489.0, 489.0, 487.0, 489.0, 486.0, 488.0, 489.0, 489.0, 489.0, 488.0, 489.0, 489.0, 488.0, 485.0, 489.0, 488.0, 488.0, 488.0, 488.0, 488.0, 488.0, 486.0, 487.0, 488.0, 487.0, 488.0, 489.0, 488.0, 490.0, 489.0, 487.0, 487.0, 488.0, 488.0, 489.0, 489.0, 489.0, 488.0]
Is bad individual winner: 0
Is good individual winner: 1
Real fitness of best good: 490.0
Noisy fitness of best good: 490.0
Real fitness of best bad: 488.0
Noisy fitness of best bad: 488.0

l: 66
Real fitness of mutation winner: 437.0
Noisy fitness of mutation winner: 437.0
Crossover offspring real fitness: [488.0, 489.0, 488.0, 487.0, 487.0, 488.0, 489.0, 489.0, 489.0, 488.0, 489.0, 489.0, 488.0, 486.0, 488.0, 488.0, 486.0, 489.0, 488.0, 489.0, 489.0, 486.0, 489.0, 488.0, 489.0, 490.0, 488.0, 488.0, 487.0, 488.0, 489.0, 489.0, 489.0, 486.0, 489.0, 488.0, 489.0, 488.0, 489.0, 489.0, 489.0, 487.0, 489.0, 489.0, 489.0, 488.0, 489.0, 487.0, 489.0, 489.0, 487.0, 489.0, 488.0, 488.0, 488.0, 489.0, 488.0, 489.0, 489.0, 489.0, 490.0, 489.0, 485.0]
Crossover offspring noisy fitness: [488.0, 489.0, 488.0, 487.0, 486.0, 488.0, 489.0, 489.0, 489.0, 488.0, 489.0, 489.0, 488.0, 486.0, 488.0, 488.0, 486.0, 488.0, 488.0, 489.0, 489.0, 486.0, 489.0, 488.0, 489.0, 490.0, 488.0, 488.0, 487.0, 487.0, 489.0, 489.0, 489.0, 486.0, 488.0, 488.0, 488.0, 488.0, 489.0, 489.0, 489.0, 487.0, 489.0, 488.0, 489.0, 487.0, 488.0, 487.0, 489.0, 489.0, 487.0, 489.0, 488.0, 488.0, 488.0, 489.0, 488.0, 489.0, 489.0, 489.0, 490.0, 489.0, 485.0]
Is bad individual winner: 0
Is good individual winner: 1
Real fitness of best good: 490.0
Noisy fitness of best good: 490.0
Real fitness of best bad: 488.0
Noisy fitness of best bad: 488.0

l: 65
Real fitness of mutation winner: 440.0
Noisy fitness of mutation winner: 439.0
Crossover offspring real fitness: [488.0, 489.0, 489.0, 489.0, 487.0, 489.0, 487.0, 489.0, 490.0, 489.0, 489.0, 487.0, 491.0, 488.0, 488.0, 486.0, 487.0, 488.0, 488.0, 488.0, 487.0, 485.0, 487.0, 487.0, 486.0, 489.0, 489.0, 490.0, 488.0, 487.0, 488.0, 489.0, 488.0, 487.0, 490.0, 489.0, 489.0, 489.0, 488.0, 490.0, 488.0, 488.0, 487.0, 487.0, 488.0, 489.0, 488.0, 488.0, 488.0, 487.0, 489.0, 489.0, 489.0, 489.0, 489.0, 489.0, 489.0, 489.0, 488.0, 487.0, 489.0, 489.0, 489.0]
Crossover offspring noisy fitness: [488.0, 489.0, 489.0, 489.0, 487.0, 489.0, 487.0, 489.0, 490.0, 489.0, 489.0, 487.0, 491.0, 488.0, 488.0, 486.0, 487.0, 488.0, 488.0, 488.0, 487.0, 485.0, 487.0, 487.0, 486.0, 489.0, 489.0, 490.0, 488.0, 487.0, 488.0, 489.0, 488.0, 487.0, 490.0, 489.0, 489.0, 489.0, 488.0, 490.0, 488.0, 488.0, 487.0, 487.0, 488.0, 488.0, 488.0, 488.0, 488.0, 487.0, 489.0, 489.0, 489.0, 489.0, 489.0, 489.0, 489.0, 489.0, 488.0, 487.0, 489.0, 489.0, 489.0]
Is bad individual winner: 0
Is good individual winner: 1
Real fitness of best good: 491.0
Noisy fitness of best good: 491.0
Real fitness of best bad: 488.0
Noisy fitness of best bad: 488.0

l: 54
Real fitness of mutation winner: 447.0
Noisy fitness of mutation winner: 447.0
Crossover offspring real fitness: [489.0, 487.0, 489.0, 489.0, 489.0, 489.0, 489.0, 489.0, 488.0, 488.0, 489.0, 487.0, 487.0, 488.0, 488.0, 489.0, 489.0, 489.0, 488.0, 489.0, 487.0, 488.0, 489.0, 488.0, 487.0, 487.0, 488.0, 487.0, 487.0, 488.0, 489.0, 486.0, 488.0, 488.0, 489.0, 487.0, 488.0, 488.0, 489.0, 489.0, 489.0, 489.0, 489.0, 488.0, 489.0, 489.0, 489.0, 489.0, 489.0, 487.0, 490.0, 487.0, 489.0, 490.0, 488.0, 489.0, 488.0, 488.0, 487.0, 489.0, 489.0, 489.0, 489.0]
Crossover offspring noisy fitness: [489.0, 487.0, 488.0, 489.0, 489.0, 489.0, 489.0, 489.0, 488.0, 488.0, 489.0, 487.0, 487.0, 488.0, 488.0, 489.0, 488.0, 489.0, 488.0, 489.0, 487.0, 488.0, 489.0, 488.0, 487.0, 487.0, 488.0, 487.0, 487.0, 488.0, 489.0, 486.0, 488.0, 488.0, 489.0, 487.0, 488.0, 488.0, 489.0, 489.0, 489.0, 489.0, 489.0, 488.0, 489.0, 489.0, 489.0, 489.0, 489.0, 487.0, 490.0, 487.0, 489.0, 490.0, 488.0, 489.0, 488.0, 488.0, 487.0, 489.0, 489.0, 489.0, 489.0]
Is bad individual winner: 0
Is good individual winner: 1
Real fitness of best good: 490.0
Noisy fitness of best good: 490.0
Real fitness of best bad: 488.0
Noisy fitness of best bad: 488.0

l: 66
Real fitness of mutation winner: 439.0
Noisy fitness of mutation winner: 439.0
Crossover offspring real fitness: [488.0, 486.0, 488.0, 489.0, 488.0, 489.0, 488.0, 490.0, 486.0, 488.0, 487.0, 489.0, 488.0, 489.0, 488.0, 487.0, 488.0, 488.0, 489.0, 490.0, 488.0, 489.0, 489.0, 490.0, 489.0, 488.0, 486.0, 489.0, 489.0, 489.0, 489.0, 489.0, 488.0, 489.0, 489.0, 487.0, 488.0, 487.0, 489.0, 489.0, 488.0, 490.0, 489.0, 490.0, 488.0, 489.0, 489.0, 489.0, 486.0, 489.0, 489.0, 489.0, 487.0, 489.0, 488.0, 489.0, 489.0, 488.0, 487.0, 488.0, 489.0, 490.0, 487.0]
Crossover offspring noisy fitness: [488.0, 486.0, 487.0, 489.0, 488.0, 489.0, 488.0, 490.0, 486.0, 488.0, 487.0, 489.0, 488.0, 489.0, 488.0, 487.0, 488.0, 488.0, 489.0, 490.0, 488.0, 489.0, 489.0, 489.0, 489.0, 488.0, 486.0, 489.0, 489.0, 489.0, 489.0, 489.0, 488.0, 489.0, 489.0, 487.0, 488.0, 487.0, 489.0, 489.0, 488.0, 490.0, 489.0, 490.0, 487.0, 488.0, 489.0, 489.0, 486.0, 489.0, 489.0, 489.0, 487.0, 489.0, 488.0, 489.0, 489.0, 488.0, 487.0, 488.0, 489.0, 489.0, 486.0]
Is bad individual winner: 0
Is good individual winner: 1
Real fitness of best good: 490.0
Noisy fitness of best good: 490.0
Real fitness of best bad: 488.0
Noisy fitness of best bad: 488.0

l: 50
Real fitness of mutation winner: 451.0
Noisy fitness of mutation winner: 451.0
Crossover offspring real fitness: [488.0, 489.0, 487.0, 487.0, 488.0, 489.0, 489.0, 488.0, 489.0, 487.0, 489.0, 489.0, 488.0, 488.0, 487.0, 490.0, 489.0, 489.0, 489.0, 489.0, 487.0, 489.0, 489.0, 489.0, 488.0, 488.0, 489.0, 488.0, 487.0, 489.0, 487.0, 487.0, 486.0, 489.0, 489.0, 489.0, 489.0, 486.0, 488.0, 488.0, 489.0, 489.0, 489.0, 487.0, 489.0, 489.0, 488.0, 488.0, 488.0, 488.0, 489.0, 489.0, 487.0, 488.0, 486.0, 488.0, 489.0, 489.0, 489.0, 490.0, 487.0, 488.0, 487.0]
Crossover offspring noisy fitness: [488.0, 489.0, 487.0, 487.0, 488.0, 489.0, 489.0, 488.0, 489.0, 487.0, 489.0, 489.0, 488.0, 488.0, 487.0, 490.0, 489.0, 489.0, 489.0, 489.0, 487.0, 489.0, 489.0, 489.0, 488.0, 488.0, 489.0, 488.0, 487.0, 489.0, 487.0, 487.0, 486.0, 489.0, 489.0, 489.0, 489.0, 485.0, 488.0, 488.0, 489.0, 489.0, 489.0, 487.0, 490.0, 489.0, 488.0, 488.0, 488.0, 488.0, 489.0, 489.0, 487.0, 488.0, 486.0, 488.0, 489.0, 489.0, 489.0, 490.0, 487.0, 488.0, 486.0]
Is bad individual winner: 0
Is good individual winner: 1
Real fitness of best good: 490.0
Noisy fitness of best good: 490.0
Real fitness of best bad: 488.0
Noisy fitness of best bad: 488.0

l: 64
Real fitness of mutation winner: 437.0
Noisy fitness of mutation winner: 437.0
Crossover offspring real fitness: [486.0, 488.0, 488.0, 487.0, 487.0, 488.0, 489.0, 488.0, 489.0, 489.0, 488.0, 488.0, 488.0, 488.0, 488.0, 488.0, 489.0, 489.0, 488.0, 490.0, 489.0, 488.0, 487.0, 488.0, 488.0, 490.0, 490.0, 489.0, 489.0, 486.0, 488.0, 488.0, 488.0, 487.0, 489.0, 485.0, 487.0, 488.0, 489.0, 489.0, 489.0, 489.0, 488.0, 488.0, 489.0, 489.0, 489.0, 489.0, 489.0, 487.0, 488.0, 486.0, 489.0, 489.0, 488.0, 487.0, 489.0, 489.0, 487.0, 488.0, 488.0, 489.0, 489.0]
Crossover offspring noisy fitness: [486.0, 488.0, 488.0, 487.0, 487.0, 488.0, 489.0, 488.0, 489.0, 489.0, 488.0, 488.0, 488.0, 488.0, 488.0, 488.0, 489.0, 489.0, 488.0, 490.0, 489.0, 489.0, 487.0, 488.0, 488.0, 490.0, 490.0, 489.0, 489.0, 486.0, 488.0, 488.0, 488.0, 487.0, 489.0, 485.0, 487.0, 488.0, 489.0, 489.0, 489.0, 489.0, 487.0, 488.0, 489.0, 489.0, 489.0, 489.0, 489.0, 487.0, 488.0, 486.0, 489.0, 489.0, 488.0, 487.0, 489.0, 489.0, 487.0, 488.0, 488.0, 489.0, 489.0]
Is bad individual winner: 0
Is good individual winner: 1
Real fitness of best good: 490.0
Noisy fitness of best good: 490.0
Real fitness of best bad: 488.0
Noisy fitness of best bad: 489.0

l: 70
Real fitness of mutation winner: 433.0
Noisy fitness of mutation winner: 433.0
Crossover offspring real fitness: [486.0, 489.0, 488.0, 488.0, 489.0, 488.0, 490.0, 489.0, 488.0, 489.0, 490.0, 488.0, 489.0, 487.0, 489.0, 489.0, 489.0, 487.0, 488.0, 488.0, 487.0, 487.0, 488.0, 489.0, 489.0, 489.0, 488.0, 489.0, 487.0, 489.0, 487.0, 489.0, 487.0, 488.0, 489.0, 488.0, 488.0, 489.0, 487.0, 487.0, 488.0, 489.0, 486.0, 488.0, 489.0, 488.0, 489.0, 488.0, 489.0, 487.0, 489.0, 490.0, 489.0, 488.0, 489.0, 485.0, 489.0, 488.0, 488.0, 489.0, 489.0, 488.0, 488.0]
Crossover offspring noisy fitness: [486.0, 489.0, 488.0, 488.0, 489.0, 488.0, 490.0, 489.0, 488.0, 489.0, 490.0, 488.0, 488.0, 487.0, 489.0, 489.0, 489.0, 487.0, 488.0, 488.0, 487.0, 487.0, 488.0, 489.0, 488.0, 489.0, 488.0, 489.0, 487.0, 489.0, 487.0, 489.0, 487.0, 488.0, 489.0, 488.0, 488.0, 489.0, 487.0, 487.0, 488.0, 489.0, 486.0, 488.0, 489.0, 487.0, 489.0, 488.0, 489.0, 487.0, 489.0, 490.0, 489.0, 488.0, 489.0, 485.0, 489.0, 488.0, 488.0, 489.0, 489.0, 488.0, 488.0]
Is bad individual winner: 0
Is good individual winner: 1
Real fitness of best good: 490.0
Noisy fitness of best good: 490.0
Real fitness of best bad: 488.0
Noisy fitness of best bad: 488.0

l: 69
Real fitness of mutation winner: 434.0
Noisy fitness of mutation winner: 434.0
Crossover offspring real fitness: [489.0, 489.0, 489.0, 486.0, 489.0, 490.0, 486.0, 489.0, 487.0, 487.0, 488.0, 489.0, 489.0, 489.0, 486.0, 489.0, 490.0, 488.0, 488.0, 487.0, 487.0, 489.0, 489.0, 488.0, 489.0, 487.0, 489.0, 487.0, 488.0, 489.0, 488.0, 486.0, 488.0, 488.0, 487.0, 490.0, 487.0, 487.0, 488.0, 489.0, 486.0, 488.0, 489.0, 487.0, 489.0, 487.0, 488.0, 489.0, 487.0, 489.0, 489.0, 489.0, 489.0, 488.0, 488.0, 489.0, 488.0, 486.0, 489.0, 489.0, 486.0, 489.0, 489.0]
Crossover offspring noisy fitness: [488.0, 489.0, 489.0, 486.0, 489.0, 490.0, 486.0, 489.0, 487.0, 487.0, 488.0, 489.0, 489.0, 489.0, 486.0, 489.0, 490.0, 488.0, 488.0, 487.0, 487.0, 489.0, 489.0, 488.0, 489.0, 487.0, 489.0, 487.0, 488.0, 489.0, 488.0, 486.0, 488.0, 488.0, 487.0, 490.0, 487.0, 487.0, 488.0, 489.0, 486.0, 488.0, 489.0, 487.0, 489.0, 487.0, 488.0, 489.0, 487.0, 489.0, 489.0, 489.0, 489.0, 488.0, 488.0, 489.0, 487.0, 486.0, 489.0, 489.0, 486.0, 489.0, 489.0]
Is bad individual winner: 0
Is good individual winner: 1
Real fitness of best good: 490.0
Noisy fitness of best good: 490.0
Real fitness of best bad: 488.0
Noisy fitness of best bad: 488.0

l: 58
Real fitness of mutation winner: 445.0
Noisy fitness of mutation winner: 445.0
Crossover offspring real fitness: [488.0, 487.0, 489.0, 490.0, 489.0, 488.0, 487.0, 488.0, 489.0, 488.0, 489.0, 489.0, 488.0, 488.0, 489.0, 488.0, 487.0, 487.0, 488.0, 488.0, 489.0, 489.0, 488.0, 488.0, 487.0, 487.0, 488.0, 489.0, 487.0, 489.0, 489.0, 489.0, 489.0, 488.0, 489.0, 489.0, 486.0, 488.0, 488.0, 489.0, 488.0, 488.0, 490.0, 490.0, 489.0, 489.0, 490.0, 488.0, 489.0, 489.0, 489.0, 489.0, 487.0, 489.0, 489.0, 488.0, 488.0, 490.0, 488.0, 486.0, 486.0, 488.0, 487.0]
Crossover offspring noisy fitness: [488.0, 487.0, 489.0, 490.0, 489.0, 488.0, 487.0, 488.0, 489.0, 488.0, 489.0, 489.0, 488.0, 488.0, 489.0, 488.0, 487.0, 487.0, 488.0, 488.0, 488.0, 489.0, 488.0, 488.0, 487.0, 487.0, 487.0, 489.0, 487.0, 489.0, 489.0, 489.0, 489.0, 488.0, 489.0, 489.0, 486.0, 488.0, 488.0, 489.0, 488.0, 488.0, 490.0, 490.0, 489.0, 489.0, 490.0, 488.0, 489.0, 489.0, 489.0, 489.0, 487.0, 489.0, 489.0, 488.0, 488.0, 490.0, 488.0, 486.0, 486.0, 488.0, 487.0]
Is bad individual winner: 0
Is good individual winner: 1
Real fitness of best good: 490.0
Noisy fitness of best good: 490.0
Real fitness of best bad: 488.0
Noisy fitness of best bad: 488.0

l: 69
Real fitness of mutation winner: 434.0
Noisy fitness of mutation winner: 434.0
Crossover offspring real fitness: [489.0, 488.0, 489.0, 489.0, 487.0, 489.0, 488.0, 488.0, 489.0, 488.0, 488.0, 489.0, 489.0, 487.0, 488.0, 487.0, 488.0, 486.0, 488.0, 489.0, 489.0, 488.0, 489.0, 490.0, 489.0, 490.0, 489.0, 486.0, 489.0, 488.0, 486.0, 489.0, 488.0, 487.0, 489.0, 488.0, 489.0, 489.0, 488.0, 486.0, 488.0, 489.0, 486.0, 489.0, 488.0, 488.0, 487.0, 489.0, 489.0, 487.0, 489.0, 488.0, 488.0, 489.0, 486.0, 488.0, 489.0, 488.0, 488.0, 489.0, 488.0, 487.0, 488.0]
Crossover offspring noisy fitness: [489.0, 489.0, 489.0, 489.0, 487.0, 488.0, 488.0, 488.0, 489.0, 488.0, 488.0, 489.0, 489.0, 487.0, 488.0, 487.0, 488.0, 486.0, 488.0, 489.0, 489.0, 488.0, 489.0, 490.0, 489.0, 490.0, 489.0, 486.0, 489.0, 488.0, 486.0, 489.0, 488.0, 487.0, 489.0, 488.0, 489.0, 489.0, 488.0, 486.0, 488.0, 489.0, 486.0, 489.0, 488.0, 488.0, 487.0, 489.0, 489.0, 487.0, 489.0, 488.0, 488.0, 489.0, 486.0, 488.0, 489.0, 488.0, 488.0, 489.0, 488.0, 487.0, 488.0]
Is bad individual winner: 0
Is good individual winner: 1
Real fitness of best good: 490.0
Noisy fitness of best good: 490.0
Real fitness of best bad: 488.0
Noisy fitness of best bad: 489.0

l: 65
Real fitness of mutation winner: 438.0
Noisy fitness of mutation winner: 438.0
Crossover offspring real fitness: [484.0, 489.0, 488.0, 489.0, 487.0, 486.0, 489.0, 489.0, 488.0, 488.0, 488.0, 487.0, 489.0, 487.0, 488.0, 487.0, 488.0, 486.0, 489.0, 488.0, 489.0, 488.0, 487.0, 487.0, 488.0, 489.0, 489.0, 487.0, 489.0, 488.0, 486.0, 489.0, 489.0, 489.0, 488.0, 489.0, 487.0, 489.0, 489.0, 488.0, 487.0, 488.0, 490.0, 489.0, 489.0, 489.0, 489.0, 488.0, 487.0, 488.0, 489.0, 487.0, 488.0, 489.0, 489.0, 488.0, 488.0, 488.0, 489.0, 488.0, 489.0, 489.0, 487.0]
Crossover offspring noisy fitness: [484.0, 489.0, 488.0, 489.0, 487.0, 486.0, 488.0, 489.0, 488.0, 488.0, 488.0, 487.0, 489.0, 487.0, 488.0, 487.0, 488.0, 486.0, 488.0, 488.0, 489.0, 487.0, 487.0, 486.0, 488.0, 489.0, 489.0, 487.0, 489.0, 488.0, 486.0, 489.0, 489.0, 489.0, 488.0, 489.0, 487.0, 489.0, 489.0, 488.0, 487.0, 488.0, 490.0, 489.0, 489.0, 489.0, 489.0, 488.0, 487.0, 488.0, 489.0, 487.0, 488.0, 488.0, 489.0, 487.0, 488.0, 488.0, 488.0, 488.0, 489.0, 488.0, 487.0]
Is bad individual winner: 0
Is good individual winner: 1
Real fitness of best good: 490.0
Noisy fitness of best good: 490.0
Real fitness of best bad: 488.0
Noisy fitness of best bad: 488.0

l: 69
Real fitness of mutation winner: 434.0
Noisy fitness of mutation winner: 434.0
Crossover offspring real fitness: [486.0, 489.0, 487.0, 489.0, 489.0, 490.0, 487.0, 489.0, 486.0, 488.0, 489.0, 489.0, 487.0, 488.0, 489.0, 488.0, 489.0, 488.0, 489.0, 490.0, 488.0, 489.0, 488.0, 486.0, 487.0, 486.0, 488.0, 489.0, 490.0, 489.0, 489.0, 489.0, 487.0, 487.0, 489.0, 488.0, 489.0, 489.0, 489.0, 489.0, 489.0, 489.0, 489.0, 489.0, 487.0, 489.0, 486.0, 488.0, 486.0, 489.0, 487.0, 489.0, 488.0, 490.0, 488.0, 488.0, 488.0, 488.0, 487.0, 488.0, 486.0, 489.0, 486.0]
Crossover offspring noisy fitness: [486.0, 489.0, 487.0, 489.0, 489.0, 490.0, 487.0, 489.0, 485.0, 487.0, 489.0, 489.0, 487.0, 487.0, 489.0, 488.0, 489.0, 488.0, 489.0, 490.0, 488.0, 489.0, 488.0, 486.0, 486.0, 486.0, 487.0, 488.0, 490.0, 489.0, 489.0, 489.0, 487.0, 487.0, 489.0, 488.0, 489.0, 489.0, 489.0, 489.0, 489.0, 489.0, 489.0, 489.0, 487.0, 489.0, 486.0, 488.0, 486.0, 489.0, 487.0, 489.0, 488.0, 490.0, 488.0, 488.0, 488.0, 488.0, 487.0, 488.0, 485.0, 489.0, 486.0]
Is bad individual winner: 0
Is good individual winner: 1
Real fitness of best good: 490.0
Noisy fitness of best good: 490.0
Real fitness of best bad: 488.0
Noisy fitness of best bad: 488.0

l: 63
Real fitness of mutation winner: 440.0
Noisy fitness of mutation winner: 440.0
Crossover offspring real fitness: [488.0, 489.0, 488.0, 488.0, 489.0, 488.0, 488.0, 489.0, 487.0, 489.0, 489.0, 487.0, 488.0, 489.0, 489.0, 487.0, 488.0, 489.0, 488.0, 488.0, 488.0, 490.0, 487.0, 488.0, 488.0, 488.0, 487.0, 488.0, 487.0, 489.0, 488.0, 488.0, 488.0, 489.0, 488.0, 488.0, 488.0, 489.0, 488.0, 489.0, 489.0, 489.0, 489.0, 489.0, 488.0, 489.0, 487.0, 489.0, 488.0, 488.0, 489.0, 489.0, 489.0, 487.0, 488.0, 487.0, 488.0, 486.0, 490.0, 487.0, 487.0, 489.0, 488.0]
Crossover offspring noisy fitness: [488.0, 489.0, 488.0, 488.0, 489.0, 488.0, 488.0, 489.0, 487.0, 489.0, 489.0, 487.0, 488.0, 489.0, 489.0, 487.0, 488.0, 489.0, 487.0, 488.0, 488.0, 490.0, 487.0, 488.0, 487.0, 488.0, 487.0, 488.0, 487.0, 489.0, 488.0, 488.0, 488.0, 489.0, 488.0, 488.0, 488.0, 489.0, 488.0, 489.0, 489.0, 489.0, 489.0, 489.0, 488.0, 489.0, 487.0, 488.0, 488.0, 488.0, 488.0, 489.0, 489.0, 487.0, 488.0, 487.0, 488.0, 486.0, 490.0, 487.0, 487.0, 489.0, 488.0]
Is bad individual winner: 0
Is good individual winner: 1
Real fitness of best good: 490.0
Noisy fitness of best good: 490.0
Real fitness of best bad: 488.0
Noisy fitness of best bad: 488.0

l: 76
Real fitness of mutation winner: 429.0
Noisy fitness of mutation winner: 429.0
Crossover offspring real fitness: [487.0, 488.0, 489.0, 489.0, 489.0, 488.0, 487.0, 489.0, 486.0, 486.0, 488.0, 489.0, 489.0, 487.0, 486.0, 487.0, 487.0, 489.0, 489.0, 486.0, 487.0, 488.0, 488.0, 488.0, 488.0, 488.0, 490.0, 488.0, 488.0, 487.0, 489.0, 490.0, 488.0, 489.0, 488.0, 487.0, 489.0, 488.0, 489.0, 488.0, 486.0, 487.0, 489.0, 488.0, 488.0, 489.0, 486.0, 486.0, 488.0, 488.0, 486.0, 487.0, 489.0, 489.0, 487.0, 488.0, 491.0, 488.0, 486.0, 487.0, 488.0, 488.0, 488.0]
Crossover offspring noisy fitness: [487.0, 488.0, 489.0, 489.0, 489.0, 488.0, 487.0, 488.0, 486.0, 485.0, 488.0, 489.0, 489.0, 486.0, 485.0, 487.0, 487.0, 489.0, 489.0, 486.0, 487.0, 488.0, 488.0, 488.0, 488.0, 488.0, 490.0, 488.0, 488.0, 487.0, 489.0, 490.0, 488.0, 489.0, 488.0, 486.0, 488.0, 488.0, 489.0, 488.0, 486.0, 487.0, 489.0, 488.0, 488.0, 489.0, 486.0, 486.0, 488.0, 488.0, 486.0, 487.0, 489.0, 489.0, 487.0, 488.0, 490.0, 488.0, 486.0, 487.0, 488.0, 488.0, 488.0]
Is bad individual winner: 0
Is good individual winner: 1
Real fitness of best good: 491.0
Noisy fitness of best good: 490.0
Real fitness of best bad: 488.0
Noisy fitness of best bad: 488.0

l: 59
Real fitness of mutation winner: 446.0
Noisy fitness of mutation winner: 446.0
Crossover offspring real fitness: [488.0, 489.0, 487.0, 487.0, 487.0, 488.0, 489.0, 488.0, 490.0, 489.0, 488.0, 489.0, 488.0, 489.0, 489.0, 488.0, 489.0, 489.0, 489.0, 489.0, 488.0, 489.0, 489.0, 488.0, 489.0, 488.0, 488.0, 488.0, 490.0, 488.0, 488.0, 490.0, 489.0, 489.0, 488.0, 488.0, 487.0, 489.0, 489.0, 489.0, 489.0, 489.0, 489.0, 488.0, 489.0, 489.0, 487.0, 489.0, 488.0, 488.0, 489.0, 488.0, 489.0, 487.0, 489.0, 489.0, 488.0, 489.0, 489.0, 487.0, 489.0, 488.0, 489.0]
Crossover offspring noisy fitness: [488.0, 489.0, 487.0, 487.0, 487.0, 488.0, 489.0, 488.0, 490.0, 489.0, 488.0, 489.0, 488.0, 489.0, 489.0, 488.0, 489.0, 489.0, 489.0, 488.0, 488.0, 489.0, 489.0, 488.0, 489.0, 488.0, 487.0, 488.0, 490.0, 488.0, 488.0, 490.0, 489.0, 489.0, 488.0, 488.0, 487.0, 489.0, 489.0, 488.0, 489.0, 489.0, 489.0, 488.0, 488.0, 489.0, 487.0, 489.0, 488.0, 488.0, 489.0, 488.0, 489.0, 487.0, 489.0, 489.0, 488.0, 489.0, 489.0, 487.0, 489.0, 488.0, 489.0]
Is bad individual winner: 0
Is good individual winner: 1
Real fitness of best good: 490.0
Noisy fitness of best good: 490.0
Real fitness of best bad: 488.0
Noisy fitness of best bad: 488.0

l: 47
Real fitness of mutation winner: 452.0
Noisy fitness of mutation winner: 452.0
Crossover offspring real fitness: [489.0, 489.0, 487.0, 489.0, 488.0, 488.0, 489.0, 489.0, 488.0, 489.0, 489.0, 489.0, 489.0, 489.0, 488.0, 487.0, 488.0, 489.0, 488.0, 489.0, 488.0, 488.0, 488.0, 486.0, 489.0, 489.0, 487.0, 487.0, 489.0, 489.0, 489.0, 488.0, 489.0, 488.0, 488.0, 488.0, 489.0, 489.0, 489.0, 489.0, 489.0, 488.0, 487.0, 487.0, 488.0, 489.0, 489.0, 489.0, 487.0, 488.0, 485.0, 487.0, 489.0, 488.0, 489.0, 489.0, 488.0, 487.0, 489.0, 489.0, 488.0, 489.0, 489.0]
Crossover offspring noisy fitness: [489.0, 487.0, 487.0, 489.0, 488.0, 488.0, 489.0, 489.0, 488.0, 489.0, 489.0, 489.0, 489.0, 489.0, 488.0, 487.0, 488.0, 489.0, 488.0, 489.0, 488.0, 488.0, 488.0, 486.0, 489.0, 489.0, 487.0, 487.0, 489.0, 489.0, 488.0, 488.0, 489.0, 487.0, 488.0, 488.0, 489.0, 489.0, 489.0, 489.0, 488.0, 488.0, 487.0, 487.0, 488.0, 489.0, 489.0, 488.0, 487.0, 488.0, 485.0, 487.0, 489.0, 488.0, 489.0, 489.0, 488.0, 487.0, 489.0, 489.0, 488.0, 489.0, 489.0]
Is bad individual winner: 0
Is good individual winner: 0
Real fitness of best good: 489.0
Noisy fitness of best good: 489.0
Real fitness of best bad: 488.0
Noisy fitness of best bad: 488.0

l: 65
Real fitness of mutation winner: 438.0
Noisy fitness of mutation winner: 438.0
Crossover offspring real fitness: [490.0, 489.0, 490.0, 488.0, 489.0, 489.0, 487.0, 489.0, 488.0, 489.0, 490.0, 489.0, 489.0, 488.0, 487.0, 489.0, 488.0, 489.0, 487.0, 489.0, 489.0, 489.0, 489.0, 488.0, 488.0, 489.0, 488.0, 489.0, 489.0, 488.0, 486.0, 488.0, 488.0, 488.0, 488.0, 487.0, 488.0, 487.0, 489.0, 489.0, 487.0, 488.0, 489.0, 487.0, 488.0, 487.0, 489.0, 488.0, 489.0, 487.0, 489.0, 489.0, 488.0, 490.0, 489.0, 487.0, 489.0, 487.0, 489.0, 488.0, 489.0, 487.0, 489.0]
Crossover offspring noisy fitness: [490.0, 489.0, 490.0, 488.0, 489.0, 489.0, 487.0, 489.0, 488.0, 488.0, 490.0, 489.0, 489.0, 487.0, 487.0, 489.0, 488.0, 489.0, 487.0, 488.0, 489.0, 489.0, 489.0, 488.0, 488.0, 488.0, 488.0, 488.0, 489.0, 488.0, 486.0, 487.0, 488.0, 488.0, 488.0, 487.0, 488.0, 487.0, 489.0, 489.0, 487.0, 488.0, 489.0, 487.0, 488.0, 487.0, 489.0, 487.0, 489.0, 487.0, 489.0, 489.0, 488.0, 490.0, 489.0, 487.0, 489.0, 487.0, 489.0, 488.0, 489.0, 487.0, 489.0]
Is bad individual winner: 0
Is good individual winner: 1
Real fitness of best good: 490.0
Noisy fitness of best good: 490.0
Real fitness of best bad: 488.0
Noisy fitness of best bad: 488.0

l: 63
Real fitness of mutation winner: 438.0
Noisy fitness of mutation winner: 438.0
Crossover offspring real fitness: [489.0, 489.0, 488.0, 487.0, 488.0, 490.0, 489.0, 488.0, 486.0, 487.0, 487.0, 488.0, 489.0, 489.0, 488.0, 488.0, 487.0, 487.0, 489.0, 490.0, 490.0, 488.0, 486.0, 489.0, 488.0, 486.0, 488.0, 488.0, 489.0, 488.0, 488.0, 487.0, 487.0, 487.0, 488.0, 488.0, 488.0, 487.0, 490.0, 489.0, 488.0, 489.0, 487.0, 487.0, 490.0, 488.0, 488.0, 488.0, 489.0, 489.0, 489.0, 488.0, 489.0, 487.0, 489.0, 488.0, 487.0, 487.0, 485.0, 490.0, 489.0, 488.0, 487.0]
Crossover offspring noisy fitness: [489.0, 489.0, 488.0, 486.0, 488.0, 490.0, 489.0, 488.0, 486.0, 487.0, 487.0, 488.0, 489.0, 489.0, 488.0, 487.0, 487.0, 487.0, 489.0, 490.0, 490.0, 488.0, 486.0, 489.0, 488.0, 486.0, 488.0, 488.0, 489.0, 488.0, 488.0, 487.0, 487.0, 487.0, 488.0, 488.0, 488.0, 486.0, 490.0, 489.0, 488.0, 489.0, 487.0, 487.0, 490.0, 488.0, 488.0, 488.0, 489.0, 489.0, 489.0, 488.0, 488.0, 487.0, 489.0, 488.0, 487.0, 487.0, 485.0, 490.0, 489.0, 488.0, 487.0]
Is bad individual winner: 0
Is good individual winner: 1
Real fitness of best good: 490.0
Noisy fitness of best good: 490.0
Real fitness of best bad: 488.0
Noisy fitness of best bad: 488.0

l: 56
Real fitness of mutation winner: 447.0
Noisy fitness of mutation winner: 447.0
Crossover offspring real fitness: [489.0, 487.0, 487.0, 488.0, 487.0, 488.0, 488.0, 488.0, 488.0, 487.0, 488.0, 489.0, 489.0, 489.0, 489.0, 486.0, 489.0, 489.0, 488.0, 489.0, 489.0, 488.0, 489.0, 489.0, 488.0, 487.0, 488.0, 490.0, 487.0, 489.0, 488.0, 487.0, 487.0, 489.0, 489.0, 488.0, 489.0, 489.0, 488.0, 489.0, 488.0, 489.0, 489.0, 489.0, 487.0, 489.0, 489.0, 488.0, 489.0, 489.0, 488.0, 489.0, 488.0, 488.0, 488.0, 489.0, 488.0, 488.0, 489.0, 488.0, 489.0, 490.0, 486.0]
Crossover offspring noisy fitness: [489.0, 487.0, 487.0, 488.0, 487.0, 488.0, 488.0, 488.0, 488.0, 487.0, 488.0, 489.0, 488.0, 489.0, 489.0, 486.0, 489.0, 489.0, 488.0, 489.0, 489.0, 488.0, 489.0, 489.0, 488.0, 487.0, 488.0, 490.0, 486.0, 489.0, 488.0, 487.0, 487.0, 488.0, 489.0, 488.0, 489.0, 489.0, 488.0, 489.0, 487.0, 489.0, 489.0, 489.0, 487.0, 489.0, 489.0, 488.0, 489.0, 489.0, 487.0, 489.0, 488.0, 488.0, 488.0, 489.0, 488.0, 488.0, 489.0, 488.0, 489.0, 490.0, 486.0]
Is bad individual winner: 0
Is good individual winner: 1
Real fitness of best good: 490.0
Noisy fitness of best good: 490.0
Real fitness of best bad: 488.0
Noisy fitness of best bad: 488.0

l: 61
Real fitness of mutation winner: 442.0
Noisy fitness of mutation winner: 442.0
Crossover offspring real fitness: [489.0, 488.0, 488.0, 487.0, 490.0, 488.0, 489.0, 486.0, 489.0, 489.0, 487.0, 488.0, 488.0, 489.0, 489.0, 488.0, 488.0, 488.0, 489.0, 488.0, 488.0, 489.0, 488.0, 488.0, 488.0, 488.0, 489.0, 489.0, 489.0, 489.0, 490.0, 488.0, 487.0, 489.0, 488.0, 487.0, 487.0, 490.0, 489.0, 489.0, 487.0, 488.0, 488.0, 489.0, 489.0, 488.0, 489.0, 487.0, 487.0, 485.0, 488.0, 489.0, 489.0, 488.0, 488.0, 486.0, 489.0, 491.0, 488.0, 489.0, 488.0, 489.0, 489.0]
Crossover offspring noisy fitness: [489.0, 488.0, 488.0, 487.0, 490.0, 488.0, 489.0, 486.0, 489.0, 489.0, 487.0, 488.0, 488.0, 489.0, 488.0, 488.0, 488.0, 488.0, 489.0, 488.0, 488.0, 489.0, 488.0, 488.0, 488.0, 488.0, 489.0, 489.0, 489.0, 489.0, 490.0, 488.0, 487.0, 489.0, 488.0, 487.0, 487.0, 490.0, 489.0, 489.0, 487.0, 488.0, 488.0, 489.0, 489.0, 488.0, 489.0, 487.0, 487.0, 485.0, 488.0, 489.0, 489.0, 488.0, 488.0, 486.0, 489.0, 491.0, 488.0, 488.0, 488.0, 489.0, 489.0]
Is bad individual winner: 0
Is good individual winner: 1
Real fitness of best good: 491.0
Noisy fitness of best good: 491.0
Real fitness of best bad: 488.0
Noisy fitness of best bad: 488.0

l: 70
Real fitness of mutation winner: 439.0
Noisy fitness of mutation winner: 439.0
Crossover offspring real fitness: [487.0, 489.0, 488.0, 488.0, 490.0, 489.0, 489.0, 487.0, 488.0, 486.0, 489.0, 489.0, 485.0, 486.0, 489.0, 489.0, 489.0, 489.0, 489.0, 489.0, 489.0, 488.0, 489.0, 490.0, 489.0, 489.0, 488.0, 488.0, 489.0, 489.0, 487.0, 488.0, 489.0, 488.0, 488.0, 489.0, 489.0, 490.0, 487.0, 487.0, 488.0, 488.0, 487.0, 488.0, 488.0, 488.0, 485.0, 489.0, 488.0, 488.0, 489.0, 488.0, 488.0, 490.0, 490.0, 488.0, 489.0, 488.0, 489.0, 489.0, 489.0, 488.0, 488.0]
Crossover offspring noisy fitness: [486.0, 489.0, 488.0, 488.0, 490.0, 489.0, 489.0, 486.0, 488.0, 486.0, 489.0, 488.0, 485.0, 486.0, 489.0, 488.0, 489.0, 489.0, 489.0, 489.0, 489.0, 488.0, 489.0, 490.0, 489.0, 489.0, 488.0, 488.0, 489.0, 489.0, 487.0, 488.0, 489.0, 488.0, 488.0, 489.0, 489.0, 490.0, 487.0, 487.0, 488.0, 488.0, 487.0, 488.0, 488.0, 488.0, 485.0, 489.0, 488.0, 488.0, 489.0, 488.0, 488.0, 490.0, 490.0, 488.0, 489.0, 488.0, 489.0, 489.0, 489.0, 488.0, 488.0]
Is bad individual winner: 0
Is good individual winner: 1
Real fitness of best good: 490.0
Noisy fitness of best good: 490.0
Real fitness of best bad: 488.0
Noisy fitness of best bad: 488.0

l: 68
Real fitness of mutation winner: 437.0
Noisy fitness of mutation winner: 437.0
Crossover offspring real fitness: [487.0, 488.0, 489.0, 488.0, 488.0, 488.0, 489.0, 489.0, 489.0, 488.0, 490.0, 488.0, 490.0, 484.0, 489.0, 487.0, 488.0, 488.0, 488.0, 488.0, 487.0, 488.0, 489.0, 487.0, 489.0, 488.0, 487.0, 488.0, 488.0, 488.0, 489.0, 489.0, 489.0, 489.0, 489.0, 488.0, 488.0, 486.0, 490.0, 488.0, 488.0, 488.0, 488.0, 489.0, 488.0, 486.0, 488.0, 489.0, 489.0, 489.0, 489.0, 489.0, 487.0, 488.0, 489.0, 489.0, 488.0, 487.0, 487.0, 487.0, 488.0, 489.0, 487.0]
Crossover offspring noisy fitness: [487.0, 488.0, 489.0, 488.0, 488.0, 488.0, 489.0, 489.0, 489.0, 488.0, 490.0, 488.0, 490.0, 484.0, 489.0, 486.0, 488.0, 488.0, 488.0, 488.0, 487.0, 488.0, 489.0, 487.0, 489.0, 488.0, 487.0, 488.0, 488.0, 488.0, 489.0, 489.0, 489.0, 489.0, 489.0, 488.0, 487.0, 486.0, 490.0, 488.0, 488.0, 488.0, 488.0, 489.0, 488.0, 486.0, 487.0, 489.0, 489.0, 489.0, 489.0, 489.0, 487.0, 488.0, 489.0, 489.0, 488.0, 487.0, 487.0, 487.0, 488.0, 489.0, 487.0]
Is bad individual winner: 0
Is good individual winner: 1
Real fitness of best good: 490.0
Noisy fitness of best good: 490.0
Real fitness of best bad: 488.0
Noisy fitness of best bad: 488.0

l: 61
Real fitness of mutation winner: 440.0
Noisy fitness of mutation winner: 440.0
Crossover offspring real fitness: [488.0, 488.0, 490.0, 488.0, 488.0, 488.0, 489.0, 487.0, 488.0, 488.0, 488.0, 490.0, 488.0, 489.0, 487.0, 489.0, 488.0, 487.0, 487.0, 489.0, 489.0, 488.0, 489.0, 486.0, 488.0, 489.0, 488.0, 489.0, 489.0, 489.0, 486.0, 487.0, 488.0, 488.0, 488.0, 488.0, 488.0, 489.0, 487.0, 488.0, 490.0, 488.0, 489.0, 489.0, 489.0, 488.0, 489.0, 489.0, 487.0, 487.0, 489.0, 489.0, 489.0, 488.0, 488.0, 486.0, 486.0, 488.0, 489.0, 489.0, 489.0, 488.0, 487.0]
Crossover offspring noisy fitness: [488.0, 488.0, 490.0, 488.0, 488.0, 488.0, 489.0, 487.0, 488.0, 488.0, 488.0, 490.0, 488.0, 489.0, 487.0, 489.0, 488.0, 487.0, 487.0, 489.0, 489.0, 488.0, 489.0, 486.0, 488.0, 489.0, 488.0, 489.0, 489.0, 489.0, 486.0, 487.0, 488.0, 488.0, 488.0, 488.0, 487.0, 489.0, 487.0, 488.0, 490.0, 488.0, 489.0, 489.0, 489.0, 487.0, 489.0, 489.0, 487.0, 487.0, 489.0, 489.0, 489.0, 488.0, 488.0, 486.0, 486.0, 488.0, 489.0, 489.0, 489.0, 488.0, 487.0]
Is bad individual winner: 0
Is good individual winner: 1
Real fitness of best good: 490.0
Noisy fitness of best good: 490.0
Real fitness of best bad: 488.0
Noisy fitness of best bad: 488.0

l: 53
Real fitness of mutation winner: 446.0
Noisy fitness of mutation winner: 446.0
Crossover offspring real fitness: [488.0, 489.0, 488.0, 488.0, 489.0, 488.0, 489.0, 489.0, 489.0, 485.0, 488.0, 488.0, 486.0, 488.0, 486.0, 488.0, 490.0, 489.0, 489.0, 489.0, 489.0, 489.0, 489.0, 488.0, 487.0, 489.0, 490.0, 487.0, 488.0, 489.0, 488.0, 489.0, 487.0, 488.0, 489.0, 489.0, 488.0, 489.0, 488.0, 489.0, 488.0, 487.0, 489.0, 488.0, 489.0, 487.0, 488.0, 489.0, 489.0, 490.0, 488.0, 489.0, 486.0, 488.0, 487.0, 489.0, 487.0, 489.0, 489.0, 489.0, 488.0, 489.0, 488.0]
Crossover offspring noisy fitness: [488.0, 489.0, 488.0, 488.0, 489.0, 488.0, 489.0, 489.0, 489.0, 485.0, 488.0, 488.0, 486.0, 488.0, 486.0, 488.0, 490.0, 489.0, 489.0, 489.0, 489.0, 489.0, 489.0, 488.0, 487.0, 489.0, 490.0, 487.0, 488.0, 489.0, 488.0, 489.0, 487.0, 488.0, 488.0, 489.0, 488.0, 488.0, 488.0, 489.0, 487.0, 487.0, 489.0, 488.0, 489.0, 487.0, 488.0, 489.0, 489.0, 490.0, 488.0, 489.0, 486.0, 488.0, 486.0, 489.0, 487.0, 489.0, 489.0, 489.0, 488.0, 489.0, 488.0]
Is bad individual winner: 0
Is good individual winner: 1
Real fitness of best good: 490.0
Noisy fitness of best good: 490.0
Real fitness of best bad: 488.0
Noisy fitness of best bad: 488.0

l: 60
Real fitness of mutation winner: 441.0
Noisy fitness of mutation winner: 441.0
Crossover offspring real fitness: [489.0, 488.0, 489.0, 488.0, 487.0, 487.0, 489.0, 487.0, 490.0, 488.0, 487.0, 490.0, 488.0, 489.0, 489.0, 487.0, 488.0, 488.0, 488.0, 489.0, 488.0, 488.0, 489.0, 489.0, 488.0, 489.0, 488.0, 488.0, 489.0, 487.0, 489.0, 487.0, 486.0, 489.0, 489.0, 488.0, 489.0, 488.0, 489.0, 488.0, 489.0, 488.0, 490.0, 487.0, 489.0, 488.0, 489.0, 488.0, 488.0, 489.0, 487.0, 488.0, 489.0, 489.0, 490.0, 486.0, 489.0, 488.0, 488.0, 487.0, 489.0, 487.0, 488.0]
Crossover offspring noisy fitness: [489.0, 488.0, 489.0, 488.0, 487.0, 487.0, 489.0, 487.0, 490.0, 488.0, 487.0, 490.0, 488.0, 489.0, 489.0, 486.0, 488.0, 488.0, 488.0, 489.0, 488.0, 488.0, 489.0, 489.0, 488.0, 489.0, 487.0, 488.0, 489.0, 487.0, 489.0, 486.0, 486.0, 489.0, 489.0, 488.0, 489.0, 488.0, 489.0, 487.0, 489.0, 488.0, 490.0, 487.0, 489.0, 488.0, 489.0, 488.0, 488.0, 489.0, 487.0, 488.0, 489.0, 489.0, 490.0, 486.0, 489.0, 488.0, 488.0, 487.0, 489.0, 487.0, 488.0]
Is bad individual winner: 0
Is good individual winner: 1
Real fitness of best good: 490.0
Noisy fitness of best good: 490.0
Real fitness of best bad: 488.0
Noisy fitness of best bad: 488.0

l: 68
Real fitness of mutation winner: 439.0
Noisy fitness of mutation winner: 439.0
Crossover offspring real fitness: [489.0, 489.0, 488.0, 490.0, 489.0, 489.0, 489.0, 488.0, 488.0, 489.0, 489.0, 488.0, 489.0, 489.0, 489.0, 487.0, 488.0, 489.0, 489.0, 489.0, 486.0, 489.0, 488.0, 488.0, 490.0, 489.0, 488.0, 489.0, 487.0, 489.0, 487.0, 489.0, 487.0, 488.0, 489.0, 488.0, 488.0, 490.0, 485.0, 488.0, 488.0, 488.0, 488.0, 489.0, 490.0, 490.0, 488.0, 489.0, 487.0, 487.0, 489.0, 488.0, 489.0, 489.0, 489.0, 489.0, 489.0, 489.0, 487.0, 489.0, 488.0, 489.0, 489.0]
Crossover offspring noisy fitness: [489.0, 489.0, 488.0, 490.0, 489.0, 489.0, 489.0, 488.0, 487.0, 489.0, 489.0, 487.0, 488.0, 488.0, 489.0, 487.0, 488.0, 489.0, 489.0, 489.0, 486.0, 489.0, 488.0, 488.0, 490.0, 489.0, 488.0, 489.0, 487.0, 489.0, 487.0, 489.0, 486.0, 488.0, 489.0, 488.0, 488.0, 490.0, 485.0, 488.0, 488.0, 488.0, 488.0, 489.0, 490.0, 490.0, 488.0, 489.0, 487.0, 487.0, 489.0, 488.0, 488.0, 489.0, 489.0, 489.0, 489.0, 489.0, 487.0, 489.0, 488.0, 489.0, 488.0]
Is bad individual winner: 0
Is good individual winner: 1
Real fitness of best good: 490.0
Noisy fitness of best good: 490.0
Real fitness of best bad: 488.0
Noisy fitness of best bad: 488.0

l: 54
Real fitness of mutation winner: 451.0
Noisy fitness of mutation winner: 451.0
Crossover offspring real fitness: [489.0, 491.0, 489.0, 490.0, 489.0, 487.0, 489.0, 489.0, 487.0, 489.0, 487.0, 488.0, 489.0, 489.0, 489.0, 489.0, 489.0, 487.0, 488.0, 489.0, 489.0, 488.0, 488.0, 488.0, 490.0, 489.0, 488.0, 490.0, 487.0, 490.0, 488.0, 489.0, 489.0, 489.0, 489.0, 488.0, 488.0, 488.0, 489.0, 487.0, 487.0, 488.0, 487.0, 488.0, 489.0, 488.0, 489.0, 488.0, 488.0, 490.0, 488.0, 489.0, 489.0, 489.0, 489.0, 489.0, 489.0, 488.0, 488.0, 489.0, 489.0, 488.0, 488.0]
Crossover offspring noisy fitness: [489.0, 491.0, 489.0, 490.0, 489.0, 487.0, 489.0, 489.0, 487.0, 489.0, 487.0, 488.0, 489.0, 489.0, 489.0, 489.0, 489.0, 487.0, 488.0, 488.0, 489.0, 488.0, 488.0, 488.0, 490.0, 488.0, 486.0, 490.0, 487.0, 490.0, 487.0, 488.0, 489.0, 489.0, 489.0, 488.0, 488.0, 488.0, 489.0, 486.0, 487.0, 488.0, 487.0, 488.0, 489.0, 488.0, 489.0, 488.0, 488.0, 489.0, 488.0, 489.0, 489.0, 489.0, 488.0, 489.0, 489.0, 488.0, 488.0, 489.0, 489.0, 488.0, 488.0]
Is bad individual winner: 0
Is good individual winner: 1
Real fitness of best good: 491.0
Noisy fitness of best good: 491.0
Real fitness of best bad: 488.0
Noisy fitness of best bad: 488.0

l: 72
Real fitness of mutation winner: 431.0
Noisy fitness of mutation winner: 431.0
Crossover offspring real fitness: [489.0, 487.0, 488.0, 488.0, 489.0, 488.0, 489.0, 489.0, 487.0, 488.0, 489.0, 487.0, 489.0, 489.0, 488.0, 490.0, 490.0, 488.0, 489.0, 489.0, 488.0, 489.0, 489.0, 488.0, 487.0, 489.0, 489.0, 487.0, 487.0, 487.0, 487.0, 488.0, 487.0, 489.0, 487.0, 489.0, 489.0, 487.0, 489.0, 488.0, 489.0, 488.0, 488.0, 492.0, 487.0, 489.0, 487.0, 486.0, 489.0, 489.0, 487.0, 489.0, 489.0, 488.0, 489.0, 489.0, 490.0, 489.0, 489.0, 488.0, 489.0, 489.0, 488.0]
Crossover offspring noisy fitness: [489.0, 487.0, 488.0, 488.0, 489.0, 488.0, 489.0, 489.0, 487.0, 488.0, 489.0, 487.0, 489.0, 489.0, 488.0, 490.0, 490.0, 488.0, 489.0, 489.0, 487.0, 489.0, 489.0, 488.0, 487.0, 489.0, 489.0, 487.0, 487.0, 487.0, 487.0, 488.0, 487.0, 489.0, 487.0, 489.0, 489.0, 487.0, 489.0, 488.0, 489.0, 488.0, 488.0, 492.0, 487.0, 489.0, 487.0, 485.0, 489.0, 488.0, 487.0, 489.0, 489.0, 488.0, 489.0, 489.0, 490.0, 489.0, 488.0, 488.0, 489.0, 489.0, 488.0]
Is bad individual winner: 0
Is good individual winner: 1
Real fitness of best good: 492.0
Noisy fitness of best good: 492.0
Real fitness of best bad: 488.0
Noisy fitness of best bad: 488.0

l: 78
Real fitness of mutation winner: 427.0
Noisy fitness of mutation winner: 427.0
Crossover offspring real fitness: [489.0, 487.0, 487.0, 488.0, 487.0, 488.0, 489.0, 489.0, 489.0, 489.0, 489.0, 486.0, 489.0, 489.0, 489.0, 488.0, 489.0, 485.0, 488.0, 488.0, 489.0, 487.0, 490.0, 488.0, 487.0, 489.0, 489.0, 488.0, 489.0, 487.0, 488.0, 488.0, 487.0, 489.0, 489.0, 488.0, 489.0, 489.0, 488.0, 488.0, 487.0, 488.0, 488.0, 489.0, 490.0, 489.0, 489.0, 489.0, 488.0, 487.0, 487.0, 489.0, 488.0, 488.0, 488.0, 489.0, 487.0, 486.0, 486.0, 488.0, 487.0, 487.0, 489.0]
Crossover offspring noisy fitness: [489.0, 487.0, 487.0, 488.0, 487.0, 488.0, 489.0, 489.0, 489.0, 489.0, 488.0, 486.0, 489.0, 489.0, 489.0, 488.0, 489.0, 485.0, 488.0, 488.0, 489.0, 487.0, 490.0, 488.0, 487.0, 489.0, 489.0, 488.0, 489.0, 487.0, 488.0, 488.0, 487.0, 489.0, 489.0, 488.0, 489.0, 489.0, 488.0, 488.0, 487.0, 488.0, 488.0, 489.0, 490.0, 489.0, 489.0, 489.0, 488.0, 487.0, 487.0, 489.0, 488.0, 488.0, 488.0, 489.0, 487.0, 486.0, 486.0, 488.0, 487.0, 486.0, 489.0]
Is bad individual winner: 0
Is good individual winner: 1
Real fitness of best good: 490.0
Noisy fitness of best good: 490.0
Real fitness of best bad: 488.0
Noisy fitness of best bad: 488.0

