l: 94
Fitness of mutation winner: 532.0
Crossover offspring real fitness: [511.0, 513.0, 513.0, 512.0, 512.0, 514.0, 512.0, 511.0, 513.0, 512.0, 512.0, 512.0, 512.0, 512.0, 512.0, 514.0, 512.0, 510.0, 512.0, 512.0, 512.0, 512.0, 513.0, 511.0, 513.0, 512.0, 512.0, 513.0, 513.0, 514.0, 512.0, 513.0, 512.0, 512.0, 513.0, 513.0, 512.0, 512.0, 510.0, 513.0, 514.0, 512.0, 512.0, 512.0, 512.0, 512.0, 510.0, 514.0, 513.0, 514.0, 512.0, 511.0, 512.0, 511.0, 513.0, 512.0, 512.0, 512.0, 512.0, 511.0, 513.0, 512.0, 513.0, 514.0, 512.0, 513.0, 512.0, 512.0, 512.0, 512.0, 513.0, 510.0, 512.0, 512.0, 512.0, 513.0, 512.0, 512.0, 512.0, 513.0, 511.0, 512.0, 512.0, 514.0, 513.0, 512.0, 513.0, 511.0, 511.0, 511.0, 511.0, 512.0, 512.0, 513.0, 512.0, 512.0, 512.0, 512.0, 512.0, 512.0, 512.0]
Crossover offspring noisy fitness: [511.0, 513.0, 513.0, 512.0, 512.0, 515.0, 512.0, 511.0, 513.0, 512.0, 512.0, 512.0, 512.0, 512.0, 512.0, 514.0, 513.0, 510.0, 512.0, 512.0, 512.0, 512.0, 513.0, 511.0, 513.0, 512.0, 512.0, 513.0, 513.0, 514.0, 512.0, 513.0, 512.0, 512.0, 513.0, 513.0, 512.0, 513.0, 510.0, 513.0, 514.0, 511.0, 512.0, 512.0, 512.0, 512.0, 510.0, 514.0, 513.0, 514.0, 512.0, 511.0, 512.0, 511.0, 513.0, 512.0, 512.0, 512.0, 512.0, 511.0, 513.0, 512.0, 513.0, 514.0, 512.0, 513.0, 512.0, 512.0, 512.0, 512.0, 513.0, 510.0, 512.0, 512.0, 512.0, 513.0, 512.0, 512.0, 512.0, 513.0, 511.0, 512.0, 512.0, 514.0, 513.0, 511.0, 514.0, 511.0, 511.0, 511.0, 511.0, 512.0, 512.0, 513.0, 512.0, 512.0, 512.0, 512.0, 512.0, 512.0, 512.0]

l: 96
Fitness of mutation winner: 542.0
Crossover offspring real fitness: [517.0, 513.0, 513.0, 512.0, 512.0, 512.0, 511.0, 511.0, 512.0, 514.0, 513.0, 514.0, 513.0, 512.0, 513.0, 516.0, 512.0, 514.0, 512.0, 512.0, 512.0, 513.0, 512.0, 513.0, 513.0, 512.0, 513.0, 514.0, 511.0, 511.0, 512.0, 512.0, 513.0, 511.0, 514.0, 513.0, 512.0, 512.0, 512.0, 512.0, 514.0, 514.0, 512.0, 512.0, 512.0, 511.0, 513.0, 512.0, 511.0, 512.0, 513.0, 514.0, 513.0, 512.0, 512.0, 512.0, 511.0, 512.0, 512.0, 512.0, 512.0, 512.0, 513.0, 511.0, 515.0, 512.0, 513.0, 514.0, 512.0, 511.0, 514.0, 511.0, 512.0, 513.0, 512.0, 512.0, 513.0, 513.0, 512.0, 514.0, 513.0, 513.0, 511.0, 513.0, 511.0, 512.0, 512.0, 513.0, 513.0, 511.0, 513.0, 512.0, 512.0, 513.0, 512.0, 511.0, 513.0, 513.0, 511.0, 513.0, 511.0]
Crossover offspring noisy fitness: [517.0, 513.0, 513.0, 512.0, 512.0, 512.0, 511.0, 511.0, 512.0, 514.0, 513.0, 514.0, 513.0, 512.0, 513.0, 516.0, 512.0, 514.0, 512.0, 512.0, 512.0, 513.0, 512.0, 513.0, 513.0, 512.0, 513.0, 514.0, 511.0, 511.0, 512.0, 512.0, 513.0, 511.0, 514.0, 513.0, 512.0, 510.0, 512.0, 512.0, 514.0, 514.0, 512.0, 512.0, 512.0, 511.0, 513.0, 512.0, 511.0, 512.0, 513.0, 514.0, 513.0, 512.0, 512.0, 512.0, 512.0, 513.0, 512.0, 512.0, 512.0, 512.0, 513.0, 511.0, 515.0, 512.0, 513.0, 514.0, 512.0, 511.0, 514.0, 511.0, 512.0, 513.0, 512.0, 512.0, 512.0, 513.0, 512.0, 514.0, 513.0, 513.0, 511.0, 513.0, 511.0, 512.0, 512.0, 513.0, 513.0, 511.0, 513.0, 512.0, 512.0, 513.0, 512.0, 511.0, 513.0, 514.0, 511.0, 513.0, 511.0]

l: 88
Fitness of mutation winner: 534.0
Crossover offspring real fitness: [513.0, 513.0, 513.0, 512.0, 512.0, 511.0, 514.0, 513.0, 512.0, 512.0, 512.0, 513.0, 512.0, 512.0, 512.0, 513.0, 513.0, 512.0, 512.0, 512.0, 510.0, 512.0, 512.0, 513.0, 512.0, 512.0, 512.0, 513.0, 512.0, 512.0, 513.0, 515.0, 513.0, 512.0, 512.0, 512.0, 513.0, 512.0, 512.0, 512.0, 510.0, 512.0, 512.0, 513.0, 512.0, 511.0, 514.0, 513.0, 512.0, 513.0, 512.0, 512.0, 512.0, 513.0, 513.0, 512.0, 513.0, 511.0, 514.0, 513.0, 512.0, 512.0, 512.0, 511.0, 512.0, 512.0, 512.0, 512.0, 513.0, 511.0, 512.0, 511.0, 512.0, 512.0, 511.0, 512.0, 510.0, 511.0, 512.0, 513.0, 512.0, 512.0, 514.0, 511.0, 510.0, 512.0, 512.0, 512.0, 514.0, 513.0, 511.0, 512.0, 512.0, 511.0, 512.0, 512.0, 513.0, 510.0, 513.0, 512.0, 512.0]
Crossover offspring noisy fitness: [513.0, 513.0, 513.0, 512.0, 512.0, 511.0, 514.0, 513.0, 512.0, 512.0, 512.0, 513.0, 512.0, 512.0, 512.0, 513.0, 513.0, 512.0, 512.0, 512.0, 510.0, 512.0, 512.0, 513.0, 512.0, 512.0, 512.0, 513.0, 512.0, 512.0, 513.0, 515.0, 513.0, 512.0, 512.0, 512.0, 513.0, 512.0, 512.0, 512.0, 510.0, 512.0, 512.0, 513.0, 512.0, 511.0, 515.0, 513.0, 512.0, 513.0, 512.0, 512.0, 512.0, 513.0, 513.0, 512.0, 514.0, 511.0, 514.0, 513.0, 512.0, 512.0, 512.0, 511.0, 512.0, 512.0, 512.0, 512.0, 513.0, 511.0, 511.0, 511.0, 512.0, 512.0, 512.0, 512.0, 510.0, 511.0, 512.0, 513.0, 512.0, 512.0, 514.0, 511.0, 510.0, 512.0, 512.0, 512.0, 514.0, 513.0, 511.0, 513.0, 512.0, 511.0, 512.0, 512.0, 513.0, 510.0, 513.0, 512.0, 513.0]

l: 117
Fitness of mutation winner: 533.0
Crossover offspring real fitness: [510.0, 514.0, 512.0, 512.0, 512.0, 511.0, 512.0, 512.0, 512.0, 514.0, 512.0, 512.0, 512.0, 511.0, 512.0, 513.0, 512.0, 512.0, 511.0, 514.0, 512.0, 514.0, 513.0, 508.0, 513.0, 512.0, 511.0, 511.0, 510.0, 512.0, 511.0, 512.0, 512.0, 512.0, 511.0, 512.0, 512.0, 511.0, 512.0, 513.0, 512.0, 512.0, 514.0, 510.0, 512.0, 513.0, 512.0, 510.0, 512.0, 512.0, 512.0, 511.0, 512.0, 512.0, 513.0, 511.0, 511.0, 514.0, 512.0, 513.0, 512.0, 514.0, 511.0, 512.0, 512.0, 514.0, 512.0, 513.0, 513.0, 512.0, 513.0, 511.0, 511.0, 512.0, 512.0, 513.0, 514.0, 513.0, 513.0, 512.0, 511.0, 513.0, 512.0, 514.0, 509.0, 513.0, 514.0, 512.0, 511.0, 512.0, 510.0, 512.0, 511.0, 512.0, 512.0, 511.0, 512.0, 513.0, 511.0, 511.0, 513.0]
Crossover offspring noisy fitness: [510.0, 514.0, 512.0, 512.0, 512.0, 511.0, 512.0, 512.0, 512.0, 514.0, 512.0, 512.0, 512.0, 511.0, 512.0, 513.0, 512.0, 512.0, 511.0, 514.0, 512.0, 514.0, 513.0, 508.0, 513.0, 512.0, 511.0, 511.0, 510.0, 512.0, 511.0, 512.0, 512.0, 512.0, 511.0, 512.0, 512.0, 511.0, 512.0, 513.0, 512.0, 512.0, 514.0, 510.0, 512.0, 513.0, 512.0, 509.0, 512.0, 512.0, 512.0, 511.0, 512.0, 512.0, 513.0, 511.0, 511.0, 514.0, 512.0, 513.0, 512.0, 514.0, 510.0, 512.0, 513.0, 514.0, 512.0, 513.0, 513.0, 512.0, 513.0, 511.0, 511.0, 512.0, 512.0, 513.0, 515.0, 513.0, 513.0, 512.0, 511.0, 513.0, 512.0, 514.0, 509.0, 513.0, 513.0, 513.0, 511.0, 512.0, 510.0, 512.0, 511.0, 512.0, 512.0, 512.0, 511.0, 513.0, 511.0, 511.0, 514.0]

