l: 33
Fitness of mutation winner: 521.0
Crossover offspring real fitness: [513.0, 512.0, 513.0, 511.0, 512.0, 515.0, 513.0, 512.0, 510.0, 512.0, 512.0, 512.0, 515.0, 513.0, 514.0, 512.0, 513.0, 512.0, 512.0, 513.0, 513.0, 513.0, 513.0, 512.0, 513.0, 512.0, 512.0, 513.0, 512.0, 511.0, 513.0, 512.0]
Crossover offspring noisy fitness: [513.0, 512.0, 513.0, 511.0, 512.0, 515.0, 513.0, 512.0, 510.0, 512.0, 512.0, 512.0, 515.0, 513.0, 514.0, 512.0, 512.0, 512.0, 512.0, 513.0, 513.0, 513.0, 513.0, 512.0, 513.0, 512.0, 512.0, 513.0, 512.0, 511.0, 513.0, 512.0]

l: 34
Fitness of mutation winner: 522.0
Crossover offspring real fitness: [512.0, 511.0, 512.0, 512.0, 514.0, 513.0, 512.0, 511.0, 512.0, 512.0, 511.0, 512.0, 514.0, 513.0, 515.0, 513.0, 513.0, 512.0, 512.0, 515.0, 512.0, 512.0, 510.0, 512.0, 512.0, 513.0, 513.0, 513.0, 513.0, 512.0, 512.0, 511.0]
Crossover offspring noisy fitness: [513.0, 511.0, 512.0, 512.0, 514.0, 513.0, 512.0, 511.0, 512.0, 512.0, 511.0, 512.0, 514.0, 513.0, 515.0, 513.0, 513.0, 512.0, 512.0, 515.0, 512.0, 512.0, 510.0, 512.0, 512.0, 513.0, 513.0, 513.0, 513.0, 512.0, 512.0, 511.0]

l: 30
Fitness of mutation winner: 526.0
Crossover offspring real fitness: [513.0, 513.0, 514.0, 513.0, 511.0, 511.0, 512.0, 512.0, 512.0, 512.0, 513.0, 513.0, 512.0, 513.0, 512.0, 512.0, 512.0, 512.0, 513.0, 514.0, 512.0, 513.0, 512.0, 511.0, 512.0, 512.0, 512.0, 512.0, 512.0, 513.0, 512.0, 513.0]
Crossover offspring noisy fitness: [513.0, 513.0, 514.0, 513.0, 511.0, 511.0, 512.0, 512.0, 512.0, 512.0, 513.0, 513.0, 512.0, 513.0, 512.0, 512.0, 512.0, 512.0, 514.0, 514.0, 512.0, 513.0, 512.0, 511.0, 512.0, 512.0, 512.0, 512.0, 512.0, 513.0, 513.0, 513.0]

l: 39
Fitness of mutation winner: 525.0
Crossover offspring real fitness: [512.0, 512.0, 513.0, 511.0, 513.0, 513.0, 513.0, 512.0, 512.0, 512.0, 512.0, 513.0, 510.0, 512.0, 511.0, 512.0, 513.0, 513.0, 513.0, 512.0, 513.0, 513.0, 514.0, 513.0, 512.0, 511.0, 512.0, 511.0, 512.0, 512.0, 512.0, 513.0]
Crossover offspring noisy fitness: [512.0, 512.0, 513.0, 511.0, 513.0, 513.0, 513.0, 512.0, 512.0, 512.0, 512.0, 513.0, 510.0, 512.0, 511.0, 512.0, 513.0, 513.0, 513.0, 512.0, 513.0, 513.0, 514.0, 514.0, 512.0, 511.0, 512.0, 511.0, 512.0, 512.0, 512.0, 513.0]

