l: 29
Fitness of mutation winner: 527.0
Crossover offspring real fitness: [512.0, 511.0, 512.0, 513.0, 512.0, 512.0, 512.0, 514.0, 512.0, 513.0, 514.0, 512.0, 514.0, 513.0, 513.0, 512.0, 512.0, 513.0, 512.0, 511.0, 512.0, 512.0, 513.0, 512.0, 513.0, 512.0, 512.0, 511.0, 512.0, 512.0, 513.0, 512.0]
Crossover offspring noisy fitness: [512.0, 511.0, 512.0, 513.0, 512.0, 512.0, 512.0, 514.0, 512.0, 513.0, 514.0, 512.0, 514.0, 513.0, 513.0, 512.0, 511.0, 514.0, 512.0, 511.0, 512.0, 512.0, 513.0, 512.0, 513.0, 512.0, 512.0, 511.0, 512.0, 512.0, 513.0, 512.0]

l: 38
Fitness of mutation winner: 520.0
Crossover offspring real fitness: [512.0, 513.0, 513.0, 513.0, 513.0, 512.0, 512.0, 512.0, 511.0, 511.0, 513.0, 513.0, 510.0, 513.0, 509.0, 512.0, 512.0, 512.0, 512.0, 513.0, 513.0, 514.0, 514.0, 510.0, 512.0, 512.0, 513.0, 515.0, 512.0, 514.0, 512.0, 513.0]
Crossover offspring noisy fitness: [512.0, 513.0, 513.0, 513.0, 513.0, 512.0, 511.0, 512.0, 511.0, 511.0, 513.0, 513.0, 510.0, 512.0, 509.0, 512.0, 512.0, 512.0, 512.0, 513.0, 513.0, 514.0, 514.0, 510.0, 512.0, 511.0, 513.0, 515.0, 512.0, 514.0, 512.0, 513.0]

l: 30
Fitness of mutation winner: 522.0
Crossover offspring real fitness: [514.0, 512.0, 513.0, 512.0, 513.0, 512.0, 513.0, 514.0, 513.0, 512.0, 514.0, 512.0, 512.0, 512.0, 513.0, 512.0, 513.0, 514.0, 512.0, 513.0, 514.0, 512.0, 512.0, 510.0, 513.0, 512.0, 511.0, 515.0, 512.0, 512.0, 512.0, 513.0]
Crossover offspring noisy fitness: [514.0, 512.0, 513.0, 512.0, 513.0, 512.0, 513.0, 514.0, 513.0, 512.0, 514.0, 513.0, 512.0, 512.0, 513.0, 512.0, 513.0, 514.0, 512.0, 513.0, 514.0, 512.0, 512.0, 510.0, 513.0, 512.0, 511.0, 515.0, 513.0, 512.0, 512.0, 513.0]

l: 36
Fitness of mutation winner: 523.0
Crossover offspring real fitness: [512.0, 511.0, 514.0, 513.0, 515.0, 512.0, 514.0, 514.0, 514.0, 512.0, 514.0, 512.0, 513.0, 516.0, 513.0, 513.0, 513.0, 511.0, 511.0, 512.0, 514.0, 513.0, 514.0, 512.0, 513.0, 512.0, 512.0, 511.0, 514.0, 511.0, 513.0, 512.0]
Crossover offspring noisy fitness: [512.0, 511.0, 514.0, 513.0, 516.0, 512.0, 514.0, 514.0, 514.0, 512.0, 514.0, 512.0, 513.0, 516.0, 513.0, 513.0, 513.0, 510.0, 511.0, 512.0, 514.0, 513.0, 514.0, 512.0, 513.0, 512.0, 512.0, 511.0, 514.0, 511.0, 513.0, 512.0]

