l: 24
Fitness of mutation winner: 522.0
Crossover offspring real fitness: [512.0, 513.0, 513.0, 512.0, 513.0, 514.0, 511.0, 513.0, 513.0, 512.0, 511.0, 512.0, 512.0, 513.0, 513.0, 512.0, 513.0, 512.0, 512.0, 512.0, 513.0, 512.0, 514.0, 515.0, 513.0, 512.0, 510.0, 512.0, 512.0, 513.0, 512.0, 513.0]
Crossover offspring noisy fitness: [512.0, 513.0, 513.0, 512.0, 513.0, 514.0, 511.0, 513.0, 513.0, 512.0, 511.0, 512.0, 512.0, 513.0, 513.0, 512.0, 513.0, 513.0, 512.0, 512.0, 513.0, 512.0, 514.0, 515.0, 513.0, 512.0, 510.0, 512.0, 512.0, 513.0, 512.0, 513.0]

l: 49
Fitness of mutation winner: 531.0
Crossover offspring real fitness: [512.0, 513.0, 512.0, 513.0, 513.0, 513.0, 513.0, 512.0, 513.0, 513.0, 511.0, 513.0, 513.0, 511.0, 513.0, 515.0, 513.0, 512.0, 511.0, 512.0, 512.0, 510.0, 513.0, 514.0, 513.0, 511.0, 512.0, 514.0, 513.0, 511.0, 513.0, 513.0]
Crossover offspring noisy fitness: [512.0, 513.0, 512.0, 513.0, 513.0, 513.0, 513.0, 512.0, 513.0, 513.0, 511.0, 513.0, 513.0, 511.0, 513.0, 515.0, 513.0, 512.0, 511.0, 512.0, 512.0, 510.0, 513.0, 514.0, 513.0, 511.0, 512.0, 514.0, 513.0, 511.0, 513.0, 512.0]

l: 41
Fitness of mutation winner: 521.0
Crossover offspring real fitness: [514.0, 511.0, 512.0, 510.0, 511.0, 514.0, 512.0, 513.0, 514.0, 512.0, 514.0, 513.0, 512.0, 513.0, 512.0, 511.0, 511.0, 513.0, 511.0, 513.0, 512.0, 513.0, 512.0, 512.0, 512.0, 513.0, 513.0, 513.0, 512.0, 511.0, 513.0, 513.0]
Crossover offspring noisy fitness: [514.0, 511.0, 512.0, 510.0, 511.0, 514.0, 512.0, 513.0, 514.0, 512.0, 514.0, 513.0, 512.0, 513.0, 512.0, 511.0, 511.0, 513.0, 511.0, 513.0, 512.0, 513.0, 513.0, 512.0, 512.0, 513.0, 513.0, 513.0, 512.0, 511.0, 513.0, 513.0]

l: 30
Fitness of mutation winner: 524.0
Crossover offspring real fitness: [512.0, 511.0, 515.0, 513.0, 515.0, 513.0, 513.0, 513.0, 513.0, 512.0, 512.0, 512.0, 513.0, 512.0, 513.0, 514.0, 512.0, 512.0, 512.0, 513.0, 512.0, 511.0, 511.0, 513.0, 511.0, 513.0, 511.0, 513.0, 512.0, 510.0, 511.0, 512.0]
Crossover offspring noisy fitness: [512.0, 511.0, 515.0, 513.0, 515.0, 513.0, 513.0, 513.0, 513.0, 512.0, 512.0, 512.0, 513.0, 512.0, 513.0, 514.0, 512.0, 512.0, 512.0, 513.0, 512.0, 512.0, 511.0, 513.0, 511.0, 513.0, 511.0, 513.0, 513.0, 510.0, 511.0, 512.0]

