l: 97
Fitness of mutation winner: 529.0
Crossover offspring real fitness: [511.0, 512.0, 511.0, 512.0, 511.0, 513.0, 512.0, 512.0, 513.0, 512.0, 512.0, 513.0, 512.0, 514.0, 514.0, 513.0, 512.0, 514.0, 512.0, 511.0, 513.0, 512.0, 513.0, 511.0, 510.0, 512.0, 513.0, 511.0, 512.0, 512.0, 512.0, 511.0, 513.0, 515.0, 511.0, 511.0, 512.0, 510.0, 512.0, 512.0, 512.0, 513.0, 513.0, 511.0, 510.0, 512.0, 513.0, 512.0, 511.0, 512.0, 514.0, 512.0, 511.0, 512.0, 512.0, 511.0, 510.0, 513.0, 512.0, 513.0, 512.0, 512.0, 512.0, 513.0, 512.0, 512.0, 511.0, 511.0, 512.0, 513.0, 511.0, 513.0, 513.0, 512.0, 512.0, 511.0, 513.0, 511.0, 512.0, 512.0, 511.0, 513.0, 512.0, 511.0, 513.0, 512.0, 511.0, 513.0, 511.0, 512.0, 512.0, 511.0, 513.0, 512.0, 514.0, 512.0, 513.0, 512.0, 513.0, 512.0, 512.0]
Crossover offspring noisy fitness: [511.0, 512.0, 511.0, 512.0, 512.0, 513.0, 512.0, 512.0, 513.0, 512.0, 512.0, 513.0, 512.0, 514.0, 514.0, 513.0, 512.0, 514.0, 512.0, 511.0, 513.0, 512.0, 513.0, 511.0, 510.0, 512.0, 513.0, 511.0, 512.0, 512.0, 512.0, 511.0, 513.0, 515.0, 511.0, 511.0, 512.0, 510.0, 512.0, 512.0, 512.0, 513.0, 513.0, 511.0, 510.0, 512.0, 513.0, 512.0, 511.0, 512.0, 514.0, 512.0, 511.0, 512.0, 512.0, 511.0, 510.0, 513.0, 512.0, 513.0, 512.0, 512.0, 512.0, 513.0, 512.0, 512.0, 511.0, 511.0, 512.0, 513.0, 511.0, 513.0, 513.0, 512.0, 512.0, 511.0, 514.0, 511.0, 512.0, 512.0, 511.0, 514.0, 511.0, 511.0, 513.0, 512.0, 511.0, 513.0, 511.0, 512.0, 512.0, 511.0, 513.0, 512.0, 514.0, 511.0, 513.0, 512.0, 513.0, 513.0, 512.0]

l: 102
Fitness of mutation winner: 546.0
Crossover offspring real fitness: [513.0, 514.0, 511.0, 513.0, 514.0, 515.0, 511.0, 512.0, 514.0, 512.0, 515.0, 512.0, 512.0, 513.0, 512.0, 512.0, 514.0, 511.0, 511.0, 512.0, 512.0, 512.0, 512.0, 512.0, 511.0, 511.0, 512.0, 512.0, 513.0, 513.0, 512.0, 512.0, 514.0, 513.0, 513.0, 513.0, 512.0, 512.0, 513.0, 512.0, 513.0, 512.0, 512.0, 512.0, 512.0, 511.0, 512.0, 511.0, 513.0, 512.0, 512.0, 512.0, 512.0, 512.0, 514.0, 511.0, 512.0, 513.0, 513.0, 510.0, 512.0, 513.0, 511.0, 510.0, 512.0, 513.0, 511.0, 512.0, 511.0, 512.0, 511.0, 512.0, 512.0, 512.0, 513.0, 513.0, 513.0, 512.0, 513.0, 512.0, 512.0, 511.0, 513.0, 513.0, 512.0, 512.0, 513.0, 512.0, 514.0, 513.0, 512.0, 513.0, 515.0, 512.0, 512.0, 510.0, 511.0, 513.0, 513.0, 512.0, 512.0]
Crossover offspring noisy fitness: [513.0, 513.0, 511.0, 513.0, 514.0, 515.0, 511.0, 512.0, 513.0, 512.0, 515.0, 512.0, 512.0, 513.0, 512.0, 512.0, 514.0, 511.0, 511.0, 511.0, 512.0, 512.0, 512.0, 512.0, 511.0, 511.0, 512.0, 512.0, 513.0, 513.0, 512.0, 512.0, 514.0, 513.0, 513.0, 513.0, 512.0, 512.0, 513.0, 512.0, 513.0, 512.0, 512.0, 512.0, 512.0, 511.0, 512.0, 511.0, 513.0, 512.0, 512.0, 512.0, 512.0, 512.0, 514.0, 511.0, 512.0, 513.0, 513.0, 510.0, 512.0, 513.0, 511.0, 510.0, 512.0, 513.0, 512.0, 512.0, 511.0, 512.0, 511.0, 512.0, 512.0, 512.0, 514.0, 514.0, 513.0, 512.0, 513.0, 512.0, 513.0, 511.0, 513.0, 513.0, 512.0, 512.0, 513.0, 512.0, 514.0, 513.0, 512.0, 513.0, 515.0, 512.0, 512.0, 510.0, 511.0, 513.0, 513.0, 512.0, 512.0]

l: 111
Fitness of mutation winner: 535.0
Crossover offspring real fitness: [513.0, 515.0, 513.0, 512.0, 511.0, 513.0, 514.0, 512.0, 512.0, 511.0, 513.0, 510.0, 513.0, 513.0, 512.0, 514.0, 512.0, 512.0, 512.0, 511.0, 513.0, 512.0, 512.0, 511.0, 512.0, 512.0, 512.0, 511.0, 512.0, 512.0, 511.0, 510.0, 511.0, 510.0, 512.0, 513.0, 513.0, 514.0, 512.0, 513.0, 512.0, 514.0, 512.0, 512.0, 513.0, 512.0, 511.0, 512.0, 511.0, 513.0, 513.0, 511.0, 512.0, 512.0, 509.0, 512.0, 513.0, 513.0, 513.0, 514.0, 511.0, 512.0, 512.0, 512.0, 511.0, 512.0, 513.0, 512.0, 510.0, 512.0, 511.0, 512.0, 515.0, 513.0, 513.0, 511.0, 509.0, 512.0, 512.0, 514.0, 511.0, 512.0, 511.0, 513.0, 512.0, 512.0, 512.0, 512.0, 511.0, 513.0, 513.0, 512.0, 511.0, 511.0, 513.0, 513.0, 512.0, 512.0, 513.0, 512.0, 511.0]
Crossover offspring noisy fitness: [513.0, 515.0, 513.0, 512.0, 511.0, 513.0, 514.0, 512.0, 512.0, 511.0, 513.0, 510.0, 513.0, 513.0, 512.0, 514.0, 511.0, 512.0, 512.0, 511.0, 513.0, 512.0, 512.0, 511.0, 512.0, 512.0, 512.0, 511.0, 512.0, 512.0, 511.0, 510.0, 511.0, 510.0, 512.0, 512.0, 513.0, 514.0, 512.0, 513.0, 512.0, 513.0, 512.0, 512.0, 513.0, 512.0, 511.0, 512.0, 511.0, 513.0, 513.0, 511.0, 513.0, 512.0, 509.0, 512.0, 513.0, 513.0, 513.0, 514.0, 511.0, 512.0, 512.0, 512.0, 511.0, 512.0, 513.0, 512.0, 509.0, 512.0, 511.0, 512.0, 515.0, 513.0, 513.0, 511.0, 509.0, 512.0, 512.0, 513.0, 511.0, 512.0, 511.0, 513.0, 512.0, 512.0, 512.0, 512.0, 511.0, 513.0, 513.0, 512.0, 511.0, 511.0, 513.0, 513.0, 512.0, 512.0, 513.0, 512.0, 511.0]

l: 106
Fitness of mutation winner: 540.0
Crossover offspring real fitness: [512.0, 514.0, 513.0, 513.0, 512.0, 510.0, 512.0, 512.0, 512.0, 512.0, 511.0, 511.0, 513.0, 512.0, 513.0, 513.0, 512.0, 512.0, 512.0, 513.0, 513.0, 513.0, 512.0, 512.0, 514.0, 512.0, 512.0, 513.0, 510.0, 511.0, 513.0, 513.0, 512.0, 511.0, 511.0, 511.0, 510.0, 512.0, 510.0, 514.0, 511.0, 512.0, 514.0, 510.0, 511.0, 512.0, 513.0, 513.0, 511.0, 512.0, 511.0, 512.0, 511.0, 511.0, 512.0, 512.0, 512.0, 512.0, 513.0, 511.0, 513.0, 513.0, 512.0, 512.0, 513.0, 511.0, 511.0, 511.0, 513.0, 512.0, 512.0, 511.0, 512.0, 512.0, 512.0, 512.0, 512.0, 511.0, 512.0, 512.0, 513.0, 512.0, 511.0, 512.0, 513.0, 513.0, 513.0, 512.0, 512.0, 511.0, 513.0, 513.0, 512.0, 513.0, 514.0, 513.0, 515.0, 509.0, 511.0, 512.0, 512.0]
Crossover offspring noisy fitness: [512.0, 514.0, 513.0, 513.0, 512.0, 510.0, 512.0, 512.0, 512.0, 512.0, 510.0, 511.0, 513.0, 512.0, 513.0, 513.0, 512.0, 512.0, 512.0, 513.0, 513.0, 513.0, 512.0, 512.0, 514.0, 512.0, 512.0, 513.0, 510.0, 511.0, 512.0, 513.0, 512.0, 512.0, 511.0, 511.0, 510.0, 512.0, 510.0, 514.0, 511.0, 511.0, 514.0, 510.0, 510.0, 512.0, 513.0, 513.0, 510.0, 512.0, 511.0, 512.0, 511.0, 512.0, 512.0, 512.0, 512.0, 512.0, 513.0, 511.0, 513.0, 513.0, 511.0, 512.0, 513.0, 510.0, 511.0, 511.0, 513.0, 512.0, 512.0, 511.0, 512.0, 512.0, 512.0, 512.0, 512.0, 511.0, 512.0, 512.0, 513.0, 512.0, 511.0, 512.0, 513.0, 513.0, 513.0, 512.0, 512.0, 511.0, 513.0, 514.0, 512.0, 513.0, 514.0, 513.0, 515.0, 509.0, 511.0, 511.0, 512.0]

