l: 104
Fitness of mutation winner: 538.0
Crossover offspring real fitness: [512.0, 512.0, 513.0, 512.0, 512.0, 513.0, 512.0, 513.0, 513.0, 512.0, 513.0, 512.0, 512.0, 513.0, 512.0, 512.0, 511.0, 512.0, 512.0, 514.0, 512.0, 513.0, 513.0, 513.0, 511.0, 512.0, 514.0, 510.0, 513.0, 512.0, 511.0, 512.0, 513.0, 512.0, 511.0, 513.0, 513.0, 512.0, 512.0, 513.0, 513.0, 513.0, 512.0, 514.0, 512.0, 513.0, 511.0, 514.0, 512.0, 513.0, 514.0, 513.0, 512.0, 513.0, 514.0, 511.0, 511.0, 512.0, 511.0, 513.0, 513.0, 509.0, 510.0, 513.0, 511.0, 512.0, 511.0, 512.0, 512.0, 510.0, 509.0, 512.0, 513.0, 512.0, 512.0, 512.0, 512.0, 515.0, 514.0, 513.0, 513.0, 513.0, 512.0, 513.0, 513.0, 513.0, 513.0, 513.0, 512.0, 512.0, 514.0, 512.0, 513.0, 512.0, 513.0, 511.0, 510.0, 512.0, 513.0, 512.0, 513.0]
Crossover offspring noisy fitness: [512.0, 512.0, 513.0, 512.0, 512.0, 513.0, 512.0, 513.0, 513.0, 512.0, 513.0, 512.0, 511.0, 513.0, 512.0, 512.0, 511.0, 512.0, 512.0, 514.0, 512.0, 513.0, 513.0, 513.0, 511.0, 512.0, 514.0, 510.0, 513.0, 512.0, 511.0, 512.0, 513.0, 512.0, 511.0, 513.0, 513.0, 512.0, 512.0, 513.0, 513.0, 513.0, 512.0, 514.0, 512.0, 513.0, 511.0, 514.0, 512.0, 513.0, 514.0, 513.0, 512.0, 513.0, 514.0, 510.0, 511.0, 512.0, 511.0, 513.0, 513.0, 509.0, 510.0, 513.0, 511.0, 512.0, 511.0, 512.0, 512.0, 510.0, 509.0, 512.0, 513.0, 512.0, 512.0, 512.0, 512.0, 515.0, 514.0, 513.0, 513.0, 513.0, 513.0, 513.0, 513.0, 513.0, 513.0, 513.0, 512.0, 512.0, 514.0, 512.0, 513.0, 512.0, 513.0, 511.0, 510.0, 512.0, 513.0, 512.0, 513.0]

l: 87
Fitness of mutation winner: 535.0
Crossover offspring real fitness: [511.0, 511.0, 513.0, 510.0, 515.0, 511.0, 513.0, 514.0, 511.0, 513.0, 512.0, 511.0, 512.0, 512.0, 512.0, 512.0, 512.0, 511.0, 512.0, 512.0, 511.0, 512.0, 512.0, 511.0, 513.0, 513.0, 514.0, 511.0, 512.0, 512.0, 512.0, 512.0, 512.0, 511.0, 513.0, 513.0, 512.0, 511.0, 513.0, 513.0, 512.0, 512.0, 512.0, 511.0, 512.0, 514.0, 512.0, 512.0, 512.0, 514.0, 512.0, 512.0, 513.0, 513.0, 513.0, 511.0, 513.0, 512.0, 512.0, 511.0, 512.0, 513.0, 512.0, 512.0, 512.0, 512.0, 513.0, 512.0, 513.0, 512.0, 513.0, 512.0, 513.0, 513.0, 511.0, 512.0, 511.0, 512.0, 513.0, 513.0, 512.0, 513.0, 512.0, 511.0, 512.0, 513.0, 513.0, 513.0, 512.0, 512.0, 513.0, 512.0, 511.0, 513.0, 512.0, 512.0, 513.0, 512.0, 511.0, 512.0, 513.0]
Crossover offspring noisy fitness: [511.0, 511.0, 513.0, 510.0, 515.0, 512.0, 513.0, 514.0, 511.0, 513.0, 512.0, 511.0, 512.0, 513.0, 512.0, 512.0, 512.0, 510.0, 512.0, 512.0, 511.0, 512.0, 512.0, 511.0, 513.0, 513.0, 514.0, 511.0, 512.0, 512.0, 512.0, 512.0, 512.0, 511.0, 513.0, 513.0, 511.0, 511.0, 513.0, 513.0, 512.0, 512.0, 512.0, 511.0, 511.0, 514.0, 512.0, 512.0, 512.0, 514.0, 511.0, 512.0, 513.0, 513.0, 513.0, 512.0, 513.0, 512.0, 512.0, 511.0, 512.0, 513.0, 512.0, 512.0, 512.0, 512.0, 513.0, 512.0, 513.0, 512.0, 513.0, 512.0, 513.0, 513.0, 511.0, 512.0, 511.0, 512.0, 513.0, 513.0, 512.0, 513.0, 512.0, 511.0, 512.0, 513.0, 513.0, 513.0, 512.0, 512.0, 513.0, 512.0, 511.0, 513.0, 512.0, 512.0, 513.0, 512.0, 511.0, 512.0, 513.0]

l: 88
Fitness of mutation winner: 528.0
Crossover offspring real fitness: [513.0, 512.0, 512.0, 513.0, 512.0, 513.0, 512.0, 514.0, 513.0, 511.0, 512.0, 513.0, 512.0, 511.0, 512.0, 513.0, 512.0, 513.0, 513.0, 511.0, 515.0, 513.0, 512.0, 512.0, 512.0, 511.0, 512.0, 512.0, 512.0, 513.0, 512.0, 512.0, 512.0, 511.0, 512.0, 512.0, 514.0, 512.0, 513.0, 512.0, 512.0, 513.0, 512.0, 512.0, 511.0, 512.0, 513.0, 512.0, 511.0, 512.0, 512.0, 512.0, 510.0, 512.0, 512.0, 512.0, 512.0, 511.0, 512.0, 513.0, 512.0, 511.0, 512.0, 512.0, 513.0, 513.0, 512.0, 512.0, 512.0, 511.0, 513.0, 512.0, 512.0, 513.0, 513.0, 512.0, 512.0, 511.0, 513.0, 512.0, 512.0, 514.0, 512.0, 512.0, 511.0, 512.0, 513.0, 511.0, 511.0, 513.0, 512.0, 512.0, 512.0, 513.0, 512.0, 511.0, 512.0, 513.0, 512.0, 512.0, 511.0]
Crossover offspring noisy fitness: [513.0, 512.0, 512.0, 513.0, 512.0, 513.0, 512.0, 514.0, 513.0, 511.0, 512.0, 513.0, 512.0, 511.0, 512.0, 513.0, 512.0, 513.0, 513.0, 511.0, 515.0, 513.0, 512.0, 512.0, 512.0, 511.0, 512.0, 512.0, 512.0, 513.0, 512.0, 512.0, 512.0, 511.0, 512.0, 512.0, 514.0, 512.0, 513.0, 512.0, 512.0, 513.0, 512.0, 512.0, 511.0, 512.0, 513.0, 512.0, 511.0, 512.0, 512.0, 512.0, 510.0, 512.0, 512.0, 512.0, 513.0, 511.0, 512.0, 513.0, 512.0, 511.0, 512.0, 512.0, 514.0, 513.0, 512.0, 512.0, 512.0, 511.0, 513.0, 512.0, 512.0, 513.0, 513.0, 512.0, 512.0, 511.0, 513.0, 512.0, 512.0, 514.0, 512.0, 512.0, 511.0, 512.0, 513.0, 511.0, 511.0, 513.0, 512.0, 512.0, 512.0, 513.0, 511.0, 511.0, 512.0, 513.0, 512.0, 512.0, 511.0]

l: 101
Fitness of mutation winner: 539.0
Crossover offspring real fitness: [512.0, 512.0, 513.0, 512.0, 512.0, 512.0, 512.0, 512.0, 511.0, 512.0, 511.0, 513.0, 512.0, 512.0, 512.0, 512.0, 513.0, 513.0, 512.0, 512.0, 514.0, 513.0, 513.0, 510.0, 515.0, 513.0, 512.0, 512.0, 513.0, 512.0, 512.0, 513.0, 511.0, 512.0, 511.0, 512.0, 511.0, 512.0, 512.0, 512.0, 511.0, 511.0, 511.0, 512.0, 513.0, 513.0, 513.0, 511.0, 512.0, 511.0, 512.0, 515.0, 512.0, 512.0, 514.0, 512.0, 512.0, 512.0, 513.0, 513.0, 512.0, 512.0, 513.0, 512.0, 511.0, 513.0, 511.0, 514.0, 512.0, 512.0, 512.0, 512.0, 512.0, 514.0, 512.0, 514.0, 512.0, 514.0, 512.0, 512.0, 512.0, 512.0, 511.0, 512.0, 514.0, 513.0, 515.0, 511.0, 513.0, 512.0, 512.0, 510.0, 512.0, 514.0, 512.0, 512.0, 511.0, 512.0, 513.0, 511.0, 512.0]
Crossover offspring noisy fitness: [512.0, 512.0, 513.0, 512.0, 512.0, 512.0, 513.0, 512.0, 511.0, 512.0, 511.0, 513.0, 512.0, 512.0, 512.0, 512.0, 513.0, 513.0, 513.0, 512.0, 514.0, 513.0, 513.0, 510.0, 515.0, 513.0, 512.0, 512.0, 513.0, 512.0, 512.0, 513.0, 511.0, 512.0, 511.0, 512.0, 511.0, 512.0, 511.0, 512.0, 511.0, 511.0, 511.0, 512.0, 513.0, 513.0, 513.0, 511.0, 512.0, 510.0, 512.0, 515.0, 512.0, 512.0, 514.0, 512.0, 512.0, 512.0, 513.0, 513.0, 512.0, 512.0, 513.0, 512.0, 511.0, 513.0, 511.0, 514.0, 512.0, 512.0, 512.0, 512.0, 512.0, 514.0, 512.0, 514.0, 512.0, 514.0, 512.0, 512.0, 512.0, 512.0, 511.0, 512.0, 514.0, 513.0, 515.0, 511.0, 512.0, 512.0, 512.0, 510.0, 513.0, 514.0, 512.0, 512.0, 511.0, 512.0, 513.0, 511.0, 511.0]

