l: 88
Fitness of mutation winner: 532.0
Crossover offspring real fitness: [512.0, 512.0, 512.0, 513.0, 511.0, 512.0, 513.0, 512.0, 512.0, 513.0, 513.0, 513.0, 512.0, 512.0, 510.0, 513.0, 513.0, 512.0, 514.0, 513.0, 513.0, 511.0, 512.0, 513.0, 512.0, 512.0, 513.0, 512.0, 512.0, 513.0, 512.0, 513.0, 513.0, 511.0, 512.0, 511.0, 512.0, 511.0, 512.0, 514.0, 513.0, 514.0, 511.0, 512.0, 512.0, 513.0, 511.0, 511.0, 512.0, 512.0, 513.0, 512.0, 511.0, 513.0, 512.0, 512.0, 512.0, 513.0, 511.0, 511.0, 511.0, 512.0, 516.0, 512.0, 512.0, 512.0, 512.0, 510.0, 513.0, 513.0, 511.0, 513.0, 512.0, 512.0, 512.0, 511.0, 512.0, 513.0, 513.0, 512.0, 512.0, 511.0, 512.0, 511.0, 513.0, 513.0, 513.0, 512.0, 516.0, 512.0, 512.0, 512.0, 510.0, 512.0, 511.0, 512.0, 513.0, 513.0, 514.0, 512.0, 512.0]
Crossover offspring noisy fitness: [512.0, 512.0, 512.0, 513.0, 511.0, 512.0, 513.0, 512.0, 512.0, 513.0, 513.0, 513.0, 512.0, 512.0, 510.0, 513.0, 512.0, 512.0, 514.0, 513.0, 513.0, 511.0, 512.0, 513.0, 512.0, 512.0, 513.0, 512.0, 512.0, 513.0, 512.0, 513.0, 513.0, 511.0, 512.0, 511.0, 512.0, 511.0, 512.0, 514.0, 513.0, 514.0, 511.0, 512.0, 512.0, 513.0, 511.0, 511.0, 512.0, 512.0, 513.0, 512.0, 511.0, 513.0, 512.0, 512.0, 512.0, 513.0, 511.0, 511.0, 511.0, 511.0, 517.0, 512.0, 512.0, 512.0, 512.0, 510.0, 513.0, 513.0, 511.0, 513.0, 512.0, 512.0, 512.0, 511.0, 512.0, 513.0, 513.0, 512.0, 512.0, 511.0, 512.0, 511.0, 514.0, 513.0, 513.0, 512.0, 516.0, 512.0, 512.0, 512.0, 510.0, 512.0, 511.0, 512.0, 513.0, 513.0, 514.0, 512.0, 512.0]

l: 96
Fitness of mutation winner: 539.0
Crossover offspring real fitness: [513.0, 512.0, 512.0, 514.0, 514.0, 511.0, 513.0, 511.0, 513.0, 511.0, 511.0, 512.0, 511.0, 512.0, 514.0, 513.0, 512.0, 512.0, 512.0, 514.0, 512.0, 514.0, 512.0, 512.0, 512.0, 512.0, 512.0, 513.0, 513.0, 512.0, 513.0, 514.0, 512.0, 514.0, 512.0, 512.0, 513.0, 512.0, 512.0, 513.0, 512.0, 510.0, 512.0, 510.0, 511.0, 512.0, 511.0, 513.0, 512.0, 513.0, 511.0, 511.0, 510.0, 511.0, 511.0, 512.0, 512.0, 512.0, 513.0, 514.0, 511.0, 513.0, 514.0, 511.0, 511.0, 512.0, 513.0, 513.0, 511.0, 512.0, 512.0, 513.0, 512.0, 514.0, 513.0, 514.0, 512.0, 513.0, 512.0, 512.0, 513.0, 514.0, 512.0, 512.0, 512.0, 513.0, 511.0, 512.0, 511.0, 513.0, 512.0, 512.0, 512.0, 512.0, 512.0, 513.0, 513.0, 513.0, 513.0, 512.0, 512.0]
Crossover offspring noisy fitness: [513.0, 512.0, 512.0, 514.0, 514.0, 511.0, 513.0, 511.0, 513.0, 511.0, 511.0, 512.0, 511.0, 512.0, 514.0, 513.0, 512.0, 512.0, 512.0, 514.0, 512.0, 514.0, 512.0, 512.0, 511.0, 512.0, 512.0, 513.0, 513.0, 512.0, 513.0, 514.0, 512.0, 514.0, 512.0, 512.0, 513.0, 512.0, 512.0, 514.0, 512.0, 510.0, 512.0, 510.0, 511.0, 512.0, 511.0, 513.0, 512.0, 513.0, 511.0, 511.0, 510.0, 511.0, 511.0, 512.0, 512.0, 512.0, 513.0, 514.0, 511.0, 513.0, 514.0, 511.0, 511.0, 512.0, 513.0, 514.0, 511.0, 512.0, 512.0, 513.0, 512.0, 514.0, 513.0, 514.0, 512.0, 513.0, 512.0, 512.0, 513.0, 514.0, 512.0, 512.0, 512.0, 513.0, 511.0, 512.0, 511.0, 513.0, 512.0, 512.0, 512.0, 512.0, 512.0, 513.0, 513.0, 513.0, 513.0, 512.0, 512.0]

l: 95
Fitness of mutation winner: 533.0
Crossover offspring real fitness: [513.0, 512.0, 512.0, 512.0, 512.0, 511.0, 512.0, 513.0, 512.0, 514.0, 512.0, 512.0, 512.0, 514.0, 512.0, 512.0, 512.0, 511.0, 511.0, 512.0, 513.0, 512.0, 512.0, 511.0, 513.0, 511.0, 512.0, 512.0, 513.0, 513.0, 510.0, 513.0, 512.0, 513.0, 513.0, 512.0, 513.0, 512.0, 511.0, 511.0, 513.0, 511.0, 512.0, 513.0, 513.0, 512.0, 512.0, 512.0, 512.0, 512.0, 513.0, 513.0, 512.0, 511.0, 512.0, 512.0, 512.0, 512.0, 512.0, 513.0, 513.0, 512.0, 512.0, 511.0, 513.0, 512.0, 511.0, 512.0, 511.0, 512.0, 512.0, 512.0, 514.0, 512.0, 511.0, 511.0, 512.0, 514.0, 514.0, 511.0, 514.0, 513.0, 512.0, 511.0, 513.0, 512.0, 511.0, 512.0, 513.0, 513.0, 513.0, 513.0, 512.0, 511.0, 512.0, 513.0, 510.0, 511.0, 512.0, 511.0, 513.0]
Crossover offspring noisy fitness: [513.0, 511.0, 512.0, 512.0, 512.0, 511.0, 512.0, 513.0, 512.0, 514.0, 512.0, 512.0, 512.0, 514.0, 512.0, 512.0, 512.0, 511.0, 511.0, 512.0, 513.0, 512.0, 512.0, 511.0, 513.0, 512.0, 512.0, 512.0, 513.0, 513.0, 510.0, 514.0, 512.0, 513.0, 513.0, 512.0, 512.0, 512.0, 511.0, 511.0, 513.0, 511.0, 511.0, 514.0, 513.0, 512.0, 512.0, 512.0, 512.0, 512.0, 513.0, 514.0, 512.0, 512.0, 512.0, 512.0, 512.0, 512.0, 512.0, 513.0, 513.0, 512.0, 512.0, 511.0, 513.0, 512.0, 511.0, 512.0, 511.0, 512.0, 512.0, 512.0, 514.0, 512.0, 511.0, 511.0, 512.0, 514.0, 514.0, 511.0, 514.0, 513.0, 512.0, 511.0, 513.0, 512.0, 511.0, 512.0, 513.0, 513.0, 513.0, 513.0, 512.0, 511.0, 512.0, 513.0, 510.0, 511.0, 512.0, 511.0, 513.0]

l: 105
Fitness of mutation winner: 533.0
Crossover offspring real fitness: [514.0, 512.0, 515.0, 512.0, 512.0, 512.0, 515.0, 513.0, 512.0, 512.0, 514.0, 512.0, 512.0, 512.0, 513.0, 511.0, 512.0, 512.0, 514.0, 512.0, 511.0, 513.0, 511.0, 512.0, 511.0, 513.0, 513.0, 513.0, 511.0, 512.0, 513.0, 513.0, 513.0, 512.0, 513.0, 513.0, 512.0, 511.0, 511.0, 513.0, 513.0, 514.0, 511.0, 512.0, 512.0, 514.0, 511.0, 511.0, 512.0, 512.0, 511.0, 512.0, 513.0, 513.0, 512.0, 513.0, 512.0, 511.0, 513.0, 512.0, 513.0, 513.0, 512.0, 511.0, 512.0, 512.0, 515.0, 511.0, 514.0, 512.0, 513.0, 513.0, 512.0, 514.0, 512.0, 511.0, 514.0, 513.0, 513.0, 512.0, 513.0, 512.0, 512.0, 512.0, 512.0, 514.0, 512.0, 513.0, 514.0, 511.0, 511.0, 511.0, 512.0, 512.0, 513.0, 512.0, 513.0, 513.0, 512.0, 512.0, 513.0]
Crossover offspring noisy fitness: [514.0, 512.0, 515.0, 512.0, 512.0, 512.0, 515.0, 513.0, 512.0, 512.0, 514.0, 512.0, 512.0, 512.0, 513.0, 511.0, 512.0, 512.0, 514.0, 512.0, 511.0, 513.0, 511.0, 512.0, 511.0, 513.0, 513.0, 513.0, 511.0, 511.0, 513.0, 513.0, 513.0, 512.0, 513.0, 513.0, 512.0, 511.0, 511.0, 513.0, 513.0, 514.0, 511.0, 512.0, 512.0, 514.0, 511.0, 511.0, 512.0, 512.0, 511.0, 512.0, 513.0, 513.0, 512.0, 513.0, 512.0, 511.0, 513.0, 512.0, 513.0, 513.0, 512.0, 511.0, 512.0, 512.0, 515.0, 511.0, 515.0, 512.0, 513.0, 513.0, 511.0, 514.0, 512.0, 511.0, 514.0, 513.0, 513.0, 512.0, 513.0, 512.0, 512.0, 512.0, 512.0, 514.0, 513.0, 513.0, 514.0, 511.0, 511.0, 511.0, 512.0, 512.0, 513.0, 512.0, 513.0, 513.0, 512.0, 512.0, 513.0]

