l: 72
Fitness of mutation winner: 530.0
Crossover offspring real fitness: [512.0, 512.0, 512.0, 513.0, 511.0, 512.0, 513.0, 512.0, 512.0, 512.0, 512.0, 511.0, 511.0, 512.0, 512.0, 513.0, 513.0, 512.0, 512.0, 511.0, 512.0, 512.0, 512.0, 512.0, 512.0, 511.0, 512.0, 513.0, 511.0, 511.0, 512.0, 514.0, 512.0, 512.0, 512.0, 511.0, 511.0, 512.0, 512.0, 514.0, 512.0, 513.0, 511.0, 512.0, 511.0, 512.0, 513.0, 514.0, 512.0, 512.0, 512.0, 511.0, 513.0, 514.0, 513.0, 512.0, 510.0, 512.0, 512.0, 512.0, 511.0, 512.0, 513.0, 511.0, 512.0, 512.0, 513.0, 514.0, 513.0, 512.0, 511.0, 512.0, 512.0, 513.0, 512.0, 511.0, 509.0, 512.0, 512.0, 512.0, 513.0, 512.0, 511.0, 511.0, 512.0, 512.0, 514.0, 512.0, 512.0, 512.0, 512.0, 512.0, 513.0, 512.0, 512.0, 512.0, 512.0, 512.0, 514.0, 512.0, 512.0]
Crossover offspring noisy fitness: [512.0, 512.0, 513.0, 513.0, 511.0, 512.0, 513.0, 512.0, 512.0, 512.0, 512.0, 512.0, 511.0, 512.0, 512.0, 513.0, 513.0, 512.0, 512.0, 511.0, 512.0, 512.0, 512.0, 512.0, 512.0, 511.0, 512.0, 513.0, 511.0, 511.0, 512.0, 514.0, 512.0, 512.0, 512.0, 511.0, 511.0, 512.0, 512.0, 514.0, 512.0, 513.0, 511.0, 512.0, 511.0, 512.0, 513.0, 514.0, 512.0, 512.0, 512.0, 511.0, 513.0, 514.0, 513.0, 512.0, 510.0, 512.0, 512.0, 512.0, 511.0, 512.0, 513.0, 511.0, 513.0, 512.0, 513.0, 514.0, 513.0, 512.0, 511.0, 512.0, 512.0, 513.0, 512.0, 511.0, 509.0, 512.0, 512.0, 512.0, 513.0, 512.0, 511.0, 511.0, 512.0, 512.0, 514.0, 512.0, 513.0, 512.0, 512.0, 512.0, 513.0, 512.0, 512.0, 512.0, 512.0, 512.0, 514.0, 512.0, 512.0]

l: 83
Fitness of mutation winner: 535.0
Crossover offspring real fitness: [512.0, 512.0, 511.0, 513.0, 513.0, 513.0, 512.0, 512.0, 512.0, 512.0, 512.0, 511.0, 512.0, 512.0, 512.0, 511.0, 513.0, 512.0, 512.0, 513.0, 512.0, 515.0, 512.0, 511.0, 513.0, 511.0, 512.0, 512.0, 512.0, 512.0, 513.0, 512.0, 512.0, 512.0, 513.0, 512.0, 512.0, 513.0, 512.0, 511.0, 512.0, 513.0, 511.0, 512.0, 513.0, 512.0, 512.0, 511.0, 512.0, 511.0, 512.0, 512.0, 512.0, 512.0, 512.0, 513.0, 512.0, 513.0, 512.0, 513.0, 512.0, 512.0, 512.0, 512.0, 511.0, 512.0, 513.0, 513.0, 512.0, 512.0, 512.0, 511.0, 512.0, 512.0, 512.0, 512.0, 513.0, 512.0, 512.0, 511.0, 513.0, 511.0, 512.0, 514.0, 510.0, 512.0, 511.0, 512.0, 511.0, 514.0, 512.0, 512.0, 512.0, 512.0, 513.0, 515.0, 512.0, 512.0, 511.0, 514.0, 512.0]
Crossover offspring noisy fitness: [512.0, 512.0, 511.0, 513.0, 513.0, 513.0, 512.0, 512.0, 512.0, 513.0, 512.0, 511.0, 512.0, 512.0, 511.0, 511.0, 513.0, 512.0, 512.0, 513.0, 512.0, 515.0, 512.0, 511.0, 513.0, 513.0, 512.0, 513.0, 512.0, 512.0, 513.0, 512.0, 512.0, 512.0, 513.0, 512.0, 512.0, 513.0, 512.0, 511.0, 512.0, 513.0, 512.0, 512.0, 513.0, 512.0, 512.0, 511.0, 512.0, 511.0, 512.0, 511.0, 512.0, 512.0, 512.0, 513.0, 512.0, 513.0, 512.0, 513.0, 512.0, 512.0, 512.0, 512.0, 511.0, 512.0, 513.0, 513.0, 512.0, 512.0, 512.0, 511.0, 512.0, 511.0, 512.0, 512.0, 513.0, 512.0, 512.0, 511.0, 513.0, 511.0, 512.0, 514.0, 510.0, 512.0, 511.0, 512.0, 511.0, 514.0, 512.0, 512.0, 512.0, 512.0, 513.0, 515.0, 512.0, 512.0, 511.0, 514.0, 512.0]

l: 94
Fitness of mutation winner: 532.0
Crossover offspring real fitness: [511.0, 511.0, 511.0, 512.0, 512.0, 513.0, 513.0, 512.0, 512.0, 512.0, 512.0, 511.0, 511.0, 512.0, 512.0, 512.0, 512.0, 512.0, 512.0, 512.0, 512.0, 513.0, 512.0, 512.0, 512.0, 512.0, 512.0, 512.0, 513.0, 512.0, 515.0, 512.0, 513.0, 511.0, 514.0, 512.0, 513.0, 513.0, 512.0, 512.0, 513.0, 513.0, 512.0, 512.0, 512.0, 514.0, 512.0, 513.0, 511.0, 514.0, 512.0, 512.0, 511.0, 511.0, 512.0, 513.0, 512.0, 512.0, 512.0, 512.0, 513.0, 512.0, 514.0, 512.0, 512.0, 511.0, 514.0, 512.0, 511.0, 511.0, 511.0, 512.0, 513.0, 514.0, 513.0, 513.0, 512.0, 512.0, 512.0, 513.0, 513.0, 511.0, 509.0, 514.0, 511.0, 514.0, 511.0, 510.0, 511.0, 513.0, 513.0, 513.0, 512.0, 513.0, 512.0, 510.0, 511.0, 512.0, 513.0, 513.0, 513.0]
Crossover offspring noisy fitness: [511.0, 511.0, 511.0, 512.0, 512.0, 512.0, 513.0, 512.0, 513.0, 512.0, 512.0, 511.0, 510.0, 512.0, 512.0, 512.0, 512.0, 512.0, 512.0, 512.0, 512.0, 513.0, 512.0, 512.0, 512.0, 512.0, 512.0, 512.0, 513.0, 512.0, 515.0, 512.0, 513.0, 511.0, 514.0, 512.0, 513.0, 513.0, 512.0, 512.0, 513.0, 513.0, 512.0, 511.0, 512.0, 514.0, 512.0, 513.0, 511.0, 514.0, 512.0, 512.0, 511.0, 511.0, 512.0, 513.0, 512.0, 512.0, 511.0, 512.0, 513.0, 511.0, 514.0, 512.0, 512.0, 511.0, 513.0, 512.0, 510.0, 511.0, 511.0, 512.0, 513.0, 514.0, 513.0, 513.0, 512.0, 512.0, 512.0, 513.0, 513.0, 511.0, 509.0, 514.0, 511.0, 514.0, 511.0, 510.0, 511.0, 513.0, 513.0, 513.0, 512.0, 513.0, 512.0, 510.0, 511.0, 512.0, 513.0, 513.0, 513.0]

l: 98
Fitness of mutation winner: 534.0
Crossover offspring real fitness: [512.0, 514.0, 512.0, 512.0, 511.0, 511.0, 513.0, 514.0, 512.0, 512.0, 514.0, 512.0, 512.0, 513.0, 513.0, 511.0, 511.0, 511.0, 513.0, 510.0, 514.0, 513.0, 513.0, 513.0, 512.0, 512.0, 513.0, 511.0, 511.0, 510.0, 512.0, 512.0, 514.0, 513.0, 512.0, 512.0, 511.0, 513.0, 513.0, 513.0, 513.0, 512.0, 512.0, 511.0, 513.0, 514.0, 513.0, 510.0, 512.0, 511.0, 513.0, 512.0, 514.0, 512.0, 512.0, 513.0, 512.0, 511.0, 514.0, 512.0, 512.0, 513.0, 513.0, 511.0, 512.0, 512.0, 512.0, 512.0, 514.0, 511.0, 512.0, 512.0, 512.0, 512.0, 510.0, 511.0, 511.0, 512.0, 513.0, 515.0, 513.0, 513.0, 511.0, 510.0, 512.0, 513.0, 514.0, 512.0, 512.0, 513.0, 510.0, 512.0, 512.0, 512.0, 513.0, 512.0, 514.0, 512.0, 513.0, 511.0, 514.0]
Crossover offspring noisy fitness: [512.0, 514.0, 512.0, 512.0, 511.0, 511.0, 513.0, 514.0, 512.0, 511.0, 514.0, 512.0, 512.0, 513.0, 512.0, 512.0, 511.0, 511.0, 513.0, 510.0, 514.0, 513.0, 513.0, 513.0, 512.0, 512.0, 513.0, 511.0, 511.0, 510.0, 512.0, 512.0, 514.0, 513.0, 512.0, 512.0, 511.0, 511.0, 511.0, 513.0, 513.0, 512.0, 512.0, 511.0, 513.0, 514.0, 513.0, 510.0, 512.0, 511.0, 513.0, 512.0, 514.0, 512.0, 512.0, 512.0, 512.0, 511.0, 514.0, 512.0, 512.0, 513.0, 513.0, 511.0, 512.0, 512.0, 512.0, 512.0, 514.0, 511.0, 512.0, 512.0, 512.0, 512.0, 510.0, 511.0, 511.0, 512.0, 513.0, 515.0, 513.0, 513.0, 511.0, 510.0, 512.0, 513.0, 514.0, 512.0, 512.0, 513.0, 510.0, 512.0, 512.0, 512.0, 513.0, 512.0, 514.0, 512.0, 513.0, 511.0, 515.0]

