l: 27
Fitness of mutation winner: 73.0
Crossover offspring real fitness: [63.0, 66.0, 64.0, 64.0, 64.0, 64.0, 64.0, 64.0, 65.0, 63.0, 65.0, 65.0, 64.0, 64.0, 65.0, 64.0, 66.0, 65.0, 64.0, 65.0, 65.0, 64.0, 63.0, 64.0, 66.0]
Crossover offspring noisy fitness: [63.0, 66.0, 64.0, 64.0, 64.0, 63.0, 64.0, 64.0, 65.0, 63.0, 65.0, 65.0, 64.0, 64.0, 65.0, 64.0, 66.0, 65.0, 64.0, 65.0, 65.0, 64.0, 63.0, 64.0, 66.0]

l: 28
Fitness of mutation winner: 74.0
Crossover offspring real fitness: [67.0, 66.0, 65.0, 66.0, 64.0, 64.0, 65.0, 65.0, 64.0, 64.0, 62.0, 65.0, 63.0, 64.0, 64.0, 64.0, 64.0, 65.0, 65.0, 64.0, 65.0, 65.0, 65.0, 64.0, 65.0]
Crossover offspring noisy fitness: [67.0, 66.0, 65.0, 66.0, 64.0, 64.0, 65.0, 65.0, 64.0, 64.0, 62.0, 65.0, 63.0, 64.0, 64.0, 64.0, 64.0, 65.0, 65.0, 64.0, 65.0, 65.0, 65.0, 64.0, 65.0]

l: 23
Fitness of mutation winner: 71.0
Crossover offspring real fitness: [64.0, 66.0, 64.0, 63.0, 66.0, 64.0, 64.0, 64.0, 66.0, 65.0, 64.0, 64.0, 65.0, 66.0, 65.0, 66.0, 65.0, 65.0, 66.0, 64.0, 64.0, 64.0, 65.0, 63.0, 65.0]
Crossover offspring noisy fitness: [64.0, 66.0, 64.0, 63.0, 66.0, 64.0, 64.0, 64.0, 66.0, 65.0, 65.0, 64.0, 65.0, 66.0, 65.0, 66.0, 65.0, 65.0, 66.0, 64.0, 64.0, 64.0, 65.0, 63.0, 65.0]

l: 29
Fitness of mutation winner: 73.0
Crossover offspring real fitness: [64.0, 63.0, 64.0, 64.0, 65.0, 64.0, 65.0, 63.0, 66.0, 63.0, 63.0, 65.0, 65.0, 65.0, 64.0, 64.0, 65.0, 65.0, 64.0, 63.0, 64.0, 64.0, 63.0, 64.0, 64.0]
Crossover offspring noisy fitness: [64.0, 63.0, 64.0, 64.0, 65.0, 64.0, 65.0, 63.0, 66.0, 63.0, 63.0, 65.0, 65.0, 65.0, 64.0, 64.0, 65.0, 65.0, 64.0, 62.0, 64.0, 64.0, 62.0, 64.0, 64.0]

