l: 35
Fitness of mutation winner: 71.0
Crossover offspring real fitness: [64.0, 65.0, 66.0, 65.0, 64.0, 63.0, 65.0, 66.0, 65.0, 65.0, 65.0, 65.0, 63.0, 65.0, 64.0, 65.0, 64.0, 64.0, 65.0, 64.0, 63.0, 63.0, 62.0, 63.0, 65.0]
Crossover offspring noisy fitness: [64.0, 65.0, 66.0, 65.0, 64.0, 63.0, 65.0, 66.0, 65.0, 65.0, 65.0, 65.0, 63.0, 65.0, 64.0, 65.0, 64.0, 64.0, 65.0, 64.0, 63.0, 63.0, 62.0, 63.0, 65.0]

l: 21
Fitness of mutation winner: 73.0
Crossover offspring real fitness: [64.0, 64.0, 65.0, 64.0, 64.0, 66.0, 65.0, 65.0, 66.0, 67.0, 63.0, 65.0, 64.0, 64.0, 64.0, 64.0, 65.0, 65.0, 66.0, 63.0, 65.0, 64.0, 64.0, 64.0, 63.0]
Crossover offspring noisy fitness: [64.0, 64.0, 65.0, 64.0, 64.0, 66.0, 66.0, 65.0, 66.0, 67.0, 63.0, 65.0, 64.0, 64.0, 64.0, 64.0, 65.0, 65.0, 66.0, 63.0, 65.0, 64.0, 63.0, 64.0, 63.0]

l: 18
Fitness of mutation winner: 73.0
Crossover offspring real fitness: [64.0, 66.0, 63.0, 65.0, 64.0, 64.0, 65.0, 62.0, 69.0, 64.0, 64.0, 65.0, 63.0, 64.0, 65.0, 65.0, 64.0, 64.0, 64.0, 64.0, 64.0, 64.0, 66.0, 64.0, 65.0]
Crossover offspring noisy fitness: [64.0, 66.0, 63.0, 65.0, 64.0, 64.0, 65.0, 62.0, 69.0, 64.0, 64.0, 65.0, 63.0, 64.0, 65.0, 65.0, 64.0, 64.0, 64.0, 64.0, 64.0, 64.0, 66.0, 64.0, 64.0]

l: 22
Fitness of mutation winner: 70.0
Crossover offspring real fitness: [65.0, 64.0, 64.0, 63.0, 63.0, 64.0, 64.0, 65.0, 66.0, 64.0, 65.0, 65.0, 63.0, 66.0, 64.0, 66.0, 65.0, 64.0, 63.0, 64.0, 64.0, 64.0, 65.0, 64.0, 64.0]
Crossover offspring noisy fitness: [65.0, 64.0, 64.0, 63.0, 64.0, 64.0, 64.0, 65.0, 66.0, 64.0, 65.0, 65.0, 63.0, 66.0, 64.0, 66.0, 65.0, 64.0, 63.0, 64.0, 64.0, 64.0, 65.0, 64.0, 65.0]

