l: 24
Fitness of mutation winner: 72.0
Crossover offspring real fitness: [64.0, 66.0, 65.0, 64.0, 65.0, 64.0, 66.0, 65.0, 64.0, 64.0, 63.0, 64.0, 64.0, 67.0, 64.0, 64.0, 65.0, 63.0, 64.0, 65.0, 65.0, 66.0, 65.0, 64.0, 64.0]
Crossover offspring noisy fitness: [64.0, 66.0, 65.0, 64.0, 65.0, 64.0, 66.0, 65.0, 64.0, 64.0, 63.0, 64.0, 65.0, 67.0, 64.0, 64.0, 65.0, 63.0, 64.0, 65.0, 65.0, 66.0, 65.0, 64.0, 64.0]

l: 26
Fitness of mutation winner: 72.0
Crossover offspring real fitness: [63.0, 64.0, 64.0, 65.0, 63.0, 65.0, 64.0, 65.0, 64.0, 64.0, 65.0, 66.0, 64.0, 64.0, 64.0, 64.0, 64.0, 64.0, 63.0, 64.0, 64.0, 64.0, 64.0, 64.0, 65.0]
Crossover offspring noisy fitness: [63.0, 64.0, 64.0, 65.0, 63.0, 65.0, 64.0, 65.0, 64.0, 64.0, 65.0, 66.0, 64.0, 64.0, 64.0, 64.0, 64.0, 64.0, 63.0, 64.0, 64.0, 65.0, 64.0, 64.0, 65.0]

l: 21
Fitness of mutation winner: 75.0
Crossover offspring real fitness: [65.0, 64.0, 66.0, 64.0, 66.0, 64.0, 65.0, 64.0, 65.0, 64.0, 66.0, 64.0, 63.0, 64.0, 64.0, 64.0, 64.0, 64.0, 64.0, 64.0, 64.0, 65.0, 66.0, 64.0, 64.0]
Crossover offspring noisy fitness: [65.0, 64.0, 66.0, 64.0, 66.0, 64.0, 65.0, 64.0, 65.0, 64.0, 66.0, 64.0, 63.0, 64.0, 64.0, 64.0, 64.0, 64.0, 64.0, 64.0, 64.0, 65.0, 66.0, 64.0, 64.0]

l: 24
Fitness of mutation winner: 72.0
Crossover offspring real fitness: [64.0, 65.0, 66.0, 65.0, 66.0, 65.0, 65.0, 64.0, 65.0, 66.0, 64.0, 64.0, 66.0, 64.0, 64.0, 64.0, 64.0, 63.0, 65.0, 64.0, 65.0, 65.0, 64.0, 65.0, 65.0]
Crossover offspring noisy fitness: [64.0, 65.0, 66.0, 65.0, 66.0, 65.0, 65.0, 64.0, 65.0, 66.0, 64.0, 64.0, 66.0, 64.0, 64.0, 64.0, 64.0, 63.0, 65.0, 64.0, 66.0, 65.0, 64.0, 65.0, 65.0]

