l: 20
Fitness of mutation winner: 68.0
Crossover offspring real fitness: [65.0, 64.0, 64.0, 64.0, 64.0, 65.0, 65.0, 64.0, 63.0, 65.0, 65.0, 65.0, 65.0, 64.0, 64.0, 64.0, 66.0, 63.0, 64.0, 64.0, 64.0, 64.0, 64.0, 66.0, 64.0]
Crossover offspring noisy fitness: [65.0, 64.0, 64.0, 64.0, 64.0, 65.0, 65.0, 64.0, 63.0, 65.0, 65.0, 65.0, 65.0, 64.0, 65.0, 64.0, 66.0, 63.0, 64.0, 64.0, 64.0, 63.0, 64.0, 66.0, 64.0]

l: 24
Fitness of mutation winner: 70.0
Crossover offspring real fitness: [64.0, 64.0, 65.0, 66.0, 63.0, 64.0, 64.0, 63.0, 64.0, 63.0, 65.0, 66.0, 64.0, 65.0, 65.0, 64.0, 64.0, 64.0, 63.0, 64.0, 64.0, 66.0, 64.0, 64.0, 64.0]
Crossover offspring noisy fitness: [64.0, 64.0, 66.0, 66.0, 63.0, 64.0, 64.0, 63.0, 64.0, 63.0, 65.0, 66.0, 64.0, 65.0, 65.0, 64.0, 64.0, 64.0, 63.0, 64.0, 64.0, 66.0, 64.0, 64.0, 64.0]

l: 19
Fitness of mutation winner: 73.0
Crossover offspring real fitness: [64.0, 66.0, 65.0, 64.0, 64.0, 65.0, 65.0, 64.0, 65.0, 64.0, 65.0, 66.0, 62.0, 66.0, 64.0, 66.0, 63.0, 66.0, 64.0, 65.0, 64.0, 65.0, 64.0, 64.0, 64.0]
Crossover offspring noisy fitness: [64.0, 66.0, 65.0, 65.0, 64.0, 65.0, 65.0, 64.0, 65.0, 64.0, 65.0, 66.0, 62.0, 67.0, 64.0, 66.0, 62.0, 66.0, 64.0, 65.0, 64.0, 65.0, 64.0, 64.0, 64.0]

l: 29
Fitness of mutation winner: 75.0
Crossover offspring real fitness: [64.0, 64.0, 64.0, 64.0, 65.0, 64.0, 64.0, 65.0, 64.0, 65.0, 64.0, 64.0, 65.0, 62.0, 65.0, 64.0, 61.0, 64.0, 66.0, 65.0, 66.0, 64.0, 64.0, 65.0, 64.0]
Crossover offspring noisy fitness: [64.0, 64.0, 64.0, 64.0, 65.0, 64.0, 64.0, 65.0, 64.0, 65.0, 64.0, 63.0, 65.0, 62.0, 65.0, 64.0, 61.0, 64.0, 66.0, 65.0, 66.0, 64.0, 64.0, 65.0, 64.0]

