l: 28
Fitness of mutation winner: 70.0
Crossover offspring real fitness: [64.0, 66.0, 62.0, 64.0, 63.0, 66.0, 65.0, 64.0, 63.0, 62.0, 65.0, 65.0, 63.0, 65.0, 63.0, 65.0, 66.0, 64.0, 64.0, 64.0, 64.0, 65.0, 64.0, 66.0, 63.0]
Crossover offspring noisy fitness: [64.0, 66.0, 62.0, 64.0, 63.0, 66.0, 65.0, 64.0, 63.0, 63.0, 65.0, 65.0, 63.0, 65.0, 63.0, 65.0, 66.0, 64.0, 64.0, 64.0, 64.0, 65.0, 64.0, 66.0, 63.0]

l: 30
Fitness of mutation winner: 70.0
Crossover offspring real fitness: [64.0, 64.0, 65.0, 63.0, 63.0, 65.0, 66.0, 64.0, 65.0, 63.0, 64.0, 65.0, 63.0, 64.0, 65.0, 64.0, 64.0, 64.0, 64.0, 63.0, 64.0, 64.0, 64.0, 65.0, 63.0]
Crossover offspring noisy fitness: [64.0, 64.0, 65.0, 64.0, 63.0, 65.0, 66.0, 64.0, 65.0, 63.0, 64.0, 65.0, 63.0, 64.0, 65.0, 64.0, 64.0, 64.0, 64.0, 62.0, 64.0, 64.0, 65.0, 66.0, 63.0]

l: 25
Fitness of mutation winner: 73.0
Crossover offspring real fitness: [65.0, 66.0, 65.0, 63.0, 64.0, 64.0, 64.0, 62.0, 65.0, 66.0, 64.0, 64.0, 65.0, 65.0, 64.0, 65.0, 68.0, 65.0, 64.0, 64.0, 64.0, 65.0, 64.0, 65.0, 65.0]
Crossover offspring noisy fitness: [65.0, 66.0, 65.0, 63.0, 64.0, 65.0, 64.0, 62.0, 65.0, 66.0, 64.0, 64.0, 65.0, 65.0, 64.0, 65.0, 68.0, 65.0, 64.0, 64.0, 64.0, 65.0, 64.0, 65.0, 65.0]

l: 31
Fitness of mutation winner: 75.0
Crossover offspring real fitness: [64.0, 64.0, 64.0, 65.0, 63.0, 64.0, 64.0, 65.0, 65.0, 63.0, 63.0, 65.0, 65.0, 65.0, 65.0, 61.0, 65.0, 65.0, 65.0, 64.0, 62.0, 63.0, 65.0, 66.0, 64.0]
Crossover offspring noisy fitness: [64.0, 64.0, 65.0, 65.0, 63.0, 64.0, 64.0, 65.0, 65.0, 63.0, 63.0, 65.0, 65.0, 65.0, 64.0, 60.0, 65.0, 65.0, 65.0, 64.0, 62.0, 63.0, 65.0, 66.0, 64.0]

