l: 21
Fitness of mutation winner: 71.0
Crossover offspring real fitness: [66.0, 64.0, 64.0, 64.0, 66.0, 63.0, 64.0, 65.0, 65.0, 64.0, 64.0, 64.0, 64.0, 64.0, 63.0, 63.0, 64.0, 64.0, 63.0, 63.0, 64.0, 65.0, 64.0, 64.0, 64.0]
Crossover offspring noisy fitness: [67.0, 64.0, 64.0, 64.0, 66.0, 63.0, 64.0, 65.0, 65.0, 64.0, 64.0, 64.0, 64.0, 64.0, 63.0, 63.0, 64.0, 64.0, 63.0, 63.0, 64.0, 65.0, 64.0, 64.0, 64.0]

l: 20
Fitness of mutation winner: 68.0
Crossover offspring real fitness: [65.0, 64.0, 64.0, 64.0, 66.0, 62.0, 65.0, 64.0, 64.0, 65.0, 64.0, 64.0, 64.0, 65.0, 65.0, 63.0, 64.0, 64.0, 64.0, 64.0, 65.0, 64.0, 63.0, 66.0, 64.0]
Crossover offspring noisy fitness: [65.0, 64.0, 64.0, 64.0, 66.0, 62.0, 65.0, 64.0, 64.0, 65.0, 64.0, 64.0, 64.0, 65.0, 65.0, 63.0, 64.0, 64.0, 64.0, 64.0, 65.0, 64.0, 63.0, 65.0, 64.0]

l: 16
Fitness of mutation winner: 72.0
Crossover offspring real fitness: [64.0, 65.0, 64.0, 64.0, 63.0, 64.0, 64.0, 64.0, 64.0, 65.0, 63.0, 64.0, 65.0, 64.0, 64.0, 65.0, 64.0, 65.0, 64.0, 65.0, 64.0, 64.0, 65.0, 65.0, 64.0]
Crossover offspring noisy fitness: [64.0, 65.0, 64.0, 64.0, 63.0, 64.0, 64.0, 64.0, 64.0, 65.0, 63.0, 64.0, 65.0, 64.0, 65.0, 65.0, 64.0, 65.0, 65.0, 65.0, 64.0, 64.0, 65.0, 65.0, 64.0]

l: 31
Fitness of mutation winner: 75.0
Crossover offspring real fitness: [65.0, 65.0, 64.0, 64.0, 65.0, 66.0, 64.0, 64.0, 64.0, 64.0, 63.0, 63.0, 66.0, 64.0, 65.0, 64.0, 65.0, 65.0, 64.0, 64.0, 65.0, 67.0, 64.0, 65.0, 65.0]
Crossover offspring noisy fitness: [65.0, 65.0, 64.0, 64.0, 65.0, 66.0, 64.0, 64.0, 64.0, 64.0, 63.0, 63.0, 66.0, 64.0, 65.0, 64.0, 65.0, 65.0, 64.0, 64.0, 65.0, 67.0, 64.0, 65.0, 65.0]

