l: 21
Fitness of mutation winner: 73.0
Crossover offspring real fitness: [64.0, 65.0, 66.0, 65.0, 64.0, 66.0, 66.0, 64.0, 64.0, 64.0, 64.0, 65.0, 64.0, 65.0, 64.0, 67.0, 66.0, 65.0, 65.0, 62.0, 64.0, 65.0, 64.0, 64.0, 65.0]
Crossover offspring noisy fitness: [64.0, 65.0, 66.0, 65.0, 64.0, 66.0, 66.0, 64.0, 64.0, 64.0, 64.0, 65.0, 64.0, 65.0, 64.0, 67.0, 66.0, 65.0, 65.0, 62.0, 64.0, 65.0, 64.0, 63.0, 65.0]

l: 27
Fitness of mutation winner: 77.0
Crossover offspring real fitness: [64.0, 63.0, 65.0, 64.0, 64.0, 63.0, 64.0, 65.0, 64.0, 66.0, 62.0, 65.0, 63.0, 64.0, 64.0, 65.0, 63.0, 64.0, 65.0, 65.0, 64.0, 61.0, 63.0, 64.0, 64.0]
Crossover offspring noisy fitness: [64.0, 64.0, 65.0, 64.0, 64.0, 63.0, 64.0, 65.0, 64.0, 66.0, 62.0, 65.0, 63.0, 64.0, 64.0, 65.0, 63.0, 64.0, 65.0, 65.0, 64.0, 61.0, 62.0, 64.0, 64.0]

l: 30
Fitness of mutation winner: 72.0
Crossover offspring real fitness: [65.0, 64.0, 63.0, 65.0, 68.0, 64.0, 65.0, 65.0, 63.0, 65.0, 66.0, 64.0, 64.0, 63.0, 66.0, 63.0, 65.0, 64.0, 66.0, 64.0, 64.0, 63.0, 63.0, 64.0, 65.0]
Crossover offspring noisy fitness: [65.0, 64.0, 63.0, 65.0, 68.0, 64.0, 65.0, 65.0, 63.0, 65.0, 66.0, 64.0, 64.0, 63.0, 66.0, 63.0, 64.0, 64.0, 66.0, 64.0, 64.0, 63.0, 63.0, 64.0, 65.0]

l: 24
Fitness of mutation winner: 71.0
Crossover offspring real fitness: [65.0, 65.0, 64.0, 63.0, 65.0, 65.0, 63.0, 65.0, 65.0, 65.0, 65.0, 64.0, 64.0, 64.0, 66.0, 65.0, 64.0, 64.0, 63.0, 66.0, 64.0, 63.0, 61.0, 66.0, 64.0]
Crossover offspring noisy fitness: [65.0, 65.0, 64.0, 63.0, 65.0, 65.0, 63.0, 65.0, 65.0, 65.0, 65.0, 64.0, 64.0, 64.0, 66.0, 65.0, 64.0, 64.0, 63.0, 66.0, 64.0, 63.0, 61.0, 66.0, 64.0]

