l: 16
Fitness of mutation winner: 136.0
Crossover offspring real fitness: [127.0, 128.0, 132.0, 129.0, 127.0, 130.0, 129.0, 128.0, 128.0, 128.0, 127.0, 128.0, 128.0, 130.0, 130.0, 128.0]
Crossover offspring noisy fitness: [128.0, 128.0, 132.0, 129.0, 127.0, 130.0, 129.0, 128.0, 128.0, 129.0, 127.0, 128.0, 128.0, 130.0, 130.0, 128.0]

l: 13
Fitness of mutation winner: 133.0
Crossover offspring real fitness: [128.0, 128.0, 127.0, 128.0, 127.0, 126.0, 129.0, 128.0, 129.0, 128.0, 128.0, 129.0, 128.0, 129.0, 129.0, 128.0]
Crossover offspring noisy fitness: [128.0, 127.0, 127.0, 129.0, 127.0, 126.0, 129.0, 128.0, 129.0, 128.0, 128.0, 129.0, 128.0, 129.0, 129.0, 128.0]

l: 16
Fitness of mutation winner: 132.0
Crossover offspring real fitness: [128.0, 128.0, 126.0, 131.0, 128.0, 128.0, 128.0, 129.0, 127.0, 129.0, 128.0, 129.0, 129.0, 129.0, 129.0, 128.0]
Crossover offspring noisy fitness: [128.0, 128.0, 126.0, 131.0, 128.0, 128.0, 128.0, 129.0, 127.0, 129.0, 128.0, 129.0, 129.0, 129.0, 129.0, 128.0]

l: 15
Fitness of mutation winner: 129.0
Crossover offspring real fitness: [128.0, 128.0, 128.0, 127.0, 127.0, 128.0, 127.0, 128.0, 130.0, 128.0, 128.0, 127.0, 128.0, 129.0, 128.0, 128.0]
Crossover offspring noisy fitness: [128.0, 128.0, 128.0, 127.0, 127.0, 128.0, 127.0, 127.0, 130.0, 128.0, 128.0, 127.0, 128.0, 129.0, 128.0, 128.0]

