l: 37
Fitness of mutation winner: 139.0
Crossover offspring real fitness: [128.0, 129.0, 128.0, 128.0, 128.0, 130.0, 128.0, 128.0, 128.0, 127.0, 128.0, 127.0, 127.0, 128.0, 129.0, 128.0, 128.0, 127.0, 129.0, 129.0, 128.0, 127.0, 128.0, 129.0, 129.0, 127.0, 128.0, 128.0, 128.0, 129.0, 129.0, 128.0, 128.0, 128.0, 129.0, 128.0, 129.0, 129.0, 128.0, 127.0]
Crossover offspring noisy fitness: [128.0, 129.0, 128.0, 128.0, 128.0, 131.0, 128.0, 128.0, 128.0, 127.0, 128.0, 127.0, 127.0, 128.0, 129.0, 128.0, 128.0, 127.0, 129.0, 129.0, 128.0, 127.0, 128.0, 129.0, 129.0, 127.0, 128.0, 128.0, 128.0, 129.0, 129.0, 128.0, 128.0, 128.0, 129.0, 128.0, 129.0, 129.0, 128.0, 127.0]

l: 33
Fitness of mutation winner: 139.0
Crossover offspring real fitness: [128.0, 129.0, 127.0, 127.0, 129.0, 128.0, 129.0, 129.0, 129.0, 127.0, 128.0, 129.0, 127.0, 129.0, 129.0, 127.0, 129.0, 127.0, 129.0, 129.0, 130.0, 128.0, 128.0, 128.0, 128.0, 129.0, 130.0, 128.0, 129.0, 130.0, 128.0, 126.0, 129.0, 128.0, 128.0, 129.0, 128.0, 129.0, 127.0, 129.0]
Crossover offspring noisy fitness: [128.0, 129.0, 127.0, 127.0, 130.0, 128.0, 129.0, 129.0, 129.0, 127.0, 128.0, 129.0, 127.0, 129.0, 129.0, 127.0, 129.0, 126.0, 129.0, 129.0, 130.0, 128.0, 128.0, 128.0, 128.0, 129.0, 130.0, 128.0, 129.0, 130.0, 128.0, 126.0, 129.0, 128.0, 128.0, 129.0, 128.0, 129.0, 127.0, 129.0]

l: 45
Fitness of mutation winner: 145.0
Crossover offspring real fitness: [130.0, 129.0, 127.0, 128.0, 129.0, 127.0, 129.0, 131.0, 128.0, 128.0, 130.0, 128.0, 128.0, 128.0, 129.0, 128.0, 130.0, 128.0, 129.0, 129.0, 129.0, 129.0, 129.0, 128.0, 127.0, 128.0, 130.0, 128.0, 128.0, 128.0, 129.0, 129.0, 128.0, 128.0, 128.0, 128.0, 128.0, 129.0, 129.0, 131.0]
Crossover offspring noisy fitness: [130.0, 129.0, 127.0, 128.0, 129.0, 127.0, 129.0, 131.0, 128.0, 128.0, 130.0, 128.0, 128.0, 128.0, 129.0, 128.0, 130.0, 128.0, 129.0, 129.0, 129.0, 129.0, 129.0, 128.0, 127.0, 128.0, 130.0, 128.0, 128.0, 129.0, 128.0, 129.0, 128.0, 128.0, 128.0, 128.0, 128.0, 129.0, 129.0, 131.0]

l: 41
Fitness of mutation winner: 143.0
Crossover offspring real fitness: [126.0, 129.0, 128.0, 127.0, 129.0, 128.0, 129.0, 128.0, 130.0, 128.0, 128.0, 128.0, 126.0, 129.0, 128.0, 128.0, 128.0, 128.0, 128.0, 128.0, 130.0, 128.0, 128.0, 128.0, 128.0, 128.0, 129.0, 128.0, 128.0, 128.0, 129.0, 129.0, 128.0, 128.0, 129.0, 127.0, 129.0, 128.0, 131.0, 130.0]
Crossover offspring noisy fitness: [126.0, 129.0, 128.0, 127.0, 129.0, 128.0, 128.0, 128.0, 130.0, 128.0, 128.0, 129.0, 126.0, 129.0, 128.0, 128.0, 128.0, 128.0, 128.0, 128.0, 130.0, 128.0, 128.0, 128.0, 128.0, 128.0, 129.0, 129.0, 128.0, 129.0, 129.0, 129.0, 128.0, 128.0, 129.0, 127.0, 129.0, 129.0, 131.0, 130.0]

