l: 18
Fitness of mutation winner: 134.0
Crossover offspring real fitness: [129.0, 129.0, 129.0, 128.0, 128.0, 127.0, 130.0, 126.0, 127.0, 128.0, 127.0, 128.0, 128.0, 129.0, 128.0, 130.0]
Crossover offspring noisy fitness: [129.0, 129.0, 129.0, 128.0, 128.0, 127.0, 130.0, 126.0, 127.0, 128.0, 127.0, 128.0, 128.0, 129.0, 128.0, 130.0]

l: 16
Fitness of mutation winner: 136.0
Crossover offspring real fitness: [128.0, 129.0, 128.0, 128.0, 128.0, 128.0, 129.0, 128.0, 128.0, 130.0, 130.0, 130.0, 130.0, 129.0, 129.0, 129.0]
Crossover offspring noisy fitness: [128.0, 129.0, 128.0, 128.0, 128.0, 128.0, 129.0, 128.0, 128.0, 130.0, 130.0, 130.0, 130.0, 129.0, 129.0, 129.0]

l: 20
Fitness of mutation winner: 136.0
Crossover offspring real fitness: [128.0, 129.0, 128.0, 128.0, 129.0, 128.0, 130.0, 130.0, 129.0, 129.0, 128.0, 127.0, 128.0, 128.0, 129.0, 128.0]
Crossover offspring noisy fitness: [128.0, 129.0, 128.0, 128.0, 129.0, 128.0, 130.0, 130.0, 129.0, 129.0, 128.0, 126.0, 128.0, 128.0, 129.0, 128.0]

l: 20
Fitness of mutation winner: 134.0
Crossover offspring real fitness: [130.0, 129.0, 127.0, 128.0, 129.0, 128.0, 127.0, 125.0, 128.0, 130.0, 128.0, 129.0, 128.0, 128.0, 130.0, 129.0]
Crossover offspring noisy fitness: [130.0, 130.0, 127.0, 128.0, 129.0, 128.0, 127.0, 125.0, 128.0, 130.0, 128.0, 129.0, 128.0, 128.0, 130.0, 129.0]

