l: 51
Fitness of mutation winner: 145.0
Crossover offspring real fitness: [129.0, 129.0, 129.0, 128.0, 129.0, 129.0, 129.0, 125.0, 128.0, 128.0, 127.0, 129.0, 128.0, 129.0, 128.0, 128.0, 131.0, 128.0, 130.0, 129.0, 126.0, 129.0, 130.0, 129.0, 128.0, 128.0, 128.0, 127.0, 128.0, 129.0, 126.0, 127.0, 130.0, 128.0, 130.0, 130.0, 130.0, 130.0, 129.0, 128.0]
Crossover offspring noisy fitness: [129.0, 129.0, 129.0, 128.0, 129.0, 129.0, 129.0, 125.0, 128.0, 128.0, 127.0, 129.0, 128.0, 129.0, 128.0, 128.0, 131.0, 128.0, 130.0, 129.0, 126.0, 129.0, 130.0, 129.0, 128.0, 128.0, 128.0, 127.0, 128.0, 129.0, 126.0, 127.0, 130.0, 128.0, 130.0, 130.0, 131.0, 130.0, 129.0, 128.0]

l: 36
Fitness of mutation winner: 142.0
Crossover offspring real fitness: [128.0, 130.0, 129.0, 128.0, 128.0, 127.0, 128.0, 129.0, 128.0, 127.0, 128.0, 128.0, 129.0, 129.0, 128.0, 130.0, 129.0, 129.0, 129.0, 128.0, 129.0, 127.0, 129.0, 130.0, 127.0, 130.0, 129.0, 129.0, 129.0, 129.0, 129.0, 127.0, 129.0, 129.0, 130.0, 128.0, 128.0, 129.0, 128.0, 129.0]
Crossover offspring noisy fitness: [128.0, 130.0, 129.0, 128.0, 128.0, 127.0, 128.0, 129.0, 128.0, 127.0, 128.0, 128.0, 129.0, 129.0, 128.0, 129.0, 129.0, 129.0, 129.0, 128.0, 129.0, 127.0, 129.0, 131.0, 127.0, 130.0, 129.0, 129.0, 129.0, 129.0, 129.0, 127.0, 129.0, 129.0, 130.0, 128.0, 128.0, 129.0, 128.0, 129.0]

l: 40
Fitness of mutation winner: 136.0
Crossover offspring real fitness: [127.0, 127.0, 129.0, 127.0, 126.0, 128.0, 129.0, 128.0, 128.0, 127.0, 128.0, 128.0, 128.0, 128.0, 130.0, 128.0, 125.0, 127.0, 128.0, 127.0, 128.0, 129.0, 127.0, 128.0, 129.0, 128.0, 128.0, 129.0, 130.0, 129.0, 129.0, 127.0, 127.0, 129.0, 128.0, 128.0, 130.0, 128.0, 128.0, 128.0]
Crossover offspring noisy fitness: [127.0, 127.0, 129.0, 127.0, 126.0, 128.0, 129.0, 128.0, 128.0, 127.0, 128.0, 128.0, 128.0, 128.0, 130.0, 128.0, 125.0, 127.0, 128.0, 127.0, 128.0, 129.0, 127.0, 128.0, 129.0, 128.0, 128.0, 129.0, 130.0, 129.0, 129.0, 127.0, 127.0, 129.0, 128.0, 128.0, 130.0, 128.0, 129.0, 128.0]

l: 47
Fitness of mutation winner: 143.0
Crossover offspring real fitness: [127.0, 130.0, 128.0, 129.0, 128.0, 128.0, 129.0, 130.0, 128.0, 129.0, 128.0, 128.0, 129.0, 129.0, 129.0, 131.0, 130.0, 128.0, 130.0, 128.0, 128.0, 129.0, 128.0, 129.0, 128.0, 127.0, 128.0, 129.0, 129.0, 127.0, 127.0, 126.0, 130.0, 129.0, 128.0, 130.0, 128.0, 128.0, 131.0, 127.0]
Crossover offspring noisy fitness: [127.0, 130.0, 128.0, 129.0, 128.0, 127.0, 129.0, 131.0, 128.0, 129.0, 128.0, 128.0, 129.0, 129.0, 130.0, 131.0, 130.0, 128.0, 130.0, 128.0, 128.0, 129.0, 128.0, 129.0, 128.0, 127.0, 128.0, 129.0, 129.0, 127.0, 127.0, 126.0, 130.0, 129.0, 128.0, 130.0, 128.0, 128.0, 131.0, 127.0]

