l: 17
Fitness of mutation winner: 135.0
Crossover offspring real fitness: [131.0, 127.0, 129.0, 128.0, 126.0, 128.0, 128.0, 128.0, 128.0, 128.0, 128.0, 129.0, 129.0, 128.0, 128.0, 129.0]
Crossover offspring noisy fitness: [131.0, 127.0, 131.0, 128.0, 126.0, 128.0, 128.0, 128.0, 128.0, 128.0, 128.0, 129.0, 129.0, 128.0, 128.0, 129.0]

l: 23
Fitness of mutation winner: 135.0
Crossover offspring real fitness: [126.0, 130.0, 130.0, 128.0, 127.0, 131.0, 127.0, 129.0, 129.0, 130.0, 127.0, 129.0, 129.0, 128.0, 128.0, 129.0]
Crossover offspring noisy fitness: [126.0, 130.0, 130.0, 128.0, 127.0, 131.0, 127.0, 129.0, 129.0, 130.0, 127.0, 129.0, 129.0, 128.0, 128.0, 129.0]

l: 25
Fitness of mutation winner: 135.0
Crossover offspring real fitness: [127.0, 128.0, 128.0, 129.0, 129.0, 130.0, 129.0, 128.0, 127.0, 129.0, 128.0, 129.0, 128.0, 129.0, 128.0, 129.0]
Crossover offspring noisy fitness: [127.0, 128.0, 127.0, 129.0, 129.0, 130.0, 129.0, 128.0, 127.0, 129.0, 128.0, 129.0, 128.0, 129.0, 128.0, 129.0]

l: 20
Fitness of mutation winner: 131.0
Crossover offspring real fitness: [126.0, 129.0, 128.0, 128.0, 127.0, 127.0, 128.0, 128.0, 127.0, 128.0, 129.0, 129.0, 129.0, 128.0, 128.0, 128.0]
Crossover offspring noisy fitness: [126.0, 129.0, 128.0, 128.0, 127.0, 127.0, 128.0, 128.0, 126.0, 128.0, 129.0, 129.0, 129.0, 128.0, 128.0, 128.0]

