l: 36
Fitness of mutation winner: 140.0
Crossover offspring real fitness: [128.0, 128.0, 127.0, 128.0, 127.0, 128.0, 128.0, 128.0, 128.0, 128.0, 128.0, 128.0, 129.0, 128.0, 126.0, 130.0, 128.0, 129.0, 128.0, 128.0, 128.0, 128.0, 128.0, 129.0, 129.0, 128.0, 129.0, 128.0, 130.0, 127.0, 129.0, 129.0, 129.0, 128.0, 127.0, 128.0, 128.0, 128.0, 128.0, 128.0]
Crossover offspring noisy fitness: [128.0, 128.0, 127.0, 128.0, 127.0, 128.0, 128.0, 128.0, 129.0, 128.0, 128.0, 128.0, 129.0, 128.0, 126.0, 131.0, 128.0, 129.0, 128.0, 128.0, 128.0, 128.0, 128.0, 129.0, 129.0, 128.0, 129.0, 128.0, 130.0, 127.0, 129.0, 129.0, 129.0, 128.0, 127.0, 128.0, 128.0, 128.0, 128.0, 128.0]

l: 31
Fitness of mutation winner: 139.0
Crossover offspring real fitness: [128.0, 128.0, 128.0, 127.0, 128.0, 128.0, 129.0, 130.0, 127.0, 128.0, 128.0, 127.0, 129.0, 128.0, 128.0, 128.0, 127.0, 128.0, 127.0, 128.0, 129.0, 128.0, 129.0, 128.0, 129.0, 128.0, 127.0, 128.0, 128.0, 127.0, 129.0, 128.0, 129.0, 130.0, 127.0, 127.0, 128.0, 128.0, 128.0, 128.0]
Crossover offspring noisy fitness: [128.0, 128.0, 128.0, 127.0, 128.0, 128.0, 129.0, 130.0, 127.0, 128.0, 128.0, 127.0, 129.0, 128.0, 128.0, 128.0, 127.0, 128.0, 127.0, 128.0, 129.0, 128.0, 129.0, 128.0, 128.0, 128.0, 127.0, 128.0, 128.0, 127.0, 129.0, 128.0, 129.0, 130.0, 127.0, 127.0, 127.0, 127.0, 128.0, 128.0]

l: 44
Fitness of mutation winner: 136.0
Crossover offspring real fitness: [129.0, 128.0, 128.0, 129.0, 129.0, 129.0, 128.0, 128.0, 126.0, 129.0, 129.0, 128.0, 128.0, 127.0, 128.0, 130.0, 127.0, 130.0, 128.0, 128.0, 130.0, 129.0, 130.0, 129.0, 129.0, 127.0, 129.0, 130.0, 130.0, 129.0, 127.0, 128.0, 128.0, 128.0, 127.0, 128.0, 130.0, 130.0, 128.0, 128.0]
Crossover offspring noisy fitness: [129.0, 128.0, 128.0, 129.0, 129.0, 129.0, 128.0, 128.0, 126.0, 129.0, 129.0, 128.0, 128.0, 127.0, 128.0, 130.0, 127.0, 130.0, 128.0, 128.0, 130.0, 129.0, 130.0, 129.0, 129.0, 127.0, 130.0, 130.0, 130.0, 129.0, 127.0, 128.0, 128.0, 128.0, 127.0, 128.0, 130.0, 131.0, 128.0, 128.0]

l: 33
Fitness of mutation winner: 139.0
Crossover offspring real fitness: [128.0, 128.0, 127.0, 127.0, 130.0, 130.0, 128.0, 128.0, 128.0, 128.0, 130.0, 127.0, 128.0, 130.0, 128.0, 129.0, 130.0, 128.0, 129.0, 129.0, 127.0, 128.0, 129.0, 129.0, 128.0, 129.0, 128.0, 128.0, 126.0, 129.0, 128.0, 127.0, 129.0, 129.0, 129.0, 128.0, 129.0, 128.0, 128.0, 128.0]
Crossover offspring noisy fitness: [128.0, 128.0, 128.0, 127.0, 130.0, 130.0, 127.0, 128.0, 128.0, 128.0, 130.0, 127.0, 128.0, 130.0, 128.0, 128.0, 130.0, 128.0, 129.0, 129.0, 127.0, 128.0, 129.0, 129.0, 128.0, 129.0, 129.0, 127.0, 126.0, 129.0, 128.0, 127.0, 129.0, 129.0, 129.0, 128.0, 129.0, 128.0, 128.0, 128.0]

