l: 50
Fitness of mutation winner: 140.0
Crossover offspring real fitness: [128.0, 128.0, 128.0, 128.0, 128.0, 129.0, 128.0, 128.0, 129.0, 127.0, 131.0, 128.0, 129.0, 128.0, 130.0, 129.0, 128.0, 128.0, 129.0, 129.0, 127.0, 129.0, 127.0, 131.0, 128.0, 128.0, 128.0, 127.0, 128.0, 130.0, 128.0, 129.0, 126.0, 129.0, 129.0, 128.0, 124.0, 129.0, 128.0, 128.0]
Crossover offspring noisy fitness: [128.0, 128.0, 128.0, 128.0, 128.0, 129.0, 128.0, 128.0, 129.0, 127.0, 131.0, 128.0, 129.0, 128.0, 130.0, 129.0, 128.0, 128.0, 129.0, 128.0, 127.0, 129.0, 127.0, 132.0, 128.0, 128.0, 127.0, 127.0, 128.0, 130.0, 128.0, 129.0, 126.0, 129.0, 129.0, 129.0, 124.0, 129.0, 128.0, 128.0]

l: 40
Fitness of mutation winner: 138.0
Crossover offspring real fitness: [130.0, 128.0, 128.0, 128.0, 130.0, 128.0, 128.0, 128.0, 129.0, 128.0, 128.0, 129.0, 128.0, 130.0, 128.0, 127.0, 128.0, 128.0, 127.0, 128.0, 128.0, 129.0, 131.0, 129.0, 127.0, 128.0, 131.0, 131.0, 129.0, 128.0, 127.0, 128.0, 128.0, 128.0, 129.0, 130.0, 129.0, 127.0, 127.0, 126.0]
Crossover offspring noisy fitness: [130.0, 128.0, 128.0, 128.0, 130.0, 128.0, 128.0, 128.0, 129.0, 127.0, 128.0, 129.0, 128.0, 130.0, 128.0, 128.0, 129.0, 128.0, 127.0, 128.0, 128.0, 129.0, 131.0, 129.0, 127.0, 128.0, 131.0, 131.0, 129.0, 128.0, 127.0, 128.0, 128.0, 128.0, 129.0, 130.0, 129.0, 127.0, 127.0, 126.0]

l: 34
Fitness of mutation winner: 140.0
Crossover offspring real fitness: [129.0, 128.0, 128.0, 127.0, 128.0, 128.0, 129.0, 128.0, 129.0, 129.0, 128.0, 128.0, 129.0, 129.0, 128.0, 127.0, 127.0, 128.0, 127.0, 125.0, 129.0, 127.0, 128.0, 128.0, 128.0, 128.0, 128.0, 129.0, 127.0, 130.0, 128.0, 129.0, 129.0, 129.0, 129.0, 129.0, 128.0, 128.0, 128.0, 129.0]
Crossover offspring noisy fitness: [129.0, 128.0, 128.0, 127.0, 128.0, 128.0, 129.0, 128.0, 129.0, 129.0, 128.0, 128.0, 128.0, 130.0, 128.0, 127.0, 127.0, 128.0, 127.0, 125.0, 129.0, 127.0, 128.0, 128.0, 128.0, 128.0, 128.0, 129.0, 127.0, 130.0, 129.0, 129.0, 129.0, 129.0, 129.0, 129.0, 128.0, 128.0, 128.0, 129.0]

l: 35
Fitness of mutation winner: 141.0
Crossover offspring real fitness: [130.0, 128.0, 129.0, 130.0, 128.0, 128.0, 128.0, 128.0, 128.0, 128.0, 129.0, 129.0, 128.0, 128.0, 129.0, 130.0, 130.0, 129.0, 127.0, 129.0, 128.0, 127.0, 127.0, 129.0, 129.0, 128.0, 127.0, 130.0, 127.0, 128.0, 128.0, 129.0, 128.0, 128.0, 129.0, 128.0, 129.0, 128.0, 129.0, 128.0]
Crossover offspring noisy fitness: [130.0, 128.0, 129.0, 130.0, 128.0, 128.0, 128.0, 128.0, 128.0, 128.0, 130.0, 129.0, 128.0, 128.0, 129.0, 130.0, 130.0, 129.0, 127.0, 129.0, 128.0, 127.0, 127.0, 129.0, 129.0, 128.0, 127.0, 130.0, 126.0, 128.0, 128.0, 129.0, 128.0, 128.0, 130.0, 128.0, 129.0, 128.0, 129.0, 128.0]

