l: 37
Fitness of mutation winner: 141.0
Crossover offspring real fitness: [130.0, 129.0, 128.0, 128.0, 127.0, 128.0, 128.0, 128.0, 130.0, 128.0, 128.0, 129.0, 129.0, 128.0, 130.0, 129.0, 129.0, 128.0, 128.0, 130.0, 128.0, 127.0, 127.0, 128.0, 128.0, 129.0, 127.0, 128.0, 129.0, 129.0, 128.0, 127.0, 129.0, 125.0, 129.0, 128.0, 128.0, 129.0, 129.0, 131.0]
Crossover offspring noisy fitness: [130.0, 129.0, 128.0, 128.0, 127.0, 128.0, 128.0, 128.0, 130.0, 128.0, 128.0, 129.0, 129.0, 128.0, 130.0, 129.0, 129.0, 128.0, 128.0, 130.0, 128.0, 127.0, 127.0, 128.0, 128.0, 129.0, 127.0, 128.0, 129.0, 129.0, 128.0, 127.0, 129.0, 125.0, 129.0, 128.0, 128.0, 129.0, 129.0, 131.0]

l: 45
Fitness of mutation winner: 139.0
Crossover offspring real fitness: [130.0, 129.0, 128.0, 129.0, 129.0, 129.0, 129.0, 129.0, 129.0, 129.0, 130.0, 129.0, 129.0, 129.0, 127.0, 128.0, 128.0, 129.0, 129.0, 127.0, 128.0, 127.0, 127.0, 128.0, 129.0, 128.0, 128.0, 128.0, 129.0, 127.0, 128.0, 128.0, 129.0, 128.0, 127.0, 128.0, 126.0, 128.0, 130.0, 127.0]
Crossover offspring noisy fitness: [130.0, 129.0, 128.0, 129.0, 129.0, 129.0, 129.0, 128.0, 129.0, 129.0, 130.0, 129.0, 129.0, 129.0, 127.0, 128.0, 128.0, 129.0, 129.0, 127.0, 128.0, 127.0, 127.0, 128.0, 129.0, 128.0, 128.0, 128.0, 129.0, 127.0, 128.0, 128.0, 129.0, 128.0, 127.0, 128.0, 126.0, 128.0, 130.0, 127.0]

l: 31
Fitness of mutation winner: 139.0
Crossover offspring real fitness: [128.0, 128.0, 128.0, 129.0, 129.0, 129.0, 128.0, 129.0, 128.0, 129.0, 130.0, 128.0, 129.0, 129.0, 129.0, 129.0, 127.0, 128.0, 126.0, 129.0, 127.0, 129.0, 127.0, 129.0, 128.0, 129.0, 129.0, 127.0, 128.0, 127.0, 128.0, 128.0, 129.0, 128.0, 129.0, 126.0, 128.0, 127.0, 128.0, 130.0]
Crossover offspring noisy fitness: [128.0, 128.0, 128.0, 130.0, 128.0, 129.0, 128.0, 129.0, 127.0, 129.0, 130.0, 128.0, 129.0, 131.0, 129.0, 129.0, 127.0, 128.0, 126.0, 129.0, 127.0, 129.0, 127.0, 128.0, 127.0, 129.0, 129.0, 127.0, 128.0, 127.0, 127.0, 128.0, 129.0, 128.0, 129.0, 126.0, 128.0, 127.0, 128.0, 130.0]

l: 44
Fitness of mutation winner: 138.0
Crossover offspring real fitness: [127.0, 129.0, 128.0, 129.0, 129.0, 127.0, 129.0, 130.0, 129.0, 128.0, 128.0, 127.0, 128.0, 129.0, 127.0, 129.0, 128.0, 130.0, 128.0, 130.0, 128.0, 129.0, 128.0, 128.0, 128.0, 127.0, 129.0, 130.0, 130.0, 129.0, 128.0, 128.0, 128.0, 127.0, 127.0, 131.0, 128.0, 128.0, 128.0, 127.0]
Crossover offspring noisy fitness: [127.0, 129.0, 128.0, 129.0, 129.0, 127.0, 129.0, 130.0, 129.0, 128.0, 128.0, 127.0, 128.0, 129.0, 127.0, 129.0, 128.0, 130.0, 128.0, 130.0, 128.0, 129.0, 128.0, 128.0, 127.0, 127.0, 129.0, 130.0, 130.0, 129.0, 128.0, 128.0, 128.0, 127.0, 127.0, 131.0, 128.0, 128.0, 128.0, 127.0]

