l: 13
Fitness of mutation winner: 133.0
Crossover offspring real fitness: [128.0, 129.0, 128.0, 127.0, 130.0, 129.0, 129.0, 128.0, 130.0, 127.0, 128.0, 129.0, 129.0, 129.0, 128.0, 127.0]
Crossover offspring noisy fitness: [128.0, 129.0, 128.0, 127.0, 130.0, 129.0, 129.0, 128.0, 130.0, 127.0, 128.0, 129.0, 129.0, 129.0, 128.0, 127.0]

l: 15
Fitness of mutation winner: 138.0
Crossover offspring real fitness: [128.0, 129.0, 128.0, 128.0, 128.0, 129.0, 129.0, 130.0, 128.0, 128.0, 128.0, 129.0, 129.0, 130.0, 129.0, 130.0]
Crossover offspring noisy fitness: [128.0, 129.0, 128.0, 128.0, 128.0, 129.0, 129.0, 130.0, 128.0, 128.0, 128.0, 129.0, 129.0, 130.0, 129.0, 130.0]

l: 21
Fitness of mutation winner: 139.0
Crossover offspring real fitness: [130.0, 131.0, 128.0, 129.0, 129.0, 129.0, 129.0, 130.0, 128.0, 128.0, 129.0, 128.0, 128.0, 128.0, 128.0, 128.0]
Crossover offspring noisy fitness: [130.0, 131.0, 128.0, 129.0, 129.0, 129.0, 129.0, 130.0, 128.0, 128.0, 129.0, 128.0, 128.0, 128.0, 128.0, 128.0]

l: 22
Fitness of mutation winner: 132.0
Crossover offspring real fitness: [130.0, 126.0, 129.0, 128.0, 127.0, 128.0, 127.0, 128.0, 129.0, 130.0, 129.0, 126.0, 130.0, 128.0, 128.0, 128.0]
Crossover offspring noisy fitness: [130.0, 126.0, 129.0, 128.0, 127.0, 128.0, 127.0, 128.0, 129.0, 130.0, 129.0, 126.0, 130.0, 128.0, 128.0, 128.0]

