l: 41
Fitness of mutation winner: 143.0
Crossover offspring real fitness: [129.0, 127.0, 129.0, 130.0, 127.0, 128.0, 130.0, 127.0, 129.0, 128.0, 129.0, 130.0, 129.0, 127.0, 128.0, 129.0, 129.0, 128.0, 130.0, 128.0, 129.0, 128.0, 128.0, 128.0, 128.0, 128.0, 127.0, 128.0, 129.0, 128.0, 129.0, 127.0, 130.0, 129.0, 129.0, 129.0, 127.0, 128.0, 128.0, 128.0]
Crossover offspring noisy fitness: [129.0, 127.0, 129.0, 130.0, 127.0, 128.0, 130.0, 127.0, 129.0, 128.0, 129.0, 130.0, 129.0, 127.0, 128.0, 129.0, 129.0, 128.0, 130.0, 128.0, 129.0, 128.0, 128.0, 128.0, 128.0, 128.0, 127.0, 128.0, 129.0, 129.0, 129.0, 127.0, 130.0, 129.0, 129.0, 129.0, 127.0, 128.0, 128.0, 128.0]

l: 26
Fitness of mutation winner: 138.0
Crossover offspring real fitness: [129.0, 128.0, 127.0, 128.0, 129.0, 128.0, 128.0, 128.0, 128.0, 128.0, 130.0, 127.0, 127.0, 127.0, 129.0, 129.0, 128.0, 128.0, 127.0, 127.0, 129.0, 126.0, 128.0, 128.0, 129.0, 128.0, 128.0, 128.0, 128.0, 127.0, 128.0, 129.0, 128.0, 128.0, 128.0, 129.0, 128.0, 128.0, 128.0, 127.0]
Crossover offspring noisy fitness: [129.0, 128.0, 127.0, 128.0, 130.0, 129.0, 128.0, 128.0, 128.0, 128.0, 130.0, 127.0, 127.0, 127.0, 129.0, 129.0, 128.0, 128.0, 127.0, 127.0, 129.0, 126.0, 128.0, 128.0, 130.0, 128.0, 128.0, 128.0, 128.0, 127.0, 128.0, 129.0, 128.0, 128.0, 129.0, 129.0, 128.0, 128.0, 128.0, 127.0]

l: 36
Fitness of mutation winner: 140.0
Crossover offspring real fitness: [129.0, 128.0, 127.0, 129.0, 127.0, 128.0, 128.0, 129.0, 128.0, 127.0, 128.0, 128.0, 129.0, 128.0, 129.0, 129.0, 129.0, 128.0, 129.0, 128.0, 128.0, 130.0, 129.0, 128.0, 128.0, 132.0, 130.0, 126.0, 127.0, 128.0, 128.0, 128.0, 127.0, 128.0, 128.0, 129.0, 130.0, 128.0, 128.0, 130.0]
Crossover offspring noisy fitness: [129.0, 128.0, 127.0, 129.0, 127.0, 128.0, 128.0, 129.0, 129.0, 127.0, 128.0, 128.0, 129.0, 128.0, 129.0, 129.0, 129.0, 128.0, 129.0, 129.0, 128.0, 130.0, 129.0, 128.0, 128.0, 131.0, 130.0, 126.0, 127.0, 128.0, 128.0, 128.0, 127.0, 128.0, 128.0, 129.0, 129.0, 128.0, 128.0, 130.0]

l: 42
Fitness of mutation winner: 142.0
Crossover offspring real fitness: [130.0, 128.0, 127.0, 129.0, 129.0, 127.0, 129.0, 129.0, 128.0, 129.0, 127.0, 128.0, 129.0, 131.0, 128.0, 127.0, 129.0, 128.0, 128.0, 128.0, 128.0, 129.0, 128.0, 128.0, 131.0, 130.0, 128.0, 128.0, 128.0, 129.0, 129.0, 127.0, 130.0, 128.0, 128.0, 130.0, 127.0, 127.0, 129.0, 129.0]
Crossover offspring noisy fitness: [130.0, 128.0, 127.0, 130.0, 129.0, 127.0, 129.0, 129.0, 128.0, 129.0, 127.0, 128.0, 129.0, 131.0, 128.0, 127.0, 129.0, 128.0, 128.0, 128.0, 128.0, 129.0, 128.0, 128.0, 131.0, 130.0, 128.0, 128.0, 128.0, 129.0, 129.0, 127.0, 130.0, 128.0, 128.0, 130.0, 127.0, 127.0, 129.0, 129.0]

