l: 18
Fitness of mutation winner: 270.0
Crossover offspring real fitness: [257.0, 257.0, 257.0, 256.0, 256.0, 258.0, 257.0, 258.0, 257.0, 257.0, 257.0, 256.0, 258.0, 256.0, 257.0, 256.0, 256.0, 257.0, 257.0, 257.0, 255.0, 257.0]
Crossover offspring noisy fitness: [257.0, 257.0, 257.0, 256.0, 256.0, 258.0, 257.0, 258.0, 257.0, 257.0, 257.0, 256.0, 258.0, 256.0, 257.0, 256.0, 256.0, 257.0, 258.0, 257.0, 255.0, 257.0]

l: 21
Fitness of mutation winner: 265.0
Crossover offspring real fitness: [256.0, 258.0, 256.0, 256.0, 257.0, 257.0, 256.0, 256.0, 257.0, 257.0, 257.0, 257.0, 256.0, 255.0, 257.0, 256.0, 256.0, 257.0, 256.0, 258.0, 259.0, 256.0]
Crossover offspring noisy fitness: [256.0, 258.0, 256.0, 256.0, 257.0, 258.0, 256.0, 256.0, 257.0, 257.0, 257.0, 257.0, 256.0, 255.0, 257.0, 256.0, 256.0, 257.0, 256.0, 258.0, 258.0, 256.0]

l: 27
Fitness of mutation winner: 263.0
Crossover offspring real fitness: [256.0, 257.0, 255.0, 256.0, 257.0, 257.0, 256.0, 256.0, 257.0, 257.0, 259.0, 256.0, 256.0, 255.0, 255.0, 256.0, 255.0, 261.0, 257.0, 257.0, 256.0, 255.0]
Crossover offspring noisy fitness: [256.0, 256.0, 255.0, 256.0, 257.0, 256.0, 256.0, 256.0, 257.0, 257.0, 259.0, 256.0, 256.0, 255.0, 255.0, 256.0, 255.0, 261.0, 257.0, 257.0, 256.0, 255.0]

l: 18
Fitness of mutation winner: 264.0
Crossover offspring real fitness: [256.0, 257.0, 255.0, 256.0, 257.0, 257.0, 256.0, 256.0, 258.0, 258.0, 256.0, 257.0, 256.0, 259.0, 257.0, 254.0, 257.0, 256.0, 255.0, 256.0, 256.0, 257.0]
Crossover offspring noisy fitness: [256.0, 257.0, 255.0, 256.0, 257.0, 257.0, 256.0, 256.0, 258.0, 258.0, 256.0, 257.0, 256.0, 259.0, 257.0, 254.0, 259.0, 256.0, 255.0, 256.0, 256.0, 257.0]

