l: 68
Fitness of mutation winner: 270.0
Crossover offspring real fitness: [255.0, 256.0, 256.0, 256.0, 255.0, 259.0, 256.0, 255.0, 257.0, 257.0, 255.0, 256.0, 257.0, 255.0, 256.0, 257.0, 256.0, 255.0, 257.0, 256.0, 257.0, 256.0, 256.0, 257.0, 255.0, 257.0, 257.0, 258.0, 255.0, 258.0, 255.0, 257.0, 257.0, 258.0, 259.0, 256.0, 257.0, 255.0, 257.0, 255.0, 255.0, 256.0, 258.0, 256.0, 257.0, 256.0, 255.0, 258.0, 257.0, 257.0, 257.0, 257.0, 257.0, 256.0, 257.0, 256.0, 256.0, 256.0, 255.0, 255.0, 257.0, 258.0, 257.0]
Crossover offspring noisy fitness: [255.0, 256.0, 256.0, 257.0, 255.0, 259.0, 256.0, 255.0, 257.0, 257.0, 255.0, 256.0, 257.0, 255.0, 256.0, 257.0, 256.0, 255.0, 257.0, 256.0, 257.0, 256.0, 256.0, 257.0, 256.0, 257.0, 257.0, 258.0, 255.0, 258.0, 255.0, 257.0, 256.0, 258.0, 259.0, 256.0, 256.0, 255.0, 257.0, 255.0, 255.0, 256.0, 257.0, 256.0, 257.0, 256.0, 255.0, 258.0, 257.0, 257.0, 257.0, 257.0, 257.0, 256.0, 257.0, 256.0, 256.0, 256.0, 255.0, 255.0, 257.0, 259.0, 257.0]

l: 51
Fitness of mutation winner: 271.0
Crossover offspring real fitness: [257.0, 255.0, 256.0, 256.0, 256.0, 256.0, 256.0, 257.0, 257.0, 256.0, 256.0, 257.0, 256.0, 256.0, 256.0, 256.0, 256.0, 255.0, 256.0, 256.0, 257.0, 257.0, 258.0, 256.0, 257.0, 256.0, 256.0, 256.0, 256.0, 255.0, 254.0, 259.0, 256.0, 256.0, 255.0, 256.0, 257.0, 256.0, 256.0, 256.0, 256.0, 256.0, 256.0, 256.0, 255.0, 256.0, 258.0, 255.0, 256.0, 257.0, 256.0, 256.0, 256.0, 256.0, 257.0, 256.0, 257.0, 256.0, 256.0, 257.0, 256.0, 256.0, 256.0]
Crossover offspring noisy fitness: [257.0, 255.0, 256.0, 256.0, 256.0, 256.0, 256.0, 257.0, 257.0, 256.0, 256.0, 257.0, 256.0, 256.0, 256.0, 256.0, 256.0, 255.0, 256.0, 256.0, 257.0, 257.0, 258.0, 256.0, 257.0, 256.0, 256.0, 256.0, 256.0, 255.0, 254.0, 259.0, 256.0, 256.0, 255.0, 256.0, 257.0, 256.0, 256.0, 256.0, 256.0, 256.0, 256.0, 256.0, 256.0, 256.0, 258.0, 255.0, 256.0, 257.0, 256.0, 256.0, 256.0, 256.0, 257.0, 256.0, 257.0, 256.0, 256.0, 257.0, 256.0, 256.0, 256.0]

l: 65
Fitness of mutation winner: 271.0
Crossover offspring real fitness: [257.0, 256.0, 258.0, 256.0, 257.0, 256.0, 256.0, 256.0, 259.0, 255.0, 259.0, 256.0, 256.0, 255.0, 257.0, 256.0, 254.0, 256.0, 256.0, 257.0, 255.0, 257.0, 255.0, 256.0, 258.0, 256.0, 256.0, 255.0, 258.0, 257.0, 256.0, 257.0, 257.0, 255.0, 255.0, 256.0, 257.0, 256.0, 255.0, 257.0, 256.0, 256.0, 256.0, 259.0, 257.0, 256.0, 256.0, 257.0, 255.0, 257.0, 256.0, 256.0, 255.0, 255.0, 256.0, 256.0, 256.0, 256.0, 256.0, 256.0, 256.0, 255.0, 256.0]
Crossover offspring noisy fitness: [257.0, 256.0, 258.0, 256.0, 257.0, 256.0, 256.0, 256.0, 259.0, 255.0, 259.0, 256.0, 256.0, 255.0, 257.0, 256.0, 254.0, 256.0, 256.0, 257.0, 255.0, 257.0, 255.0, 256.0, 257.0, 256.0, 256.0, 255.0, 258.0, 257.0, 256.0, 257.0, 257.0, 255.0, 255.0, 256.0, 257.0, 256.0, 254.0, 257.0, 256.0, 256.0, 257.0, 259.0, 258.0, 256.0, 256.0, 257.0, 255.0, 257.0, 256.0, 256.0, 255.0, 255.0, 256.0, 256.0, 256.0, 256.0, 256.0, 256.0, 256.0, 255.0, 256.0]

l: 59
Fitness of mutation winner: 271.0
Crossover offspring real fitness: [256.0, 257.0, 257.0, 257.0, 257.0, 256.0, 256.0, 257.0, 256.0, 256.0, 256.0, 255.0, 256.0, 257.0, 257.0, 256.0, 256.0, 257.0, 256.0, 256.0, 256.0, 257.0, 256.0, 256.0, 256.0, 255.0, 258.0, 256.0, 256.0, 257.0, 256.0, 257.0, 256.0, 258.0, 256.0, 256.0, 254.0, 256.0, 256.0, 256.0, 256.0, 256.0, 256.0, 256.0, 256.0, 257.0, 255.0, 255.0, 256.0, 258.0, 256.0, 256.0, 256.0, 255.0, 257.0, 255.0, 257.0, 255.0, 256.0, 255.0, 256.0, 256.0, 256.0]
Crossover offspring noisy fitness: [256.0, 257.0, 257.0, 257.0, 257.0, 256.0, 256.0, 257.0, 256.0, 256.0, 256.0, 255.0, 256.0, 257.0, 257.0, 256.0, 256.0, 257.0, 256.0, 256.0, 256.0, 257.0, 256.0, 256.0, 256.0, 255.0, 258.0, 256.0, 257.0, 258.0, 256.0, 257.0, 256.0, 258.0, 256.0, 256.0, 254.0, 256.0, 256.0, 256.0, 256.0, 256.0, 256.0, 256.0, 256.0, 257.0, 255.0, 255.0, 256.0, 258.0, 256.0, 256.0, 256.0, 255.0, 257.0, 254.0, 257.0, 255.0, 255.0, 254.0, 256.0, 256.0, 256.0]

