l: 79
Fitness of mutation winner: 281.0
Crossover offspring real fitness: [256.0, 261.0, 255.0, 257.0, 256.0, 254.0, 257.0, 256.0, 257.0, 256.0, 260.0, 256.0, 257.0, 258.0, 257.0, 257.0, 257.0, 255.0, 258.0, 255.0, 255.0, 255.0, 257.0, 256.0, 255.0, 256.0, 257.0, 256.0, 257.0, 256.0, 254.0, 258.0, 257.0, 256.0, 258.0, 256.0, 257.0, 256.0, 257.0, 257.0, 258.0, 258.0, 258.0, 256.0, 254.0, 258.0, 255.0, 258.0, 257.0, 256.0, 255.0, 257.0, 255.0, 256.0, 256.0, 254.0, 256.0, 256.0, 258.0, 256.0, 255.0, 255.0, 256.0]
Crossover offspring noisy fitness: [256.0, 261.0, 255.0, 257.0, 256.0, 254.0, 257.0, 255.0, 257.0, 257.0, 260.0, 256.0, 257.0, 258.0, 257.0, 257.0, 257.0, 255.0, 257.0, 255.0, 255.0, 255.0, 257.0, 256.0, 256.0, 256.0, 257.0, 256.0, 257.0, 256.0, 254.0, 258.0, 257.0, 256.0, 258.0, 256.0, 257.0, 256.0, 257.0, 257.0, 258.0, 258.0, 258.0, 256.0, 254.0, 258.0, 255.0, 258.0, 257.0, 256.0, 255.0, 257.0, 255.0, 256.0, 256.0, 255.0, 256.0, 256.0, 258.0, 256.0, 255.0, 255.0, 256.0]

l: 64
Fitness of mutation winner: 272.0
Crossover offspring real fitness: [256.0, 256.0, 258.0, 255.0, 255.0, 257.0, 256.0, 256.0, 256.0, 257.0, 257.0, 256.0, 256.0, 255.0, 256.0, 256.0, 256.0, 256.0, 258.0, 257.0, 256.0, 256.0, 256.0, 256.0, 256.0, 256.0, 256.0, 257.0, 255.0, 256.0, 258.0, 257.0, 256.0, 256.0, 257.0, 257.0, 260.0, 257.0, 257.0, 258.0, 256.0, 255.0, 257.0, 256.0, 256.0, 256.0, 257.0, 257.0, 257.0, 254.0, 256.0, 256.0, 257.0, 256.0, 255.0, 258.0, 257.0, 257.0, 257.0, 256.0, 256.0, 256.0, 255.0]
Crossover offspring noisy fitness: [256.0, 256.0, 258.0, 255.0, 255.0, 257.0, 257.0, 256.0, 256.0, 257.0, 257.0, 256.0, 256.0, 255.0, 256.0, 256.0, 256.0, 256.0, 258.0, 257.0, 256.0, 256.0, 256.0, 256.0, 256.0, 256.0, 256.0, 258.0, 255.0, 256.0, 258.0, 257.0, 256.0, 256.0, 257.0, 257.0, 260.0, 257.0, 257.0, 258.0, 256.0, 255.0, 257.0, 256.0, 256.0, 256.0, 257.0, 257.0, 257.0, 254.0, 256.0, 256.0, 257.0, 256.0, 255.0, 258.0, 257.0, 257.0, 257.0, 255.0, 256.0, 256.0, 255.0]

l: 65
Fitness of mutation winner: 268.0
Crossover offspring real fitness: [256.0, 256.0, 256.0, 256.0, 257.0, 256.0, 259.0, 257.0, 258.0, 255.0, 257.0, 257.0, 254.0, 258.0, 257.0, 257.0, 256.0, 257.0, 256.0, 256.0, 256.0, 255.0, 257.0, 258.0, 254.0, 255.0, 255.0, 257.0, 256.0, 259.0, 258.0, 256.0, 255.0, 256.0, 256.0, 256.0, 255.0, 256.0, 256.0, 257.0, 255.0, 256.0, 255.0, 255.0, 256.0, 258.0, 256.0, 258.0, 256.0, 257.0, 256.0, 256.0, 258.0, 256.0, 256.0, 254.0, 256.0, 256.0, 257.0, 257.0, 255.0, 256.0, 256.0]
Crossover offspring noisy fitness: [256.0, 256.0, 256.0, 257.0, 257.0, 256.0, 259.0, 257.0, 258.0, 255.0, 257.0, 257.0, 254.0, 258.0, 257.0, 257.0, 256.0, 257.0, 256.0, 256.0, 256.0, 255.0, 257.0, 258.0, 254.0, 255.0, 255.0, 257.0, 256.0, 259.0, 257.0, 256.0, 255.0, 256.0, 256.0, 256.0, 255.0, 256.0, 256.0, 257.0, 255.0, 256.0, 255.0, 254.0, 256.0, 257.0, 256.0, 258.0, 256.0, 257.0, 257.0, 256.0, 258.0, 256.0, 256.0, 254.0, 256.0, 256.0, 257.0, 257.0, 255.0, 256.0, 256.0]

l: 61
Fitness of mutation winner: 269.0
Crossover offspring real fitness: [256.0, 256.0, 256.0, 256.0, 255.0, 258.0, 257.0, 255.0, 257.0, 257.0, 256.0, 256.0, 259.0, 257.0, 256.0, 259.0, 255.0, 255.0, 256.0, 255.0, 256.0, 258.0, 256.0, 255.0, 255.0, 257.0, 258.0, 256.0, 256.0, 257.0, 255.0, 257.0, 257.0, 256.0, 256.0, 257.0, 258.0, 255.0, 256.0, 257.0, 257.0, 258.0, 255.0, 256.0, 257.0, 254.0, 255.0, 256.0, 256.0, 255.0, 256.0, 255.0, 255.0, 257.0, 257.0, 256.0, 257.0, 255.0, 256.0, 257.0, 256.0, 257.0, 257.0]
Crossover offspring noisy fitness: [256.0, 256.0, 256.0, 256.0, 255.0, 258.0, 257.0, 255.0, 257.0, 258.0, 256.0, 256.0, 259.0, 257.0, 256.0, 258.0, 255.0, 255.0, 256.0, 255.0, 256.0, 257.0, 256.0, 255.0, 255.0, 257.0, 258.0, 256.0, 257.0, 257.0, 255.0, 256.0, 257.0, 256.0, 256.0, 257.0, 258.0, 255.0, 255.0, 257.0, 257.0, 258.0, 255.0, 256.0, 257.0, 254.0, 255.0, 256.0, 256.0, 255.0, 256.0, 255.0, 255.0, 257.0, 257.0, 256.0, 256.0, 255.0, 257.0, 257.0, 256.0, 257.0, 257.0]

