l: 17
Fitness of mutation winner: 265.0
Crossover offspring real fitness: [256.0, 258.0, 256.0, 257.0, 258.0, 256.0, 256.0, 257.0, 256.0, 256.0, 256.0, 256.0, 257.0, 256.0, 257.0, 255.0, 256.0, 256.0, 256.0, 257.0, 259.0, 256.0]
Crossover offspring noisy fitness: [256.0, 258.0, 256.0, 257.0, 258.0, 256.0, 256.0, 257.0, 256.0, 256.0, 256.0, 256.0, 257.0, 256.0, 257.0, 255.0, 256.0, 256.0, 256.0, 257.0, 258.0, 256.0]

l: 30
Fitness of mutation winner: 268.0
Crossover offspring real fitness: [257.0, 256.0, 256.0, 257.0, 255.0, 256.0, 256.0, 259.0, 258.0, 257.0, 257.0, 256.0, 256.0, 255.0, 257.0, 254.0, 257.0, 256.0, 255.0, 255.0, 256.0, 256.0]
Crossover offspring noisy fitness: [257.0, 256.0, 256.0, 257.0, 256.0, 256.0, 256.0, 259.0, 258.0, 257.0, 257.0, 257.0, 256.0, 255.0, 257.0, 254.0, 257.0, 256.0, 255.0, 255.0, 256.0, 257.0]

l: 24
Fitness of mutation winner: 268.0
Crossover offspring real fitness: [256.0, 256.0, 255.0, 256.0, 257.0, 255.0, 256.0, 257.0, 258.0, 256.0, 257.0, 255.0, 259.0, 258.0, 256.0, 257.0, 254.0, 255.0, 256.0, 257.0, 256.0, 258.0]
Crossover offspring noisy fitness: [256.0, 256.0, 255.0, 256.0, 257.0, 255.0, 256.0, 257.0, 258.0, 256.0, 257.0, 255.0, 259.0, 258.0, 256.0, 257.0, 254.0, 256.0, 256.0, 257.0, 256.0, 258.0]

l: 22
Fitness of mutation winner: 260.0
Crossover offspring real fitness: [256.0, 256.0, 255.0, 256.0, 256.0, 256.0, 256.0, 254.0, 256.0, 256.0, 255.0, 255.0, 256.0, 257.0, 257.0, 256.0, 256.0, 255.0, 254.0, 258.0, 256.0, 255.0]
Crossover offspring noisy fitness: [256.0, 255.0, 255.0, 256.0, 256.0, 254.0, 256.0, 254.0, 256.0, 256.0, 255.0, 255.0, 256.0, 255.0, 257.0, 256.0, 256.0, 255.0, 254.0, 258.0, 256.0, 255.0]

