l: 21
Fitness of mutation winner: 263.0
Crossover offspring real fitness: [256.0, 257.0, 257.0, 257.0, 256.0, 256.0, 257.0, 257.0, 256.0, 255.0, 256.0, 256.0, 256.0, 257.0, 256.0, 257.0, 258.0, 257.0, 257.0, 257.0, 256.0, 258.0]
Crossover offspring noisy fitness: [256.0, 257.0, 257.0, 257.0, 256.0, 256.0, 258.0, 257.0, 256.0, 255.0, 256.0, 256.0, 256.0, 257.0, 256.0, 257.0, 258.0, 257.0, 257.0, 257.0, 255.0, 257.0]

l: 19
Fitness of mutation winner: 261.0
Crossover offspring real fitness: [256.0, 256.0, 256.0, 253.0, 255.0, 255.0, 260.0, 258.0, 256.0, 256.0, 256.0, 256.0, 256.0, 255.0, 255.0, 257.0, 256.0, 256.0, 256.0, 256.0, 257.0, 256.0]
Crossover offspring noisy fitness: [256.0, 256.0, 256.0, 253.0, 255.0, 255.0, 260.0, 258.0, 256.0, 256.0, 256.0, 256.0, 256.0, 255.0, 255.0, 258.0, 256.0, 256.0, 256.0, 256.0, 257.0, 256.0]

l: 23
Fitness of mutation winner: 267.0
Crossover offspring real fitness: [255.0, 256.0, 257.0, 256.0, 256.0, 255.0, 256.0, 256.0, 256.0, 256.0, 257.0, 256.0, 256.0, 256.0, 256.0, 256.0, 258.0, 256.0, 256.0, 257.0, 257.0, 257.0]
Crossover offspring noisy fitness: [255.0, 256.0, 257.0, 256.0, 256.0, 255.0, 255.0, 256.0, 256.0, 256.0, 257.0, 255.0, 256.0, 256.0, 256.0, 256.0, 258.0, 256.0, 256.0, 257.0, 257.0, 257.0]

l: 28
Fitness of mutation winner: 266.0
Crossover offspring real fitness: [256.0, 256.0, 256.0, 257.0, 256.0, 255.0, 255.0, 257.0, 258.0, 255.0, 256.0, 257.0, 256.0, 256.0, 256.0, 256.0, 257.0, 256.0, 256.0, 256.0, 256.0, 257.0]
Crossover offspring noisy fitness: [256.0, 256.0, 256.0, 257.0, 256.0, 255.0, 255.0, 257.0, 258.0, 255.0, 256.0, 257.0, 256.0, 256.0, 256.0, 256.0, 257.0, 256.0, 256.0, 256.0, 256.0, 257.0]

