l: 54
Fitness of mutation winner: 270.0
Crossover offspring real fitness: [257.0, 257.0, 256.0, 255.0, 256.0, 256.0, 256.0, 253.0, 256.0, 256.0, 255.0, 256.0, 256.0, 256.0, 255.0, 256.0, 256.0, 257.0, 256.0, 257.0, 256.0, 257.0, 256.0, 255.0, 257.0, 257.0, 257.0, 256.0, 257.0, 257.0, 256.0, 256.0, 256.0, 257.0, 256.0, 257.0, 257.0, 257.0, 257.0, 256.0, 257.0, 256.0, 256.0, 256.0, 256.0, 256.0, 257.0, 257.0, 256.0, 256.0, 255.0, 256.0, 257.0, 258.0, 257.0, 256.0, 256.0, 257.0, 258.0, 256.0, 257.0, 257.0, 257.0]
Crossover offspring noisy fitness: [257.0, 257.0, 256.0, 255.0, 256.0, 256.0, 256.0, 253.0, 256.0, 256.0, 255.0, 256.0, 256.0, 256.0, 255.0, 256.0, 256.0, 257.0, 256.0, 257.0, 256.0, 257.0, 256.0, 255.0, 257.0, 257.0, 257.0, 257.0, 257.0, 257.0, 256.0, 256.0, 256.0, 257.0, 256.0, 257.0, 257.0, 257.0, 257.0, 256.0, 257.0, 256.0, 256.0, 256.0, 256.0, 257.0, 257.0, 257.0, 256.0, 256.0, 255.0, 256.0, 257.0, 258.0, 257.0, 256.0, 256.0, 257.0, 258.0, 256.0, 257.0, 257.0, 257.0]

l: 65
Fitness of mutation winner: 275.0
Crossover offspring real fitness: [257.0, 257.0, 257.0, 256.0, 255.0, 256.0, 258.0, 258.0, 256.0, 257.0, 256.0, 255.0, 253.0, 256.0, 257.0, 258.0, 256.0, 256.0, 255.0, 257.0, 256.0, 256.0, 256.0, 254.0, 256.0, 255.0, 256.0, 256.0, 256.0, 258.0, 257.0, 256.0, 257.0, 258.0, 256.0, 257.0, 259.0, 257.0, 257.0, 256.0, 257.0, 256.0, 255.0, 256.0, 257.0, 257.0, 255.0, 255.0, 256.0, 258.0, 256.0, 257.0, 259.0, 256.0, 256.0, 256.0, 257.0, 258.0, 256.0, 256.0, 256.0, 255.0, 255.0]
Crossover offspring noisy fitness: [257.0, 257.0, 257.0, 257.0, 255.0, 256.0, 258.0, 258.0, 256.0, 257.0, 256.0, 255.0, 253.0, 256.0, 257.0, 258.0, 256.0, 256.0, 255.0, 257.0, 256.0, 256.0, 256.0, 254.0, 256.0, 255.0, 256.0, 256.0, 256.0, 258.0, 257.0, 256.0, 257.0, 258.0, 256.0, 257.0, 259.0, 257.0, 257.0, 256.0, 257.0, 256.0, 255.0, 256.0, 257.0, 257.0, 255.0, 255.0, 256.0, 258.0, 256.0, 257.0, 259.0, 256.0, 257.0, 256.0, 257.0, 258.0, 256.0, 256.0, 256.0, 255.0, 255.0]

l: 60
Fitness of mutation winner: 270.0
Crossover offspring real fitness: [255.0, 256.0, 257.0, 256.0, 256.0, 258.0, 256.0, 257.0, 257.0, 255.0, 256.0, 255.0, 256.0, 255.0, 258.0, 256.0, 257.0, 257.0, 258.0, 256.0, 256.0, 256.0, 257.0, 257.0, 255.0, 255.0, 257.0, 257.0, 255.0, 258.0, 256.0, 257.0, 257.0, 256.0, 256.0, 256.0, 256.0, 257.0, 256.0, 256.0, 256.0, 257.0, 256.0, 256.0, 257.0, 258.0, 256.0, 256.0, 257.0, 256.0, 256.0, 257.0, 255.0, 256.0, 256.0, 257.0, 256.0, 256.0, 256.0, 256.0, 259.0, 256.0, 258.0]
Crossover offspring noisy fitness: [255.0, 256.0, 257.0, 256.0, 256.0, 258.0, 256.0, 257.0, 257.0, 255.0, 256.0, 255.0, 256.0, 255.0, 258.0, 256.0, 257.0, 257.0, 258.0, 257.0, 256.0, 256.0, 257.0, 257.0, 255.0, 255.0, 257.0, 257.0, 255.0, 258.0, 256.0, 257.0, 257.0, 257.0, 256.0, 256.0, 256.0, 257.0, 256.0, 256.0, 256.0, 257.0, 256.0, 256.0, 257.0, 258.0, 256.0, 256.0, 257.0, 256.0, 256.0, 257.0, 255.0, 256.0, 256.0, 257.0, 256.0, 256.0, 256.0, 256.0, 259.0, 255.0, 258.0]

l: 68
Fitness of mutation winner: 274.0
Crossover offspring real fitness: [255.0, 256.0, 256.0, 256.0, 257.0, 255.0, 258.0, 257.0, 256.0, 258.0, 256.0, 256.0, 255.0, 256.0, 256.0, 258.0, 256.0, 256.0, 255.0, 256.0, 256.0, 257.0, 256.0, 257.0, 258.0, 256.0, 256.0, 256.0, 255.0, 255.0, 256.0, 256.0, 259.0, 255.0, 257.0, 257.0, 257.0, 256.0, 256.0, 255.0, 256.0, 256.0, 256.0, 253.0, 255.0, 255.0, 257.0, 256.0, 258.0, 256.0, 255.0, 257.0, 257.0, 257.0, 258.0, 257.0, 257.0, 256.0, 255.0, 256.0, 256.0, 256.0, 257.0]
Crossover offspring noisy fitness: [255.0, 255.0, 256.0, 256.0, 257.0, 255.0, 258.0, 256.0, 256.0, 258.0, 256.0, 256.0, 255.0, 256.0, 256.0, 258.0, 256.0, 256.0, 255.0, 256.0, 256.0, 257.0, 256.0, 257.0, 258.0, 256.0, 256.0, 256.0, 255.0, 254.0, 256.0, 255.0, 259.0, 255.0, 257.0, 257.0, 257.0, 256.0, 256.0, 255.0, 256.0, 256.0, 256.0, 253.0, 255.0, 255.0, 257.0, 256.0, 258.0, 256.0, 255.0, 257.0, 258.0, 257.0, 258.0, 257.0, 257.0, 256.0, 254.0, 255.0, 256.0, 256.0, 257.0]

