l: 72
Fitness of mutation winner: 272.0
Crossover offspring real fitness: [256.0, 256.0, 255.0, 256.0, 257.0, 256.0, 257.0, 256.0, 256.0, 255.0, 254.0, 257.0, 256.0, 257.0, 256.0, 255.0, 257.0, 256.0, 255.0, 257.0, 256.0, 257.0, 256.0, 256.0, 259.0, 256.0, 256.0, 254.0, 256.0, 257.0, 256.0, 256.0, 256.0, 256.0, 258.0, 256.0, 258.0, 256.0, 256.0, 256.0, 255.0, 255.0, 257.0, 257.0, 256.0, 257.0, 258.0, 257.0, 256.0, 256.0, 254.0, 256.0, 257.0, 258.0, 258.0, 257.0, 256.0, 257.0, 257.0, 255.0, 258.0, 255.0, 257.0]
Crossover offspring noisy fitness: [256.0, 256.0, 255.0, 256.0, 257.0, 257.0, 257.0, 257.0, 256.0, 254.0, 254.0, 257.0, 256.0, 257.0, 256.0, 255.0, 257.0, 256.0, 255.0, 257.0, 256.0, 257.0, 256.0, 256.0, 259.0, 255.0, 256.0, 254.0, 256.0, 257.0, 256.0, 256.0, 256.0, 257.0, 258.0, 256.0, 258.0, 256.0, 256.0, 256.0, 255.0, 255.0, 257.0, 257.0, 256.0, 257.0, 258.0, 257.0, 256.0, 256.0, 254.0, 256.0, 257.0, 258.0, 258.0, 258.0, 256.0, 257.0, 257.0, 255.0, 259.0, 255.0, 257.0]

l: 76
Fitness of mutation winner: 270.0
Crossover offspring real fitness: [256.0, 256.0, 256.0, 256.0, 257.0, 256.0, 257.0, 256.0, 257.0, 255.0, 257.0, 256.0, 255.0, 255.0, 255.0, 257.0, 256.0, 255.0, 255.0, 256.0, 257.0, 256.0, 256.0, 256.0, 254.0, 256.0, 258.0, 257.0, 255.0, 256.0, 257.0, 258.0, 257.0, 256.0, 256.0, 256.0, 256.0, 258.0, 255.0, 255.0, 258.0, 257.0, 253.0, 255.0, 254.0, 257.0, 255.0, 257.0, 256.0, 258.0, 255.0, 254.0, 255.0, 256.0, 256.0, 256.0, 256.0, 257.0, 255.0, 257.0, 256.0, 257.0, 256.0]
Crossover offspring noisy fitness: [256.0, 256.0, 256.0, 256.0, 257.0, 256.0, 257.0, 256.0, 257.0, 255.0, 257.0, 256.0, 255.0, 255.0, 255.0, 258.0, 256.0, 255.0, 255.0, 256.0, 257.0, 256.0, 256.0, 256.0, 254.0, 256.0, 258.0, 257.0, 255.0, 256.0, 257.0, 258.0, 257.0, 256.0, 256.0, 256.0, 256.0, 258.0, 255.0, 255.0, 258.0, 257.0, 253.0, 255.0, 254.0, 257.0, 255.0, 257.0, 256.0, 258.0, 255.0, 254.0, 255.0, 256.0, 255.0, 255.0, 256.0, 257.0, 255.0, 257.0, 256.0, 257.0, 256.0]

l: 63
Fitness of mutation winner: 273.0
Crossover offspring real fitness: [257.0, 256.0, 256.0, 256.0, 257.0, 257.0, 256.0, 255.0, 257.0, 257.0, 256.0, 257.0, 256.0, 257.0, 255.0, 256.0, 255.0, 258.0, 258.0, 256.0, 255.0, 257.0, 257.0, 255.0, 254.0, 257.0, 256.0, 255.0, 255.0, 256.0, 257.0, 258.0, 256.0, 256.0, 257.0, 255.0, 256.0, 257.0, 256.0, 258.0, 258.0, 257.0, 255.0, 257.0, 256.0, 257.0, 256.0, 254.0, 255.0, 255.0, 256.0, 256.0, 257.0, 255.0, 256.0, 255.0, 256.0, 255.0, 256.0, 256.0, 256.0, 256.0, 256.0]
Crossover offspring noisy fitness: [257.0, 256.0, 256.0, 256.0, 257.0, 257.0, 256.0, 254.0, 257.0, 257.0, 256.0, 257.0, 257.0, 257.0, 255.0, 256.0, 255.0, 258.0, 258.0, 256.0, 255.0, 257.0, 257.0, 255.0, 254.0, 257.0, 256.0, 255.0, 255.0, 256.0, 257.0, 258.0, 256.0, 257.0, 257.0, 255.0, 256.0, 257.0, 256.0, 258.0, 258.0, 257.0, 255.0, 257.0, 256.0, 257.0, 256.0, 254.0, 255.0, 255.0, 256.0, 257.0, 257.0, 255.0, 256.0, 255.0, 256.0, 255.0, 256.0, 256.0, 256.0, 256.0, 256.0]

l: 71
Fitness of mutation winner: 275.0
Crossover offspring real fitness: [255.0, 256.0, 258.0, 256.0, 256.0, 256.0, 257.0, 256.0, 256.0, 258.0, 255.0, 256.0, 256.0, 256.0, 256.0, 255.0, 257.0, 255.0, 257.0, 255.0, 256.0, 257.0, 256.0, 258.0, 256.0, 256.0, 256.0, 256.0, 257.0, 256.0, 255.0, 257.0, 258.0, 255.0, 254.0, 256.0, 257.0, 257.0, 256.0, 256.0, 256.0, 257.0, 256.0, 257.0, 256.0, 255.0, 257.0, 258.0, 256.0, 257.0, 256.0, 256.0, 258.0, 256.0, 255.0, 254.0, 255.0, 257.0, 256.0, 256.0, 256.0, 256.0, 257.0]
Crossover offspring noisy fitness: [255.0, 256.0, 258.0, 256.0, 256.0, 256.0, 257.0, 256.0, 256.0, 258.0, 255.0, 256.0, 256.0, 256.0, 256.0, 255.0, 257.0, 255.0, 257.0, 255.0, 256.0, 257.0, 256.0, 258.0, 256.0, 257.0, 256.0, 256.0, 257.0, 256.0, 255.0, 258.0, 258.0, 255.0, 254.0, 255.0, 257.0, 257.0, 256.0, 256.0, 256.0, 257.0, 256.0, 257.0, 256.0, 255.0, 257.0, 258.0, 256.0, 257.0, 256.0, 256.0, 258.0, 256.0, 255.0, 254.0, 255.0, 257.0, 256.0, 256.0, 256.0, 256.0, 257.0]

