l: 59
Fitness of mutation winner: 269.0
Crossover offspring real fitness: [256.0, 256.0, 255.0, 257.0, 256.0, 255.0, 257.0, 256.0, 258.0, 256.0, 256.0, 257.0, 256.0, 257.0, 256.0, 256.0, 255.0, 257.0, 256.0, 256.0, 255.0, 256.0, 256.0, 256.0, 256.0, 256.0, 256.0, 257.0, 257.0, 256.0, 258.0, 258.0, 257.0, 255.0, 256.0, 256.0, 255.0, 257.0, 257.0, 256.0, 257.0, 259.0, 255.0, 256.0, 256.0, 256.0, 256.0, 256.0, 255.0, 256.0, 256.0, 257.0, 256.0, 256.0, 255.0, 257.0, 255.0, 256.0, 256.0, 260.0, 255.0, 256.0, 256.0]
Crossover offspring noisy fitness: [256.0, 256.0, 255.0, 257.0, 256.0, 255.0, 257.0, 256.0, 258.0, 256.0, 256.0, 257.0, 256.0, 257.0, 255.0, 256.0, 255.0, 257.0, 256.0, 256.0, 255.0, 256.0, 256.0, 256.0, 256.0, 256.0, 256.0, 257.0, 257.0, 255.0, 258.0, 258.0, 257.0, 256.0, 256.0, 256.0, 255.0, 258.0, 257.0, 256.0, 258.0, 259.0, 255.0, 256.0, 256.0, 256.0, 256.0, 255.0, 255.0, 256.0, 256.0, 257.0, 256.0, 256.0, 255.0, 257.0, 255.0, 256.0, 256.0, 260.0, 255.0, 256.0, 256.0]

l: 60
Fitness of mutation winner: 272.0
Crossover offspring real fitness: [258.0, 257.0, 256.0, 257.0, 259.0, 257.0, 256.0, 256.0, 257.0, 255.0, 256.0, 256.0, 257.0, 257.0, 256.0, 255.0, 256.0, 256.0, 257.0, 257.0, 258.0, 257.0, 257.0, 256.0, 256.0, 257.0, 257.0, 256.0, 258.0, 255.0, 256.0, 257.0, 255.0, 254.0, 257.0, 257.0, 255.0, 257.0, 256.0, 257.0, 257.0, 255.0, 255.0, 256.0, 256.0, 258.0, 258.0, 257.0, 255.0, 257.0, 257.0, 255.0, 256.0, 256.0, 256.0, 259.0, 257.0, 256.0, 257.0, 256.0, 256.0, 255.0, 256.0]
Crossover offspring noisy fitness: [258.0, 257.0, 256.0, 257.0, 259.0, 257.0, 256.0, 256.0, 257.0, 255.0, 256.0, 256.0, 257.0, 258.0, 256.0, 255.0, 256.0, 256.0, 257.0, 257.0, 258.0, 257.0, 258.0, 256.0, 256.0, 257.0, 257.0, 256.0, 258.0, 255.0, 256.0, 257.0, 255.0, 254.0, 257.0, 257.0, 255.0, 257.0, 256.0, 256.0, 257.0, 255.0, 255.0, 256.0, 256.0, 258.0, 259.0, 257.0, 255.0, 257.0, 256.0, 255.0, 256.0, 256.0, 257.0, 259.0, 257.0, 256.0, 257.0, 256.0, 256.0, 255.0, 256.0]

l: 68
Fitness of mutation winner: 268.0
Crossover offspring real fitness: [257.0, 257.0, 255.0, 254.0, 257.0, 254.0, 257.0, 255.0, 255.0, 257.0, 257.0, 256.0, 256.0, 253.0, 258.0, 257.0, 258.0, 257.0, 256.0, 256.0, 255.0, 256.0, 255.0, 256.0, 255.0, 256.0, 256.0, 256.0, 256.0, 256.0, 256.0, 257.0, 256.0, 256.0, 255.0, 256.0, 257.0, 258.0, 256.0, 257.0, 254.0, 257.0, 257.0, 257.0, 255.0, 255.0, 256.0, 257.0, 256.0, 256.0, 256.0, 256.0, 255.0, 255.0, 256.0, 258.0, 257.0, 257.0, 258.0, 255.0, 255.0, 257.0, 256.0]
Crossover offspring noisy fitness: [257.0, 257.0, 255.0, 254.0, 257.0, 254.0, 257.0, 255.0, 255.0, 256.0, 258.0, 256.0, 256.0, 253.0, 258.0, 257.0, 258.0, 257.0, 256.0, 256.0, 255.0, 256.0, 255.0, 257.0, 255.0, 256.0, 256.0, 256.0, 256.0, 256.0, 256.0, 257.0, 256.0, 256.0, 255.0, 256.0, 257.0, 258.0, 256.0, 257.0, 254.0, 257.0, 257.0, 257.0, 255.0, 255.0, 256.0, 257.0, 256.0, 256.0, 256.0, 256.0, 255.0, 255.0, 256.0, 258.0, 257.0, 257.0, 258.0, 255.0, 255.0, 256.0, 256.0]

l: 55
Fitness of mutation winner: 272.0
Crossover offspring real fitness: [256.0, 257.0, 255.0, 256.0, 257.0, 257.0, 256.0, 256.0, 256.0, 255.0, 257.0, 255.0, 257.0, 255.0, 256.0, 256.0, 257.0, 257.0, 256.0, 256.0, 255.0, 258.0, 256.0, 254.0, 257.0, 257.0, 256.0, 255.0, 255.0, 256.0, 257.0, 258.0, 256.0, 256.0, 256.0, 256.0, 254.0, 255.0, 256.0, 257.0, 257.0, 256.0, 256.0, 256.0, 256.0, 257.0, 256.0, 256.0, 256.0, 256.0, 255.0, 255.0, 256.0, 256.0, 256.0, 256.0, 256.0, 256.0, 254.0, 257.0, 256.0, 256.0, 256.0]
Crossover offspring noisy fitness: [256.0, 257.0, 255.0, 256.0, 257.0, 257.0, 256.0, 256.0, 255.0, 255.0, 257.0, 255.0, 256.0, 255.0, 256.0, 256.0, 257.0, 257.0, 256.0, 255.0, 255.0, 258.0, 256.0, 254.0, 257.0, 256.0, 256.0, 255.0, 255.0, 256.0, 257.0, 258.0, 256.0, 256.0, 256.0, 256.0, 254.0, 255.0, 256.0, 257.0, 257.0, 256.0, 256.0, 256.0, 256.0, 257.0, 256.0, 256.0, 256.0, 256.0, 255.0, 255.0, 256.0, 256.0, 256.0, 256.0, 256.0, 256.0, 254.0, 257.0, 256.0, 256.0, 256.0]

