l: 23
Fitness of mutation winner: 270.0
Crossover offspring real fitness: [257.0, 257.0, 256.0, 258.0, 257.0, 257.0, 257.0, 256.0, 257.0, 256.0, 256.0, 258.0, 258.0, 256.0, 256.0, 257.0, 255.0, 258.0, 257.0, 256.0, 257.0, 257.0]
Crossover offspring noisy fitness: [257.0, 257.0, 256.0, 258.0, 257.0, 257.0, 257.0, 256.0, 257.0, 255.0, 256.0, 258.0, 258.0, 256.0, 256.0, 257.0, 255.0, 258.0, 257.0, 257.0, 257.0, 257.0]

l: 20
Fitness of mutation winner: 262.0
Crossover offspring real fitness: [257.0, 257.0, 256.0, 255.0, 256.0, 256.0, 256.0, 256.0, 256.0, 257.0, 258.0, 257.0, 256.0, 254.0, 258.0, 256.0, 256.0, 256.0, 257.0, 257.0, 257.0, 257.0]
Crossover offspring noisy fitness: [257.0, 258.0, 256.0, 255.0, 256.0, 256.0, 256.0, 256.0, 256.0, 257.0, 258.0, 257.0, 256.0, 254.0, 258.0, 256.0, 256.0, 256.0, 257.0, 257.0, 257.0, 257.0]

l: 17
Fitness of mutation winner: 261.0
Crossover offspring real fitness: [256.0, 256.0, 256.0, 256.0, 255.0, 257.0, 256.0, 256.0, 255.0, 256.0, 256.0, 257.0, 256.0, 257.0, 256.0, 256.0, 257.0, 256.0, 256.0, 256.0, 256.0, 257.0]
Crossover offspring noisy fitness: [256.0, 256.0, 256.0, 257.0, 255.0, 257.0, 256.0, 256.0, 255.0, 256.0, 256.0, 257.0, 256.0, 257.0, 256.0, 256.0, 257.0, 256.0, 256.0, 256.0, 256.0, 257.0]

l: 22
Fitness of mutation winner: 264.0
Crossover offspring real fitness: [257.0, 257.0, 256.0, 256.0, 257.0, 256.0, 256.0, 257.0, 256.0, 257.0, 256.0, 257.0, 257.0, 256.0, 255.0, 257.0, 256.0, 257.0, 256.0, 256.0, 256.0, 257.0]
Crossover offspring noisy fitness: [257.0, 257.0, 256.0, 256.0, 257.0, 256.0, 256.0, 257.0, 256.0, 257.0, 256.0, 257.0, 257.0, 256.0, 255.0, 257.0, 256.0, 257.0, 256.0, 256.0, 256.0, 257.0]

