n: 1024
lambda: 101
Median: 276.0
Mean: 276.0703125
Std: 8.14917901707551
Number of terminated evaluations (iters > n ^ 2): 0
[276, 273, 278, 285, 276, 265, 279, 284, 276, 288, 270, 272, 285, 288, 274,
 263, 284, 267, 274, 278, 292, 274, 289, 255, 267, 276, 272, 291, 280, 266,
 273, 268, 279, 274, 278, 289, 274, 279, 288, 280, 271, 273, 280, 280, 276,
 278, 278, 289, 276, 267, 286, 276, 272, 264, 261, 275, 281, 269, 260, 282,
 278, 276, 276, 281, 276, 268, 263, 264, 277, 274, 287, 279, 279, 277, 281,
 265, 265, 275, 280, 261, 292, 279, 277, 278, 276, 266, 278, 275, 277, 277,
 287, 280, 276, 282, 264, 270, 273, 275, 289, 271, 264, 264, 288, 288, 269,
 279, 268, 281, 273, 274, 278, 263, 279, 275, 270, 259, 293, 259, 271, 276,
 277, 290, 284, 293, 281, 278, 287, 279]