n: 128
lambda: 2
Median: 451.0
Mean: 475.9921875
Std: 128.51079089502502
Number of terminated evaluations (iters > n ^ 2): 0
[426, 404, 528, 393, 316, 319, 425, 517, 567, 417, 410, 459, 365, 396, 433,
 226, 303, 359, 479, 502, 348, 451, 513, 449, 480, 315, 391, 462, 538, 306,
 369, 618, 428, 473, 796, 430, 371, 543, 494, 553, 555, 462, 656, 415, 420,
 510, 682, 390, 648, 778, 398, 357, 449, 475, 366, 370, 877, 359, 445, 408,
 374, 441, 447, 332, 874, 321, 628, 503, 475, 255, 465, 457, 654, 607, 345,
 834, 529, 535, 782, 537, 440, 329, 633, 343, 306, 455, 648, 522, 412, 363,
 389, 460, 418, 346, 245, 657, 385, 557, 331, 573, 375, 470, 451, 585, 569,
 592, 388, 650, 425, 452, 435, 474, 488, 493, 422, 474, 424, 642, 371, 597,
 429, 766, 751, 452, 514, 429, 446, 564]