n: 256
lambda: 5
Median: 256.5
Mean: 265.546875
Std: 45.808681521458084
Number of terminated evaluations (iters > n ^ 2): 0
[251, 339, 396, 328, 274, 197, 234, 278, 234, 302, 196, 225, 284, 259, 289,
 306, 251, 267, 276, 260, 316, 220, 234, 307, 300, 270, 237, 245, 210, 311,
 293, 219, 211, 241, 342, 275, 230, 315, 232, 236, 211, 257, 231, 391, 273,
 271, 293, 224, 245, 220, 271, 242, 360, 261, 259, 243, 256, 240, 197, 258,
 278, 243, 349, 303, 252, 283, 213, 234, 432, 208, 223, 225, 230, 283, 244,
 213, 369, 263, 263, 235, 265, 253, 355, 205, 254, 329, 251, 309, 299, 227,
 258, 345, 284, 213, 298, 215, 289, 266, 227, 389, 280, 225, 248, 221, 269,
 286, 304, 293, 306, 205, 219, 326, 235, 252, 246, 231, 220, 247, 254, 221,
 220, 256, 242, 264, 275, 278, 350, 250]