n: 32
lambda: 10
Median: 17.0
Mean: 16.609375
Std: 3.92355541688594
Number of terminated evaluations (iters > n ^ 2): 0
[15, 17, 19, 14, 20, 15, 17, 13, 15, 17, 18, 20, 21,  9, 16, 17, 15, 14,
 17, 17, 20, 15, 13, 22, 15, 17, 18, 18, 19, 12, 15, 22, 19, 25, 20, 18,
 16, 22, 18, 16, 12, 17, 17, 12, 13, 14, 18, 22, 14, 16, 22, 13,  8, 13,
 20, 31, 17, 21, 21, 18, 19, 15, 22, 18, 21, 18, 14, 17, 15, 16, 11, 12,
 21, 20, 20, 13, 18, 14, 23, 17, 18, 13, 17, 15,  9, 12, 18, 20, 16, 16,
 13, 18, 15, 13, 31, 17, 12, 11, 17, 13, 22, 17, 14, 11, 14, 17, 23, 12,
 17, 11,  8, 13, 16, 12, 15, 24, 21, 21, 20, 18, 15, 13, 16, 18, 15, 12,
 16, 12]