n: 32
lambda: 1
Median: 208.5
Mean: 226.8671875
Std: 109.63222404174716
Number of terminated evaluations (iters > n ^ 2): 0
[114, 207, 113, 148, 126, 139, 119, 206, 379, 277, 223, 168, 186, 108, 429,
 163, 360, 483, 260, 211, 275, 174, 438, 228, 226, 141, 141, 138,  72, 228,
 218, 210, 164, 158, 329,  89, 175, 232, 209, 379, 160, 225, 137, 350, 150,
 210, 161, 236, 278, 223, 369, 180, 163, 179, 435, 173, 524, 152, 281, 325,
 612, 146, 130, 131, 183, 181, 505, 215,  92, 126, 165, 325, 216, 235, 206,
 170,  87, 353, 110, 365, 246,  58, 174, 109, 276, 165, 243, 573, 158, 216,
 213, 262, 203, 152, 236, 128, 306, 128, 400, 214,  99, 159, 323, 350, 316,
 246, 395, 302, 155, 186, 110, 249, 227, 208, 142,  99, 125, 243, 106, 189,
 153, 213, 579, 243, 253, 330, 171, 301]