n: 32
lambda: 3
Median: 40.0
Mean: 43.1796875
Std: 15.678126479345156
Number of terminated evaluations (iters > n ^ 2): 0
[ 22,  42,  60,  61,  78,  47,  37,  36,  44,  44,  50,  48,  30,  40,  34,
  34,  43,  78,  31,  44,  23,  34,  39,  25,  35,  34,  46,  44,  47,  31,
  68,  53,  15,  34,  48,  28,  30,  33,  58,  27,  38,  52,  36,  58,  42,
  25,  35,  43,  38,  48,  68,  41,  62,  28,  71,  27,  37,  31,  49,  41,
  24,  20,  28,  29,  35,  53, 117,  49,  40,  34,  30,  28,  72,  48,  56,
  47,  38,  38,  55,  38,  24,  48,  41,  31,  47,  43,  41,  69,  38,  34,
  37,  42,  25,  33,  39,  30,  36,  53,  63,  21,  55,  25,  31,  29,  39,
 102,  59,  47,  46,  37,  55,  33,  65,  63,  34,  32,  59,  42,  28,  55,
  67,  31,  66,  45,  53,  63,  36,  31]