n: 512
lambda: 6
Median: 461.5
Mean: 461.8203125
Std: 61.958331965138825
Number of terminated evaluations (iters > n ^ 2): 0
[403, 414, 487, 396, 478, 651, 409, 382, 497, 502, 498, 429, 386, 404, 415,
 408, 539, 461, 473, 373, 475, 456, 435, 341, 516, 471, 441, 474, 396, 469,
 495, 441, 381, 463, 449, 455, 511, 463, 487, 467, 500, 476, 518, 416, 406,
 380, 510, 452, 445, 462, 477, 541, 354, 415, 382, 605, 521, 517, 433, 428,
 514, 443, 495, 508, 446, 412, 535, 518, 480, 383, 644, 428, 540, 488, 490,
 479, 455, 409, 413, 465, 519, 452, 446, 422, 470, 428, 524, 380, 466, 588,
 434, 392, 349, 397, 386, 508, 371, 618, 576, 486, 507, 526, 441, 506, 402,
 453, 472, 469, 417, 416, 502, 511, 421, 478, 373, 394, 399, 577, 490, 397,
 457, 414, 497, 516, 387, 408, 625, 572]