n: 64
lambda: 15
Median: 28.0
Mean: 28.015625
Std: 3.9764627320490504
Number of terminated evaluations (iters > n ^ 2): 0
[26, 30, 27, 30, 27, 32, 23, 28, 33, 26, 28, 34, 32, 22, 30, 33, 28, 31,
 22, 31, 34, 23, 27, 26, 31, 23, 33, 31, 25, 27, 26, 26, 23, 26, 30, 26,
 30, 18, 32, 28, 32, 26, 26, 28, 31, 20, 34, 27, 25, 34, 31, 28, 29, 21,
 27, 22, 30, 26, 34, 30, 32, 28, 28, 26, 29, 34, 27, 22, 24, 27, 29, 17,
 32, 34, 27, 26, 29, 34, 33, 24, 27, 24, 23, 26, 29, 21, 28, 29, 25, 27,
 29, 22, 26, 23, 32, 31, 30, 21, 32, 27, 33, 36, 23, 40, 29, 25, 28, 27,
 26, 33, 35, 36, 25, 29, 25, 27, 30, 27, 28, 31, 31, 25, 32, 26, 27, 28,
 24, 27]