n: 64
lambda: 2
Median: 190.0
Mean: 202.5234375
Std: 69.25439571379995
Number of terminated evaluations (iters > n ^ 2): 0
[156, 210, 245, 160, 201, 231, 171, 134, 153, 154,  95, 190, 127, 106, 121,
 171, 170, 221, 266, 162, 277, 208, 163, 179, 161, 164, 195, 168, 103, 116,
 244, 108, 138, 158, 146, 206, 232, 334, 267, 243, 361, 502, 252, 338, 271,
 157, 126, 166, 191, 137, 248, 141, 255, 147, 190, 290, 208, 104, 167, 156,
 244, 229, 125, 162, 140, 173, 224, 197, 217, 154, 161, 308, 132, 174, 149,
 190, 459, 220, 175, 341,  82, 183, 176, 256, 180, 222, 270, 216, 180, 177,
 216, 178, 289, 204, 196, 241, 177, 176, 197, 225, 284, 163, 140, 153, 240,
 166, 255, 245, 280, 196, 398, 257, 320, 203, 185, 370, 156, 247, 194, 146,
 196, 190, 170, 241, 146, 146, 136, 224]