l: 83
Real fitness of mutation winner: 747.0
Noisy fitness of mutation winner: 747.0
Crossover offspring real fitness: [769.0, 768.0, 767.0, 768.0, 768.0, 768.0, 768.0, 768.0, 767.0, 769.0, 766.0, 767.0, 768.0, 766.0, 768.0, 768.0, 769.0, 768.0, 768.0, 771.0, 768.0, 768.0, 768.0, 768.0, 767.0, 767.0, 768.0, 768.0, 768.0, 769.0, 768.0, 767.0, 767.0, 768.0, 768.0, 768.0, 768.0, 767.0, 768.0, 767.0, 767.0, 767.0, 769.0, 767.0, 766.0, 766.0, 768.0, 768.0, 768.0, 766.0, 767.0, 768.0, 768.0, 767.0, 768.0, 769.0, 768.0, 768.0, 768.0, 769.0, 769.0, 768.0, 768.0, 768.0, 768.0, 769.0, 768.0, 767.0, 768.0, 768.0, 767.0, 768.0, 768.0, 767.0, 767.0, 768.0, 767.0, 767.0, 769.0, 768.0, 768.0, 768.0, 767.0, 769.0, 766.0, 768.0, 766.0, 768.0, 766.0, 768.0, 768.0, 768.0, 771.0, 768.0, 768.0, 768.0, 767.0, 769.0, 768.0, 768.0, 768.0]
Crossover offspring noisy fitness: [769.0, 768.0, 767.0, 768.0, 768.0, 768.0, 768.0, 767.0, 767.0, 769.0, 766.0, 767.0, 768.0, 766.0, 767.0, 768.0, 769.0, 768.0, 768.0, 771.0, 768.0, 768.0, 768.0, 768.0, 767.0, 768.0, 768.0, 768.0, 768.0, 769.0, 768.0, 767.0, 767.0, 768.0, 768.0, 768.0, 768.0, 767.0, 768.0, 767.0, 767.0, 767.0, 769.0, 767.0, 766.0, 766.0, 768.0, 768.0, 768.0, 766.0, 767.0, 768.0, 768.0, 767.0, 769.0, 769.0, 768.0, 768.0, 768.0, 769.0, 769.0, 768.0, 768.0, 768.0, 768.0, 769.0, 768.0, 767.0, 768.0, 768.0, 767.0, 768.0, 768.0, 767.0, 766.0, 768.0, 767.0, 767.0, 769.0, 768.0, 768.0, 768.0, 767.0, 769.0, 766.0, 768.0, 767.0, 767.0, 766.0, 768.0, 768.0, 767.0, 771.0, 768.0, 768.0, 768.0, 767.0, 769.0, 768.0, 768.0, 769.0]
Is bad individual winner: 0
Real fitness of best good: 771.0
Noisy fitness of best good: 771.0
Real fitness of best bad: 767.0
Noisy fitness of best bad: 768.0

l: 98
Real fitness of mutation winner: 740.0
Noisy fitness of mutation winner: 740.0
Crossover offspring real fitness: [769.0, 768.0, 766.0, 768.0, 768.0, 769.0, 768.0, 768.0, 767.0, 767.0, 769.0, 770.0, 769.0, 768.0, 767.0, 769.0, 768.0, 768.0, 768.0, 768.0, 769.0, 768.0, 768.0, 767.0, 766.0, 768.0, 768.0, 768.0, 769.0, 767.0, 768.0, 768.0, 769.0, 768.0, 768.0, 768.0, 769.0, 767.0, 768.0, 767.0, 766.0, 768.0, 770.0, 768.0, 767.0, 769.0, 768.0, 770.0, 768.0, 767.0, 768.0, 769.0, 769.0, 765.0, 768.0, 770.0, 767.0, 766.0, 765.0, 768.0, 768.0, 767.0, 767.0, 768.0, 768.0, 768.0, 768.0, 768.0, 769.0, 768.0, 768.0, 768.0, 767.0, 766.0, 769.0, 769.0, 768.0, 767.0, 767.0, 768.0, 767.0, 767.0, 768.0, 768.0, 768.0, 768.0, 766.0, 767.0, 767.0, 768.0, 768.0, 768.0, 767.0, 770.0, 767.0, 765.0, 767.0, 767.0, 767.0, 768.0, 767.0]
Crossover offspring noisy fitness: [769.0, 768.0, 766.0, 768.0, 768.0, 769.0, 768.0, 768.0, 767.0, 767.0, 769.0, 770.0, 769.0, 768.0, 767.0, 769.0, 768.0, 768.0, 768.0, 768.0, 769.0, 768.0, 768.0, 767.0, 766.0, 768.0, 768.0, 768.0, 769.0, 767.0, 768.0, 768.0, 769.0, 768.0, 768.0, 768.0, 769.0, 767.0, 768.0, 767.0, 766.0, 768.0, 770.0, 768.0, 767.0, 769.0, 768.0, 770.0, 768.0, 767.0, 768.0, 770.0, 769.0, 765.0, 768.0, 770.0, 767.0, 766.0, 765.0, 768.0, 768.0, 767.0, 767.0, 768.0, 768.0, 768.0, 768.0, 768.0, 769.0, 768.0, 768.0, 767.0, 767.0, 766.0, 769.0, 769.0, 768.0, 767.0, 767.0, 768.0, 767.0, 767.0, 768.0, 768.0, 767.0, 768.0, 766.0, 767.0, 767.0, 767.0, 768.0, 768.0, 767.0, 770.0, 767.0, 765.0, 767.0, 767.0, 767.0, 768.0, 767.0]
Is bad individual winner: 0
Real fitness of best good: 770.0
Noisy fitness of best good: 770.0
Real fitness of best bad: 767.0
Noisy fitness of best bad: 767.0

l: 111
Real fitness of mutation winner: 733.0
Noisy fitness of mutation winner: 733.0
Crossover offspring real fitness: [770.0, 768.0, 767.0, 769.0, 768.0, 766.0, 767.0, 769.0, 768.0, 767.0, 768.0, 768.0, 769.0, 767.0, 769.0, 769.0, 768.0, 768.0, 766.0, 768.0, 766.0, 768.0, 767.0, 768.0, 771.0, 767.0, 768.0, 768.0, 767.0, 768.0, 768.0, 766.0, 767.0, 767.0, 768.0, 769.0, 768.0, 766.0, 767.0, 768.0, 769.0, 769.0, 767.0, 768.0, 767.0, 768.0, 767.0, 767.0, 767.0, 766.0, 766.0, 769.0, 766.0, 767.0, 768.0, 770.0, 768.0, 767.0, 768.0, 768.0, 766.0, 767.0, 767.0, 767.0, 766.0, 769.0, 767.0, 767.0, 767.0, 769.0, 768.0, 769.0, 768.0, 767.0, 767.0, 768.0, 768.0, 768.0, 768.0, 768.0, 768.0, 767.0, 768.0, 767.0, 768.0, 767.0, 767.0, 768.0, 768.0, 767.0, 767.0, 767.0, 768.0, 768.0, 768.0, 769.0, 768.0, 767.0, 768.0, 767.0, 767.0]
Crossover offspring noisy fitness: [770.0, 768.0, 767.0, 768.0, 768.0, 766.0, 767.0, 769.0, 768.0, 767.0, 768.0, 768.0, 769.0, 767.0, 769.0, 769.0, 768.0, 768.0, 766.0, 768.0, 766.0, 768.0, 767.0, 768.0, 771.0, 767.0, 768.0, 768.0, 767.0, 768.0, 768.0, 766.0, 767.0, 767.0, 768.0, 769.0, 768.0, 766.0, 767.0, 767.0, 769.0, 769.0, 767.0, 768.0, 767.0, 768.0, 767.0, 767.0, 767.0, 766.0, 766.0, 769.0, 766.0, 767.0, 768.0, 770.0, 768.0, 768.0, 768.0, 768.0, 766.0, 767.0, 767.0, 767.0, 766.0, 769.0, 767.0, 767.0, 767.0, 769.0, 768.0, 769.0, 767.0, 767.0, 767.0, 768.0, 768.0, 768.0, 768.0, 768.0, 768.0, 767.0, 769.0, 766.0, 768.0, 767.0, 767.0, 768.0, 768.0, 767.0, 767.0, 766.0, 768.0, 768.0, 768.0, 769.0, 768.0, 767.0, 768.0, 767.0, 767.0]
Is bad individual winner: 0
Real fitness of best good: 771.0
Noisy fitness of best good: 771.0
Real fitness of best bad: 767.0
Noisy fitness of best bad: 768.0

l: 94
Real fitness of mutation winner: 748.0
Noisy fitness of mutation winner: 748.0
Crossover offspring real fitness: [769.0, 767.0, 769.0, 768.0, 769.0, 767.0, 768.0, 768.0, 768.0, 768.0, 768.0, 767.0, 768.0, 769.0, 767.0, 769.0, 770.0, 769.0, 769.0, 768.0, 766.0, 768.0, 769.0, 768.0, 768.0, 768.0, 768.0, 768.0, 768.0, 768.0, 768.0, 769.0, 769.0, 769.0, 766.0, 769.0, 768.0, 767.0, 768.0, 767.0, 768.0, 768.0, 769.0, 768.0, 767.0, 768.0, 767.0, 769.0, 769.0, 768.0, 768.0, 769.0, 769.0, 767.0, 767.0, 767.0, 768.0, 768.0, 769.0, 768.0, 766.0, 768.0, 768.0, 768.0, 767.0, 768.0, 767.0, 767.0, 768.0, 766.0, 767.0, 769.0, 768.0, 769.0, 768.0, 768.0, 768.0, 767.0, 768.0, 767.0, 768.0, 768.0, 768.0, 767.0, 766.0, 766.0, 769.0, 768.0, 769.0, 768.0, 767.0, 769.0, 766.0, 767.0, 767.0, 769.0, 766.0, 765.0, 768.0, 767.0, 769.0]
Crossover offspring noisy fitness: [769.0, 767.0, 769.0, 768.0, 769.0, 767.0, 768.0, 768.0, 768.0, 768.0, 768.0, 766.0, 768.0, 769.0, 767.0, 769.0, 770.0, 769.0, 769.0, 768.0, 766.0, 769.0, 769.0, 768.0, 768.0, 768.0, 768.0, 768.0, 768.0, 768.0, 768.0, 769.0, 769.0, 769.0, 766.0, 769.0, 768.0, 767.0, 768.0, 767.0, 768.0, 768.0, 769.0, 768.0, 767.0, 768.0, 767.0, 769.0, 769.0, 768.0, 768.0, 768.0, 769.0, 767.0, 767.0, 767.0, 769.0, 768.0, 769.0, 768.0, 766.0, 768.0, 768.0, 768.0, 767.0, 768.0, 767.0, 768.0, 768.0, 766.0, 768.0, 769.0, 768.0, 769.0, 768.0, 767.0, 768.0, 767.0, 768.0, 767.0, 768.0, 768.0, 768.0, 767.0, 766.0, 766.0, 769.0, 768.0, 769.0, 768.0, 767.0, 769.0, 766.0, 767.0, 767.0, 769.0, 766.0, 765.0, 768.0, 767.0, 769.0]
Is bad individual winner: 0
Real fitness of best good: 770.0
Noisy fitness of best good: 770.0
Real fitness of best bad: 767.0
Noisy fitness of best bad: 768.0

l: 128
Real fitness of mutation winner: 724.0
Noisy fitness of mutation winner: 724.0
Crossover offspring real fitness: [767.0, 768.0, 767.0, 767.0, 768.0, 767.0, 768.0, 767.0, 768.0, 768.0, 767.0, 768.0, 768.0, 768.0, 766.0, 767.0, 768.0, 768.0, 767.0, 766.0, 767.0, 765.0, 768.0, 768.0, 768.0, 769.0, 769.0, 768.0, 768.0, 768.0, 767.0, 765.0, 767.0, 768.0, 767.0, 768.0, 769.0, 768.0, 767.0, 768.0, 768.0, 767.0, 768.0, 768.0, 768.0, 768.0, 767.0, 767.0, 768.0, 768.0, 769.0, 768.0, 766.0, 767.0, 768.0, 768.0, 768.0, 767.0, 768.0, 765.0, 768.0, 767.0, 767.0, 768.0, 769.0, 766.0, 767.0, 767.0, 768.0, 768.0, 767.0, 767.0, 767.0, 767.0, 768.0, 769.0, 769.0, 767.0, 768.0, 768.0, 768.0, 771.0, 768.0, 768.0, 767.0, 765.0, 767.0, 767.0, 768.0, 766.0, 768.0, 768.0, 768.0, 767.0, 768.0, 768.0, 767.0, 765.0, 764.0, 766.0, 768.0]
Crossover offspring noisy fitness: [767.0, 768.0, 767.0, 767.0, 768.0, 767.0, 768.0, 767.0, 768.0, 768.0, 766.0, 768.0, 768.0, 768.0, 766.0, 767.0, 768.0, 768.0, 767.0, 766.0, 767.0, 765.0, 768.0, 768.0, 768.0, 769.0, 769.0, 768.0, 768.0, 768.0, 767.0, 765.0, 767.0, 768.0, 767.0, 768.0, 769.0, 768.0, 767.0, 768.0, 768.0, 767.0, 768.0, 768.0, 768.0, 768.0, 767.0, 767.0, 767.0, 768.0, 769.0, 768.0, 766.0, 767.0, 768.0, 768.0, 768.0, 767.0, 768.0, 765.0, 768.0, 767.0, 768.0, 768.0, 769.0, 766.0, 767.0, 767.0, 768.0, 768.0, 767.0, 767.0, 767.0, 767.0, 768.0, 769.0, 769.0, 767.0, 768.0, 768.0, 768.0, 771.0, 768.0, 767.0, 767.0, 765.0, 767.0, 767.0, 768.0, 766.0, 768.0, 768.0, 768.0, 767.0, 768.0, 768.0, 766.0, 765.0, 764.0, 766.0, 768.0]
Is bad individual winner: 0
Real fitness of best good: 771.0
Noisy fitness of best good: 771.0
Real fitness of best bad: 767.0
Noisy fitness of best bad: 768.0

l: 116
Real fitness of mutation winner: 734.0
Noisy fitness of mutation winner: 734.0
Crossover offspring real fitness: [768.0, 768.0, 769.0, 767.0, 767.0, 767.0, 768.0, 767.0, 767.0, 770.0, 769.0, 768.0, 767.0, 770.0, 768.0, 769.0, 766.0, 767.0, 767.0, 769.0, 768.0, 768.0, 768.0, 767.0, 768.0, 767.0, 767.0, 769.0, 766.0, 768.0, 767.0, 767.0, 767.0, 769.0, 767.0, 766.0, 768.0, 768.0, 767.0, 768.0, 768.0, 768.0, 768.0, 766.0, 769.0, 765.0, 767.0, 768.0, 767.0, 767.0, 768.0, 769.0, 767.0, 768.0, 766.0, 768.0, 767.0, 768.0, 769.0, 768.0, 767.0, 768.0, 767.0, 768.0, 768.0, 768.0, 767.0, 768.0, 765.0, 768.0, 768.0, 768.0, 768.0, 767.0, 768.0, 767.0, 768.0, 767.0, 768.0, 767.0, 768.0, 768.0, 768.0, 768.0, 768.0, 770.0, 769.0, 768.0, 767.0, 768.0, 768.0, 767.0, 769.0, 768.0, 768.0, 768.0, 767.0, 766.0, 769.0, 767.0, 768.0]
Crossover offspring noisy fitness: [768.0, 768.0, 768.0, 767.0, 767.0, 767.0, 768.0, 767.0, 767.0, 770.0, 769.0, 767.0, 767.0, 770.0, 768.0, 769.0, 766.0, 767.0, 767.0, 769.0, 768.0, 768.0, 768.0, 767.0, 768.0, 766.0, 767.0, 769.0, 766.0, 768.0, 767.0, 767.0, 766.0, 769.0, 767.0, 766.0, 768.0, 768.0, 767.0, 768.0, 768.0, 768.0, 768.0, 765.0, 769.0, 765.0, 767.0, 768.0, 767.0, 767.0, 768.0, 769.0, 767.0, 768.0, 766.0, 768.0, 767.0, 768.0, 769.0, 768.0, 767.0, 768.0, 767.0, 768.0, 768.0, 768.0, 767.0, 768.0, 765.0, 768.0, 768.0, 768.0, 768.0, 767.0, 769.0, 767.0, 768.0, 767.0, 768.0, 768.0, 768.0, 768.0, 768.0, 768.0, 768.0, 770.0, 769.0, 768.0, 767.0, 768.0, 768.0, 767.0, 769.0, 768.0, 768.0, 768.0, 767.0, 766.0, 769.0, 767.0, 768.0]
Is bad individual winner: 0
Real fitness of best good: 770.0
Noisy fitness of best good: 770.0
Real fitness of best bad: 767.0
Noisy fitness of best bad: 768.0

l: 80
Real fitness of mutation winner: 752.0
Noisy fitness of mutation winner: 752.0
Crossover offspring real fitness: [768.0, 768.0, 766.0, 767.0, 769.0, 768.0, 768.0, 768.0, 768.0, 768.0, 768.0, 769.0, 768.0, 768.0, 768.0, 768.0, 767.0, 767.0, 769.0, 769.0, 768.0, 768.0, 769.0, 767.0, 768.0, 769.0, 767.0, 768.0, 767.0, 766.0, 768.0, 767.0, 766.0, 768.0, 768.0, 768.0, 769.0, 768.0, 770.0, 768.0, 769.0, 768.0, 767.0, 767.0, 768.0, 769.0, 770.0, 767.0, 768.0, 766.0, 768.0, 769.0, 769.0, 769.0, 768.0, 767.0, 768.0, 765.0, 767.0, 767.0, 769.0, 766.0, 768.0, 768.0, 768.0, 766.0, 767.0, 768.0, 769.0, 768.0, 768.0, 768.0, 769.0, 768.0, 768.0, 767.0, 768.0, 768.0, 768.0, 768.0, 767.0, 768.0, 768.0, 768.0, 768.0, 768.0, 767.0, 767.0, 770.0, 768.0, 768.0, 768.0, 768.0, 768.0, 769.0, 768.0, 768.0, 766.0, 767.0, 768.0, 768.0]
Crossover offspring noisy fitness: [768.0, 768.0, 766.0, 767.0, 769.0, 768.0, 768.0, 768.0, 768.0, 767.0, 769.0, 769.0, 768.0, 768.0, 768.0, 768.0, 767.0, 767.0, 769.0, 769.0, 768.0, 768.0, 769.0, 767.0, 768.0, 769.0, 767.0, 769.0, 767.0, 766.0, 768.0, 767.0, 766.0, 768.0, 768.0, 768.0, 769.0, 768.0, 770.0, 768.0, 769.0, 768.0, 767.0, 766.0, 768.0, 769.0, 770.0, 767.0, 768.0, 766.0, 768.0, 769.0, 769.0, 769.0, 768.0, 767.0, 768.0, 765.0, 766.0, 767.0, 769.0, 766.0, 768.0, 768.0, 767.0, 766.0, 766.0, 768.0, 769.0, 768.0, 768.0, 768.0, 769.0, 768.0, 768.0, 767.0, 768.0, 768.0, 768.0, 768.0, 767.0, 768.0, 769.0, 768.0, 768.0, 768.0, 767.0, 767.0, 770.0, 768.0, 768.0, 768.0, 768.0, 768.0, 769.0, 768.0, 767.0, 766.0, 767.0, 768.0, 768.0]
Is bad individual winner: 0
Real fitness of best good: 770.0
Noisy fitness of best good: 770.0
Real fitness of best bad: 767.0
Noisy fitness of best bad: 767.0

l: 81
Real fitness of mutation winner: 743.0
Noisy fitness of mutation winner: 743.0
Crossover offspring real fitness: [769.0, 769.0, 768.0, 768.0, 768.0, 768.0, 769.0, 768.0, 767.0, 768.0, 768.0, 768.0, 768.0, 768.0, 768.0, 767.0, 768.0, 768.0, 768.0, 766.0, 768.0, 768.0, 768.0, 768.0, 768.0, 768.0, 767.0, 768.0, 768.0, 768.0, 768.0, 768.0, 767.0, 768.0, 768.0, 767.0, 768.0, 769.0, 767.0, 767.0, 767.0, 768.0, 768.0, 768.0, 768.0, 767.0, 767.0, 768.0, 770.0, 768.0, 768.0, 767.0, 766.0, 767.0, 766.0, 767.0, 769.0, 768.0, 768.0, 768.0, 769.0, 767.0, 768.0, 768.0, 766.0, 766.0, 768.0, 768.0, 767.0, 771.0, 768.0, 769.0, 767.0, 768.0, 766.0, 768.0, 766.0, 769.0, 767.0, 768.0, 767.0, 767.0, 768.0, 768.0, 768.0, 767.0, 768.0, 767.0, 768.0, 769.0, 768.0, 770.0, 768.0, 766.0, 766.0, 767.0, 767.0, 767.0, 767.0, 769.0, 767.0]
Crossover offspring noisy fitness: [769.0, 769.0, 768.0, 768.0, 767.0, 768.0, 769.0, 768.0, 767.0, 768.0, 767.0, 768.0, 768.0, 768.0, 768.0, 767.0, 768.0, 768.0, 767.0, 766.0, 768.0, 768.0, 768.0, 768.0, 768.0, 768.0, 767.0, 768.0, 767.0, 768.0, 768.0, 768.0, 767.0, 768.0, 768.0, 767.0, 768.0, 769.0, 767.0, 767.0, 767.0, 768.0, 768.0, 768.0, 768.0, 767.0, 767.0, 768.0, 770.0, 768.0, 768.0, 766.0, 766.0, 767.0, 766.0, 767.0, 769.0, 768.0, 768.0, 768.0, 769.0, 767.0, 768.0, 768.0, 766.0, 766.0, 768.0, 768.0, 767.0, 771.0, 768.0, 769.0, 767.0, 768.0, 766.0, 768.0, 766.0, 769.0, 767.0, 768.0, 767.0, 767.0, 767.0, 768.0, 768.0, 767.0, 767.0, 767.0, 768.0, 769.0, 768.0, 770.0, 768.0, 766.0, 766.0, 767.0, 766.0, 767.0, 767.0, 770.0, 767.0]
Is bad individual winner: 0
Real fitness of best good: 771.0
Noisy fitness of best good: 771.0
Real fitness of best bad: 767.0
Noisy fitness of best bad: 767.0

l: 111
Real fitness of mutation winner: 729.0
Noisy fitness of mutation winner: 729.0
Crossover offspring real fitness: [767.0, 767.0, 768.0, 768.0, 766.0, 767.0, 766.0, 769.0, 768.0, 768.0, 767.0, 768.0, 766.0, 769.0, 769.0, 767.0, 768.0, 768.0, 768.0, 768.0, 767.0, 765.0, 768.0, 767.0, 769.0, 768.0, 768.0, 767.0, 768.0, 767.0, 768.0, 768.0, 767.0, 768.0, 769.0, 767.0, 769.0, 769.0, 769.0, 768.0, 768.0, 768.0, 768.0, 767.0, 769.0, 768.0, 766.0, 766.0, 766.0, 768.0, 768.0, 767.0, 769.0, 768.0, 767.0, 768.0, 768.0, 767.0, 766.0, 769.0, 767.0, 768.0, 765.0, 767.0, 767.0, 769.0, 768.0, 767.0, 768.0, 767.0, 769.0, 767.0, 769.0, 768.0, 765.0, 768.0, 768.0, 766.0, 767.0, 767.0, 766.0, 767.0, 769.0, 768.0, 768.0, 767.0, 767.0, 768.0, 768.0, 769.0, 770.0, 767.0, 766.0, 769.0, 767.0, 767.0, 769.0, 767.0, 768.0, 769.0, 768.0]
Crossover offspring noisy fitness: [767.0, 767.0, 768.0, 768.0, 766.0, 766.0, 766.0, 769.0, 768.0, 768.0, 767.0, 768.0, 766.0, 768.0, 769.0, 767.0, 768.0, 768.0, 768.0, 768.0, 767.0, 765.0, 768.0, 767.0, 769.0, 768.0, 768.0, 767.0, 768.0, 767.0, 768.0, 768.0, 767.0, 767.0, 769.0, 767.0, 769.0, 769.0, 769.0, 768.0, 768.0, 768.0, 768.0, 767.0, 769.0, 768.0, 766.0, 765.0, 766.0, 768.0, 768.0, 767.0, 770.0, 768.0, 767.0, 768.0, 767.0, 767.0, 766.0, 769.0, 767.0, 768.0, 765.0, 767.0, 767.0, 769.0, 769.0, 767.0, 768.0, 767.0, 769.0, 767.0, 769.0, 768.0, 765.0, 767.0, 768.0, 766.0, 767.0, 767.0, 766.0, 767.0, 768.0, 768.0, 768.0, 767.0, 767.0, 768.0, 768.0, 769.0, 770.0, 767.0, 766.0, 769.0, 767.0, 767.0, 769.0, 767.0, 768.0, 769.0, 768.0]
Is bad individual winner: 0
Real fitness of best good: 770.0
Noisy fitness of best good: 770.0
Real fitness of best bad: 767.0
Noisy fitness of best bad: 767.0

l: 102
Real fitness of mutation winner: 744.0
Noisy fitness of mutation winner: 744.0
Crossover offspring real fitness: [767.0, 768.0, 770.0, 767.0, 769.0, 766.0, 768.0, 767.0, 767.0, 768.0, 769.0, 769.0, 769.0, 770.0, 767.0, 768.0, 767.0, 768.0, 768.0, 768.0, 769.0, 769.0, 769.0, 768.0, 767.0, 768.0, 767.0, 767.0, 767.0, 767.0, 767.0, 768.0, 769.0, 769.0, 768.0, 769.0, 767.0, 768.0, 767.0, 768.0, 768.0, 767.0, 767.0, 768.0, 768.0, 768.0, 767.0, 767.0, 767.0, 769.0, 768.0, 768.0, 768.0, 769.0, 767.0, 767.0, 767.0, 768.0, 767.0, 768.0, 768.0, 768.0, 767.0, 768.0, 768.0, 768.0, 768.0, 769.0, 770.0, 768.0, 765.0, 767.0, 768.0, 766.0, 768.0, 769.0, 768.0, 769.0, 768.0, 768.0, 768.0, 768.0, 768.0, 768.0, 768.0, 766.0, 768.0, 768.0, 766.0, 769.0, 767.0, 767.0, 768.0, 767.0, 766.0, 768.0, 768.0, 768.0, 768.0, 768.0, 769.0]
Crossover offspring noisy fitness: [767.0, 768.0, 770.0, 767.0, 768.0, 766.0, 768.0, 767.0, 767.0, 768.0, 769.0, 769.0, 769.0, 770.0, 767.0, 768.0, 767.0, 768.0, 768.0, 768.0, 769.0, 769.0, 769.0, 768.0, 767.0, 768.0, 767.0, 767.0, 767.0, 767.0, 767.0, 768.0, 769.0, 769.0, 768.0, 769.0, 767.0, 768.0, 767.0, 768.0, 768.0, 767.0, 767.0, 767.0, 768.0, 768.0, 767.0, 767.0, 767.0, 769.0, 768.0, 768.0, 768.0, 769.0, 767.0, 767.0, 767.0, 767.0, 767.0, 768.0, 768.0, 768.0, 767.0, 768.0, 768.0, 768.0, 768.0, 769.0, 769.0, 768.0, 765.0, 767.0, 768.0, 766.0, 768.0, 769.0, 768.0, 769.0, 768.0, 768.0, 768.0, 768.0, 768.0, 768.0, 768.0, 766.0, 768.0, 768.0, 766.0, 769.0, 767.0, 767.0, 768.0, 767.0, 766.0, 768.0, 767.0, 768.0, 768.0, 768.0, 769.0]
Is bad individual winner: 0
Real fitness of best good: 770.0
Noisy fitness of best good: 770.0
Real fitness of best bad: 767.0
Noisy fitness of best bad: 767.0

l: 95
Real fitness of mutation winner: 741.0
Noisy fitness of mutation winner: 741.0
Crossover offspring real fitness: [767.0, 767.0, 768.0, 767.0, 768.0, 770.0, 767.0, 767.0, 770.0, 768.0, 767.0, 767.0, 768.0, 768.0, 768.0, 768.0, 767.0, 769.0, 768.0, 767.0, 768.0, 768.0, 768.0, 768.0, 768.0, 768.0, 769.0, 768.0, 767.0, 769.0, 766.0, 770.0, 768.0, 768.0, 768.0, 767.0, 768.0, 769.0, 769.0, 768.0, 768.0, 768.0, 767.0, 767.0, 770.0, 767.0, 768.0, 768.0, 769.0, 768.0, 769.0, 767.0, 766.0, 768.0, 768.0, 767.0, 770.0, 768.0, 767.0, 768.0, 769.0, 769.0, 768.0, 767.0, 767.0, 766.0, 770.0, 766.0, 768.0, 769.0, 768.0, 768.0, 768.0, 767.0, 768.0, 768.0, 769.0, 766.0, 769.0, 769.0, 766.0, 767.0, 769.0, 768.0, 767.0, 768.0, 768.0, 768.0, 768.0, 768.0, 767.0, 768.0, 766.0, 767.0, 767.0, 767.0, 768.0, 768.0, 769.0, 767.0, 768.0]
Crossover offspring noisy fitness: [767.0, 767.0, 768.0, 767.0, 768.0, 770.0, 767.0, 767.0, 770.0, 768.0, 767.0, 767.0, 768.0, 768.0, 768.0, 768.0, 767.0, 768.0, 768.0, 766.0, 768.0, 767.0, 768.0, 768.0, 768.0, 768.0, 769.0, 768.0, 767.0, 769.0, 766.0, 770.0, 768.0, 767.0, 768.0, 767.0, 768.0, 769.0, 769.0, 768.0, 768.0, 767.0, 767.0, 766.0, 770.0, 767.0, 768.0, 768.0, 769.0, 768.0, 769.0, 767.0, 766.0, 768.0, 768.0, 767.0, 770.0, 768.0, 767.0, 768.0, 769.0, 769.0, 768.0, 767.0, 767.0, 766.0, 770.0, 766.0, 767.0, 769.0, 768.0, 768.0, 768.0, 767.0, 768.0, 768.0, 769.0, 766.0, 769.0, 769.0, 766.0, 767.0, 769.0, 768.0, 767.0, 768.0, 768.0, 768.0, 768.0, 768.0, 767.0, 768.0, 766.0, 767.0, 767.0, 767.0, 768.0, 768.0, 769.0, 767.0, 768.0]
Is bad individual winner: 0
Real fitness of best good: 770.0
Noisy fitness of best good: 770.0
Real fitness of best bad: 767.0
Noisy fitness of best bad: 767.0

l: 107
Real fitness of mutation winner: 735.0
Noisy fitness of mutation winner: 735.0
Crossover offspring real fitness: [768.0, 769.0, 768.0, 768.0, 768.0, 768.0, 768.0, 768.0, 768.0, 767.0, 768.0, 767.0, 770.0, 768.0, 768.0, 768.0, 768.0, 767.0, 767.0, 767.0, 768.0, 768.0, 767.0, 769.0, 767.0, 767.0, 769.0, 768.0, 765.0, 768.0, 768.0, 769.0, 766.0, 768.0, 767.0, 767.0, 767.0, 768.0, 768.0, 767.0, 768.0, 766.0, 768.0, 767.0, 767.0, 766.0, 770.0, 768.0, 767.0, 768.0, 768.0, 768.0, 768.0, 768.0, 767.0, 769.0, 768.0, 767.0, 769.0, 768.0, 768.0, 766.0, 767.0, 768.0, 768.0, 767.0, 768.0, 767.0, 769.0, 768.0, 768.0, 766.0, 768.0, 767.0, 768.0, 768.0, 768.0, 769.0, 767.0, 769.0, 768.0, 767.0, 768.0, 768.0, 766.0, 767.0, 768.0, 767.0, 768.0, 768.0, 767.0, 768.0, 768.0, 770.0, 766.0, 769.0, 766.0, 766.0, 764.0, 768.0, 766.0]
Crossover offspring noisy fitness: [768.0, 769.0, 768.0, 768.0, 768.0, 768.0, 768.0, 768.0, 768.0, 767.0, 768.0, 767.0, 770.0, 768.0, 768.0, 768.0, 768.0, 767.0, 767.0, 766.0, 767.0, 768.0, 767.0, 769.0, 767.0, 767.0, 769.0, 768.0, 765.0, 768.0, 768.0, 769.0, 766.0, 768.0, 767.0, 767.0, 767.0, 768.0, 768.0, 767.0, 768.0, 766.0, 768.0, 767.0, 767.0, 766.0, 770.0, 768.0, 767.0, 768.0, 768.0, 768.0, 768.0, 768.0, 767.0, 769.0, 768.0, 767.0, 769.0, 768.0, 768.0, 766.0, 767.0, 768.0, 768.0, 767.0, 768.0, 767.0, 769.0, 768.0, 768.0, 766.0, 767.0, 767.0, 768.0, 768.0, 768.0, 769.0, 767.0, 769.0, 768.0, 767.0, 768.0, 768.0, 765.0, 767.0, 768.0, 767.0, 768.0, 769.0, 767.0, 768.0, 768.0, 770.0, 766.0, 769.0, 766.0, 766.0, 764.0, 768.0, 766.0]
Is bad individual winner: 0
Real fitness of best good: 770.0
Noisy fitness of best good: 770.0
Real fitness of best bad: 767.0
Noisy fitness of best bad: 767.0

l: 103
Real fitness of mutation winner: 737.0
Noisy fitness of mutation winner: 737.0
Crossover offspring real fitness: [768.0, 768.0, 769.0, 766.0, 768.0, 768.0, 766.0, 768.0, 766.0, 769.0, 767.0, 768.0, 767.0, 767.0, 768.0, 766.0, 768.0, 768.0, 767.0, 767.0, 768.0, 768.0, 768.0, 769.0, 768.0, 766.0, 766.0, 768.0, 767.0, 770.0, 766.0, 766.0, 769.0, 769.0, 767.0, 768.0, 768.0, 767.0, 766.0, 767.0, 768.0, 768.0, 768.0, 767.0, 768.0, 768.0, 768.0, 768.0, 768.0, 769.0, 768.0, 768.0, 767.0, 768.0, 769.0, 769.0, 768.0, 768.0, 769.0, 770.0, 767.0, 768.0, 768.0, 767.0, 768.0, 767.0, 767.0, 768.0, 767.0, 769.0, 767.0, 768.0, 769.0, 768.0, 767.0, 769.0, 768.0, 770.0, 767.0, 768.0, 768.0, 767.0, 768.0, 768.0, 767.0, 768.0, 767.0, 769.0, 768.0, 767.0, 769.0, 769.0, 768.0, 768.0, 767.0, 766.0, 766.0, 769.0, 769.0, 768.0, 767.0]
Crossover offspring noisy fitness: [768.0, 768.0, 769.0, 766.0, 768.0, 768.0, 766.0, 768.0, 766.0, 769.0, 767.0, 767.0, 767.0, 767.0, 768.0, 766.0, 768.0, 768.0, 767.0, 767.0, 768.0, 768.0, 768.0, 769.0, 768.0, 766.0, 766.0, 768.0, 767.0, 770.0, 766.0, 766.0, 769.0, 769.0, 767.0, 768.0, 768.0, 767.0, 766.0, 767.0, 768.0, 768.0, 768.0, 767.0, 767.0, 768.0, 768.0, 768.0, 768.0, 769.0, 767.0, 768.0, 767.0, 768.0, 769.0, 769.0, 768.0, 768.0, 769.0, 770.0, 767.0, 768.0, 768.0, 767.0, 767.0, 767.0, 767.0, 768.0, 767.0, 769.0, 767.0, 768.0, 769.0, 768.0, 767.0, 769.0, 768.0, 770.0, 767.0, 768.0, 768.0, 767.0, 768.0, 768.0, 767.0, 768.0, 767.0, 769.0, 767.0, 767.0, 769.0, 769.0, 768.0, 768.0, 767.0, 766.0, 766.0, 769.0, 769.0, 768.0, 767.0]
Is bad individual winner: 0
Real fitness of best good: 770.0
Noisy fitness of best good: 770.0
Real fitness of best bad: 767.0
Noisy fitness of best bad: 767.0

l: 92
Real fitness of mutation winner: 748.0
Noisy fitness of mutation winner: 748.0
Crossover offspring real fitness: [768.0, 768.0, 766.0, 766.0, 768.0, 766.0, 770.0, 768.0, 768.0, 768.0, 769.0, 768.0, 768.0, 767.0, 767.0, 768.0, 768.0, 769.0, 768.0, 767.0, 770.0, 768.0, 767.0, 767.0, 768.0, 769.0, 765.0, 768.0, 770.0, 767.0, 768.0, 768.0, 768.0, 767.0, 768.0, 769.0, 768.0, 767.0, 768.0, 768.0, 769.0, 769.0, 768.0, 769.0, 768.0, 770.0, 769.0, 768.0, 768.0, 767.0, 768.0, 767.0, 768.0, 768.0, 768.0, 768.0, 768.0, 768.0, 767.0, 767.0, 769.0, 766.0, 769.0, 769.0, 768.0, 768.0, 768.0, 768.0, 767.0, 767.0, 767.0, 768.0, 768.0, 767.0, 768.0, 769.0, 768.0, 768.0, 768.0, 769.0, 768.0, 767.0, 768.0, 767.0, 768.0, 766.0, 767.0, 769.0, 770.0, 767.0, 768.0, 766.0, 769.0, 769.0, 767.0, 768.0, 768.0, 768.0, 769.0, 768.0, 768.0]
Crossover offspring noisy fitness: [768.0, 768.0, 766.0, 766.0, 768.0, 766.0, 770.0, 768.0, 768.0, 768.0, 769.0, 768.0, 768.0, 767.0, 767.0, 768.0, 768.0, 769.0, 768.0, 767.0, 770.0, 768.0, 767.0, 767.0, 768.0, 769.0, 765.0, 768.0, 770.0, 767.0, 768.0, 768.0, 768.0, 767.0, 769.0, 769.0, 768.0, 767.0, 768.0, 768.0, 769.0, 769.0, 768.0, 769.0, 768.0, 770.0, 769.0, 768.0, 768.0, 767.0, 768.0, 767.0, 768.0, 768.0, 768.0, 768.0, 768.0, 768.0, 767.0, 767.0, 769.0, 766.0, 769.0, 769.0, 768.0, 768.0, 768.0, 768.0, 767.0, 767.0, 767.0, 768.0, 768.0, 767.0, 768.0, 769.0, 768.0, 768.0, 768.0, 769.0, 768.0, 767.0, 768.0, 767.0, 768.0, 766.0, 767.0, 769.0, 769.0, 767.0, 768.0, 766.0, 769.0, 769.0, 767.0, 768.0, 768.0, 768.0, 769.0, 768.0, 768.0]
Is bad individual winner: 0
Real fitness of best good: 770.0
Noisy fitness of best good: 770.0
Real fitness of best bad: 767.0
Noisy fitness of best bad: 767.0

l: 111
Real fitness of mutation winner: 733.0
Noisy fitness of mutation winner: 732.0
Crossover offspring real fitness: [771.0, 768.0, 769.0, 768.0, 769.0, 768.0, 767.0, 765.0, 770.0, 767.0, 768.0, 768.0, 766.0, 768.0, 768.0, 768.0, 769.0, 768.0, 770.0, 767.0, 768.0, 768.0, 768.0, 768.0, 768.0, 765.0, 768.0, 768.0, 767.0, 767.0, 767.0, 765.0, 766.0, 767.0, 767.0, 767.0, 768.0, 769.0, 766.0, 768.0, 767.0, 766.0, 768.0, 768.0, 767.0, 767.0, 767.0, 767.0, 768.0, 767.0, 769.0, 766.0, 768.0, 767.0, 767.0, 769.0, 767.0, 768.0, 767.0, 768.0, 768.0, 766.0, 767.0, 767.0, 768.0, 766.0, 767.0, 767.0, 767.0, 768.0, 767.0, 767.0, 766.0, 767.0, 768.0, 767.0, 768.0, 766.0, 769.0, 768.0, 768.0, 768.0, 769.0, 768.0, 769.0, 768.0, 768.0, 767.0, 767.0, 768.0, 768.0, 767.0, 766.0, 768.0, 768.0, 768.0, 768.0, 768.0, 768.0, 767.0, 765.0]
Crossover offspring noisy fitness: [771.0, 768.0, 769.0, 768.0, 769.0, 768.0, 767.0, 765.0, 770.0, 766.0, 768.0, 768.0, 766.0, 768.0, 767.0, 768.0, 769.0, 768.0, 770.0, 767.0, 768.0, 768.0, 768.0, 768.0, 768.0, 765.0, 768.0, 768.0, 767.0, 766.0, 767.0, 765.0, 766.0, 767.0, 767.0, 767.0, 768.0, 769.0, 766.0, 768.0, 767.0, 766.0, 768.0, 767.0, 767.0, 767.0, 767.0, 767.0, 768.0, 767.0, 769.0, 766.0, 768.0, 767.0, 767.0, 769.0, 767.0, 768.0, 767.0, 768.0, 768.0, 766.0, 767.0, 767.0, 768.0, 766.0, 767.0, 767.0, 767.0, 768.0, 767.0, 767.0, 766.0, 767.0, 768.0, 767.0, 768.0, 766.0, 769.0, 768.0, 768.0, 768.0, 769.0, 768.0, 769.0, 768.0, 768.0, 767.0, 767.0, 768.0, 768.0, 767.0, 766.0, 769.0, 768.0, 768.0, 768.0, 768.0, 767.0, 767.0, 765.0]
Is bad individual winner: 0
Real fitness of best good: 771.0
Noisy fitness of best good: 771.0
Real fitness of best bad: 767.0
Noisy fitness of best bad: 767.0

l: 107
Real fitness of mutation winner: 743.0
Noisy fitness of mutation winner: 743.0
Crossover offspring real fitness: [768.0, 767.0, 768.0, 768.0, 769.0, 769.0, 767.0, 769.0, 768.0, 768.0, 767.0, 768.0, 769.0, 767.0, 767.0, 767.0, 768.0, 766.0, 767.0, 767.0, 768.0, 769.0, 768.0, 768.0, 768.0, 769.0, 767.0, 770.0, 768.0, 767.0, 767.0, 769.0, 768.0, 768.0, 770.0, 767.0, 768.0, 766.0, 768.0, 768.0, 770.0, 767.0, 769.0, 767.0, 767.0, 766.0, 768.0, 767.0, 768.0, 772.0, 767.0, 767.0, 767.0, 767.0, 770.0, 768.0, 767.0, 770.0, 769.0, 768.0, 768.0, 769.0, 767.0, 769.0, 768.0, 767.0, 768.0, 767.0, 768.0, 766.0, 769.0, 767.0, 768.0, 768.0, 768.0, 767.0, 767.0, 768.0, 766.0, 768.0, 769.0, 769.0, 768.0, 767.0, 768.0, 768.0, 767.0, 766.0, 768.0, 768.0, 768.0, 767.0, 766.0, 770.0, 767.0, 771.0, 769.0, 768.0, 769.0, 768.0, 768.0]
Crossover offspring noisy fitness: [768.0, 767.0, 768.0, 768.0, 769.0, 769.0, 767.0, 769.0, 768.0, 768.0, 767.0, 768.0, 769.0, 767.0, 767.0, 767.0, 768.0, 766.0, 767.0, 767.0, 768.0, 769.0, 768.0, 768.0, 768.0, 769.0, 767.0, 770.0, 768.0, 767.0, 767.0, 769.0, 768.0, 768.0, 770.0, 767.0, 768.0, 766.0, 768.0, 768.0, 770.0, 767.0, 769.0, 767.0, 767.0, 766.0, 768.0, 767.0, 768.0, 772.0, 767.0, 767.0, 767.0, 767.0, 770.0, 768.0, 767.0, 770.0, 769.0, 768.0, 768.0, 769.0, 766.0, 769.0, 768.0, 767.0, 768.0, 767.0, 768.0, 767.0, 769.0, 766.0, 768.0, 768.0, 768.0, 767.0, 767.0, 768.0, 766.0, 768.0, 769.0, 769.0, 768.0, 767.0, 768.0, 768.0, 767.0, 766.0, 768.0, 768.0, 768.0, 767.0, 766.0, 770.0, 767.0, 771.0, 769.0, 768.0, 769.0, 768.0, 768.0]
Is bad individual winner: 0
Real fitness of best good: 772.0
Noisy fitness of best good: 772.0
Real fitness of best bad: 767.0
Noisy fitness of best bad: 767.0

l: 98
Real fitness of mutation winner: 744.0
Noisy fitness of mutation winner: 744.0
Crossover offspring real fitness: [768.0, 768.0, 768.0, 767.0, 767.0, 768.0, 768.0, 767.0, 768.0, 768.0, 769.0, 767.0, 769.0, 768.0, 769.0, 768.0, 767.0, 768.0, 768.0, 769.0, 771.0, 769.0, 768.0, 767.0, 767.0, 768.0, 767.0, 768.0, 768.0, 769.0, 768.0, 768.0, 769.0, 768.0, 766.0, 768.0, 768.0, 767.0, 768.0, 767.0, 770.0, 768.0, 768.0, 768.0, 768.0, 768.0, 767.0, 768.0, 767.0, 768.0, 767.0, 767.0, 767.0, 769.0, 767.0, 768.0, 766.0, 768.0, 768.0, 768.0, 768.0, 769.0, 769.0, 768.0, 768.0, 769.0, 768.0, 770.0, 768.0, 769.0, 765.0, 768.0, 768.0, 769.0, 768.0, 768.0, 768.0, 768.0, 767.0, 767.0, 769.0, 769.0, 766.0, 768.0, 767.0, 769.0, 768.0, 768.0, 768.0, 767.0, 767.0, 769.0, 767.0, 768.0, 766.0, 765.0, 767.0, 769.0, 768.0, 768.0, 767.0]
Crossover offspring noisy fitness: [768.0, 768.0, 768.0, 767.0, 767.0, 768.0, 768.0, 767.0, 768.0, 768.0, 769.0, 767.0, 768.0, 768.0, 769.0, 768.0, 766.0, 768.0, 768.0, 769.0, 771.0, 769.0, 768.0, 767.0, 767.0, 768.0, 767.0, 768.0, 767.0, 769.0, 768.0, 767.0, 769.0, 768.0, 766.0, 768.0, 768.0, 767.0, 768.0, 767.0, 769.0, 768.0, 767.0, 768.0, 768.0, 768.0, 767.0, 768.0, 767.0, 767.0, 767.0, 767.0, 767.0, 769.0, 767.0, 768.0, 766.0, 768.0, 768.0, 768.0, 768.0, 769.0, 769.0, 768.0, 768.0, 769.0, 768.0, 770.0, 768.0, 769.0, 765.0, 768.0, 768.0, 769.0, 768.0, 768.0, 768.0, 768.0, 767.0, 767.0, 769.0, 769.0, 766.0, 768.0, 767.0, 769.0, 768.0, 768.0, 768.0, 767.0, 767.0, 769.0, 767.0, 768.0, 765.0, 765.0, 767.0, 769.0, 768.0, 768.0, 767.0]
Is bad individual winner: 0
Real fitness of best good: 771.0
Noisy fitness of best good: 771.0
Real fitness of best bad: 767.0
Noisy fitness of best bad: 767.0

l: 95
Real fitness of mutation winner: 739.0
Noisy fitness of mutation winner: 739.0
Crossover offspring real fitness: [767.0, 767.0, 765.0, 767.0, 770.0, 769.0, 768.0, 768.0, 767.0, 767.0, 767.0, 767.0, 767.0, 767.0, 765.0, 767.0, 768.0, 767.0, 768.0, 766.0, 768.0, 769.0, 765.0, 768.0, 767.0, 766.0, 770.0, 770.0, 766.0, 768.0, 769.0, 769.0, 768.0, 769.0, 768.0, 770.0, 765.0, 768.0, 767.0, 767.0, 768.0, 768.0, 767.0, 766.0, 769.0, 767.0, 768.0, 768.0, 768.0, 768.0, 768.0, 768.0, 768.0, 767.0, 768.0, 768.0, 768.0, 768.0, 770.0, 768.0, 768.0, 768.0, 769.0, 767.0, 766.0, 769.0, 766.0, 768.0, 768.0, 768.0, 769.0, 767.0, 767.0, 771.0, 767.0, 769.0, 768.0, 768.0, 768.0, 766.0, 767.0, 768.0, 767.0, 768.0, 768.0, 767.0, 768.0, 769.0, 767.0, 767.0, 769.0, 770.0, 767.0, 769.0, 769.0, 768.0, 768.0, 768.0, 766.0, 770.0, 769.0]
Crossover offspring noisy fitness: [767.0, 767.0, 765.0, 767.0, 770.0, 769.0, 768.0, 768.0, 767.0, 767.0, 767.0, 767.0, 767.0, 767.0, 765.0, 767.0, 768.0, 767.0, 768.0, 766.0, 768.0, 769.0, 765.0, 768.0, 767.0, 766.0, 770.0, 770.0, 766.0, 768.0, 769.0, 769.0, 768.0, 769.0, 768.0, 770.0, 765.0, 768.0, 767.0, 767.0, 768.0, 768.0, 767.0, 766.0, 769.0, 767.0, 768.0, 768.0, 768.0, 768.0, 768.0, 768.0, 768.0, 767.0, 767.0, 768.0, 768.0, 767.0, 770.0, 768.0, 768.0, 768.0, 769.0, 767.0, 766.0, 769.0, 766.0, 768.0, 767.0, 768.0, 769.0, 767.0, 767.0, 772.0, 767.0, 769.0, 768.0, 768.0, 768.0, 765.0, 767.0, 768.0, 767.0, 768.0, 768.0, 767.0, 768.0, 769.0, 767.0, 767.0, 769.0, 770.0, 767.0, 769.0, 769.0, 768.0, 768.0, 768.0, 766.0, 769.0, 769.0]
Is bad individual winner: 0
Real fitness of best good: 771.0
Noisy fitness of best good: 772.0
Real fitness of best bad: 767.0
Noisy fitness of best bad: 767.0

l: 99
Real fitness of mutation winner: 735.0
Noisy fitness of mutation winner: 735.0
Crossover offspring real fitness: [768.0, 768.0, 767.0, 767.0, 768.0, 767.0, 764.0, 768.0, 768.0, 768.0, 768.0, 768.0, 768.0, 769.0, 769.0, 766.0, 769.0, 768.0, 767.0, 767.0, 769.0, 767.0, 767.0, 768.0, 767.0, 768.0, 769.0, 768.0, 767.0, 768.0, 769.0, 768.0, 768.0, 767.0, 768.0, 767.0, 767.0, 768.0, 765.0, 767.0, 768.0, 768.0, 768.0, 766.0, 768.0, 768.0, 769.0, 767.0, 769.0, 768.0, 767.0, 768.0, 768.0, 767.0, 768.0, 767.0, 768.0, 766.0, 768.0, 768.0, 768.0, 767.0, 768.0, 767.0, 769.0, 768.0, 768.0, 768.0, 768.0, 768.0, 768.0, 768.0, 766.0, 769.0, 769.0, 768.0, 769.0, 767.0, 768.0, 769.0, 768.0, 767.0, 769.0, 768.0, 765.0, 767.0, 770.0, 767.0, 768.0, 768.0, 767.0, 769.0, 769.0, 768.0, 769.0, 768.0, 767.0, 769.0, 766.0, 768.0, 767.0]
Crossover offspring noisy fitness: [768.0, 768.0, 768.0, 767.0, 768.0, 767.0, 764.0, 768.0, 768.0, 768.0, 768.0, 768.0, 768.0, 769.0, 769.0, 766.0, 769.0, 768.0, 767.0, 767.0, 769.0, 767.0, 767.0, 768.0, 766.0, 768.0, 769.0, 768.0, 767.0, 768.0, 769.0, 768.0, 768.0, 767.0, 768.0, 766.0, 767.0, 768.0, 765.0, 767.0, 768.0, 768.0, 768.0, 765.0, 768.0, 768.0, 769.0, 767.0, 769.0, 768.0, 767.0, 768.0, 767.0, 767.0, 768.0, 767.0, 768.0, 765.0, 768.0, 768.0, 767.0, 767.0, 768.0, 767.0, 769.0, 768.0, 768.0, 768.0, 768.0, 768.0, 768.0, 767.0, 766.0, 769.0, 769.0, 768.0, 769.0, 767.0, 768.0, 768.0, 768.0, 767.0, 769.0, 768.0, 765.0, 767.0, 770.0, 767.0, 768.0, 768.0, 767.0, 769.0, 769.0, 767.0, 769.0, 768.0, 767.0, 769.0, 766.0, 768.0, 767.0]
Is bad individual winner: 0
Real fitness of best good: 770.0
Noisy fitness of best good: 770.0
Real fitness of best bad: 767.0
Noisy fitness of best bad: 768.0

l: 106
Real fitness of mutation winner: 734.0
Noisy fitness of mutation winner: 734.0
Crossover offspring real fitness: [768.0, 766.0, 768.0, 766.0, 768.0, 770.0, 768.0, 766.0, 767.0, 765.0, 768.0, 768.0, 768.0, 768.0, 767.0, 768.0, 769.0, 768.0, 768.0, 766.0, 769.0, 768.0, 769.0, 768.0, 768.0, 768.0, 769.0, 767.0, 770.0, 766.0, 768.0, 767.0, 769.0, 767.0, 769.0, 768.0, 768.0, 768.0, 767.0, 768.0, 766.0, 768.0, 768.0, 767.0, 767.0, 768.0, 768.0, 768.0, 768.0, 769.0, 768.0, 769.0, 767.0, 767.0, 768.0, 768.0, 767.0, 766.0, 767.0, 768.0, 768.0, 769.0, 769.0, 768.0, 769.0, 767.0, 769.0, 768.0, 768.0, 768.0, 768.0, 767.0, 768.0, 767.0, 765.0, 767.0, 767.0, 767.0, 769.0, 767.0, 768.0, 769.0, 767.0, 768.0, 767.0, 767.0, 768.0, 768.0, 768.0, 768.0, 767.0, 769.0, 767.0, 769.0, 768.0, 766.0, 766.0, 767.0, 768.0, 766.0, 766.0]
Crossover offspring noisy fitness: [768.0, 766.0, 768.0, 766.0, 768.0, 770.0, 768.0, 766.0, 767.0, 765.0, 768.0, 768.0, 768.0, 768.0, 767.0, 768.0, 769.0, 768.0, 768.0, 766.0, 769.0, 768.0, 769.0, 768.0, 768.0, 768.0, 769.0, 767.0, 770.0, 766.0, 768.0, 767.0, 769.0, 767.0, 769.0, 768.0, 768.0, 768.0, 767.0, 768.0, 766.0, 768.0, 768.0, 768.0, 767.0, 768.0, 768.0, 768.0, 768.0, 769.0, 768.0, 769.0, 767.0, 767.0, 768.0, 768.0, 767.0, 766.0, 767.0, 768.0, 768.0, 769.0, 769.0, 768.0, 769.0, 767.0, 769.0, 768.0, 768.0, 768.0, 768.0, 767.0, 768.0, 767.0, 765.0, 767.0, 767.0, 767.0, 769.0, 767.0, 768.0, 769.0, 766.0, 768.0, 767.0, 767.0, 768.0, 768.0, 768.0, 768.0, 767.0, 769.0, 767.0, 769.0, 768.0, 764.0, 766.0, 767.0, 768.0, 766.0, 766.0]
Is bad individual winner: 0
Real fitness of best good: 770.0
Noisy fitness of best good: 770.0
Real fitness of best bad: 767.0
Noisy fitness of best bad: 768.0

l: 117
Real fitness of mutation winner: 727.0
Noisy fitness of mutation winner: 727.0
Crossover offspring real fitness: [767.0, 767.0, 768.0, 767.0, 764.0, 770.0, 768.0, 768.0, 768.0, 767.0, 767.0, 767.0, 767.0, 768.0, 768.0, 769.0, 769.0, 768.0, 767.0, 768.0, 768.0, 768.0, 767.0, 766.0, 770.0, 769.0, 768.0, 766.0, 767.0, 767.0, 767.0, 769.0, 768.0, 767.0, 764.0, 768.0, 769.0, 769.0, 767.0, 770.0, 767.0, 768.0, 767.0, 767.0, 767.0, 768.0, 766.0, 769.0, 767.0, 768.0, 768.0, 766.0, 767.0, 766.0, 767.0, 767.0, 768.0, 766.0, 767.0, 766.0, 768.0, 768.0, 767.0, 769.0, 768.0, 767.0, 768.0, 769.0, 765.0, 768.0, 768.0, 767.0, 767.0, 769.0, 768.0, 767.0, 768.0, 767.0, 768.0, 767.0, 767.0, 769.0, 765.0, 769.0, 769.0, 768.0, 770.0, 765.0, 766.0, 766.0, 769.0, 768.0, 767.0, 768.0, 768.0, 767.0, 768.0, 768.0, 768.0, 768.0, 769.0]
Crossover offspring noisy fitness: [767.0, 767.0, 768.0, 767.0, 764.0, 770.0, 768.0, 768.0, 768.0, 767.0, 767.0, 767.0, 767.0, 769.0, 768.0, 769.0, 769.0, 768.0, 767.0, 768.0, 768.0, 768.0, 767.0, 766.0, 770.0, 769.0, 768.0, 766.0, 766.0, 767.0, 767.0, 769.0, 768.0, 767.0, 764.0, 768.0, 769.0, 769.0, 767.0, 770.0, 767.0, 768.0, 767.0, 767.0, 767.0, 768.0, 766.0, 769.0, 767.0, 768.0, 768.0, 766.0, 767.0, 766.0, 767.0, 767.0, 768.0, 766.0, 767.0, 766.0, 767.0, 768.0, 767.0, 770.0, 768.0, 767.0, 768.0, 769.0, 765.0, 768.0, 768.0, 767.0, 767.0, 769.0, 768.0, 767.0, 768.0, 767.0, 768.0, 767.0, 767.0, 769.0, 764.0, 769.0, 769.0, 768.0, 770.0, 765.0, 766.0, 766.0, 769.0, 768.0, 767.0, 768.0, 768.0, 767.0, 768.0, 768.0, 768.0, 768.0, 769.0]
Is bad individual winner: 0
Real fitness of best good: 770.0
Noisy fitness of best good: 770.0
Real fitness of best bad: 767.0
Noisy fitness of best bad: 767.0

l: 123
Real fitness of mutation winner: 729.0
Noisy fitness of mutation winner: 729.0
Crossover offspring real fitness: [768.0, 767.0, 768.0, 767.0, 765.0, 767.0, 767.0, 768.0, 768.0, 768.0, 769.0, 768.0, 767.0, 767.0, 768.0, 767.0, 767.0, 767.0, 766.0, 768.0, 767.0, 768.0, 768.0, 767.0, 767.0, 770.0, 768.0, 768.0, 768.0, 765.0, 768.0, 766.0, 769.0, 766.0, 766.0, 769.0, 767.0, 768.0, 767.0, 765.0, 768.0, 768.0, 768.0, 768.0, 768.0, 769.0, 767.0, 766.0, 768.0, 767.0, 766.0, 767.0, 767.0, 770.0, 767.0, 767.0, 766.0, 767.0, 767.0, 767.0, 769.0, 769.0, 766.0, 767.0, 767.0, 767.0, 767.0, 767.0, 766.0, 769.0, 767.0, 766.0, 768.0, 767.0, 767.0, 768.0, 767.0, 767.0, 769.0, 767.0, 768.0, 769.0, 766.0, 767.0, 768.0, 767.0, 768.0, 769.0, 768.0, 769.0, 769.0, 767.0, 767.0, 767.0, 768.0, 768.0, 768.0, 767.0, 766.0, 766.0, 768.0]
Crossover offspring noisy fitness: [767.0, 767.0, 768.0, 767.0, 765.0, 767.0, 767.0, 768.0, 768.0, 768.0, 769.0, 768.0, 767.0, 767.0, 768.0, 767.0, 767.0, 767.0, 766.0, 768.0, 767.0, 768.0, 768.0, 767.0, 767.0, 770.0, 768.0, 768.0, 768.0, 765.0, 768.0, 766.0, 769.0, 766.0, 766.0, 769.0, 767.0, 768.0, 767.0, 765.0, 768.0, 768.0, 768.0, 768.0, 768.0, 769.0, 767.0, 766.0, 768.0, 767.0, 766.0, 767.0, 767.0, 770.0, 767.0, 767.0, 766.0, 766.0, 767.0, 766.0, 769.0, 769.0, 766.0, 767.0, 767.0, 767.0, 767.0, 767.0, 766.0, 770.0, 767.0, 766.0, 768.0, 767.0, 767.0, 768.0, 767.0, 767.0, 769.0, 767.0, 768.0, 769.0, 766.0, 767.0, 768.0, 767.0, 768.0, 768.0, 768.0, 769.0, 769.0, 768.0, 767.0, 767.0, 768.0, 768.0, 768.0, 767.0, 766.0, 766.0, 768.0]
Is bad individual winner: 0
Real fitness of best good: 770.0
Noisy fitness of best good: 770.0
Real fitness of best bad: 767.0
Noisy fitness of best bad: 768.0

l: 90
Real fitness of mutation winner: 740.0
Noisy fitness of mutation winner: 740.0
Crossover offspring real fitness: [767.0, 768.0, 767.0, 767.0, 768.0, 767.0, 767.0, 768.0, 767.0, 768.0, 768.0, 767.0, 767.0, 767.0, 768.0, 768.0, 767.0, 766.0, 769.0, 765.0, 768.0, 768.0, 768.0, 768.0, 766.0, 768.0, 767.0, 767.0, 767.0, 768.0, 769.0, 767.0, 767.0, 767.0, 767.0, 768.0, 767.0, 768.0, 769.0, 768.0, 768.0, 768.0, 767.0, 768.0, 767.0, 768.0, 769.0, 768.0, 768.0, 769.0, 767.0, 768.0, 768.0, 768.0, 768.0, 768.0, 768.0, 768.0, 767.0, 767.0, 768.0, 768.0, 767.0, 770.0, 769.0, 769.0, 767.0, 769.0, 770.0, 768.0, 769.0, 767.0, 768.0, 767.0, 769.0, 767.0, 768.0, 768.0, 768.0, 767.0, 768.0, 766.0, 768.0, 768.0, 768.0, 768.0, 768.0, 767.0, 766.0, 768.0, 767.0, 766.0, 768.0, 770.0, 770.0, 768.0, 768.0, 768.0, 768.0, 768.0, 767.0]
Crossover offspring noisy fitness: [767.0, 768.0, 767.0, 767.0, 768.0, 767.0, 767.0, 768.0, 767.0, 768.0, 768.0, 767.0, 767.0, 767.0, 768.0, 768.0, 767.0, 766.0, 769.0, 766.0, 768.0, 768.0, 768.0, 768.0, 766.0, 768.0, 767.0, 767.0, 767.0, 768.0, 769.0, 767.0, 767.0, 767.0, 767.0, 768.0, 767.0, 768.0, 769.0, 768.0, 768.0, 768.0, 767.0, 768.0, 767.0, 768.0, 769.0, 767.0, 768.0, 769.0, 767.0, 768.0, 768.0, 768.0, 768.0, 768.0, 768.0, 768.0, 767.0, 767.0, 768.0, 768.0, 767.0, 770.0, 769.0, 769.0, 767.0, 769.0, 770.0, 767.0, 769.0, 767.0, 768.0, 767.0, 769.0, 767.0, 768.0, 768.0, 768.0, 766.0, 768.0, 766.0, 768.0, 768.0, 768.0, 768.0, 767.0, 767.0, 766.0, 768.0, 767.0, 766.0, 768.0, 770.0, 770.0, 768.0, 768.0, 768.0, 768.0, 768.0, 767.0]
Is bad individual winner: 0
Real fitness of best good: 770.0
Noisy fitness of best good: 770.0
Real fitness of best bad: 767.0
Noisy fitness of best bad: 767.0

l: 90
Real fitness of mutation winner: 744.0
Noisy fitness of mutation winner: 745.0
Crossover offspring real fitness: [767.0, 767.0, 767.0, 768.0, 769.0, 767.0, 768.0, 766.0, 768.0, 767.0, 767.0, 766.0, 769.0, 767.0, 768.0, 768.0, 767.0, 768.0, 767.0, 768.0, 767.0, 769.0, 767.0, 767.0, 767.0, 767.0, 770.0, 767.0, 766.0, 768.0, 769.0, 768.0, 769.0, 767.0, 768.0, 768.0, 770.0, 767.0, 768.0, 768.0, 769.0, 768.0, 768.0, 768.0, 769.0, 767.0, 768.0, 767.0, 766.0, 768.0, 768.0, 769.0, 768.0, 767.0, 768.0, 769.0, 767.0, 767.0, 768.0, 768.0, 768.0, 768.0, 767.0, 766.0, 767.0, 768.0, 768.0, 766.0, 768.0, 768.0, 767.0, 767.0, 768.0, 767.0, 767.0, 768.0, 766.0, 766.0, 769.0, 767.0, 768.0, 768.0, 768.0, 770.0, 767.0, 768.0, 767.0, 769.0, 766.0, 767.0, 768.0, 768.0, 767.0, 768.0, 767.0, 767.0, 767.0, 768.0, 768.0, 767.0, 767.0]
Crossover offspring noisy fitness: [767.0, 767.0, 767.0, 768.0, 769.0, 767.0, 768.0, 766.0, 767.0, 767.0, 767.0, 766.0, 769.0, 767.0, 768.0, 768.0, 766.0, 768.0, 767.0, 768.0, 767.0, 769.0, 767.0, 767.0, 767.0, 767.0, 770.0, 767.0, 766.0, 768.0, 769.0, 768.0, 769.0, 766.0, 768.0, 767.0, 770.0, 767.0, 768.0, 768.0, 769.0, 768.0, 768.0, 768.0, 769.0, 767.0, 768.0, 767.0, 766.0, 768.0, 768.0, 769.0, 768.0, 767.0, 768.0, 769.0, 767.0, 767.0, 768.0, 768.0, 768.0, 768.0, 767.0, 766.0, 767.0, 768.0, 768.0, 766.0, 768.0, 767.0, 767.0, 767.0, 768.0, 767.0, 767.0, 768.0, 766.0, 766.0, 769.0, 767.0, 768.0, 768.0, 768.0, 770.0, 767.0, 768.0, 767.0, 769.0, 766.0, 767.0, 768.0, 768.0, 767.0, 768.0, 767.0, 767.0, 767.0, 768.0, 768.0, 767.0, 767.0]
Is bad individual winner: 0
Real fitness of best good: 770.0
Noisy fitness of best good: 770.0
Real fitness of best bad: 767.0
Noisy fitness of best bad: 767.0

l: 101
Real fitness of mutation winner: 737.0
Noisy fitness of mutation winner: 737.0
Crossover offspring real fitness: [770.0, 767.0, 767.0, 768.0, 767.0, 769.0, 768.0, 768.0, 770.0, 767.0, 767.0, 767.0, 768.0, 769.0, 767.0, 768.0, 768.0, 768.0, 767.0, 768.0, 767.0, 768.0, 769.0, 770.0, 768.0, 767.0, 768.0, 769.0, 769.0, 768.0, 768.0, 768.0, 767.0, 768.0, 768.0, 768.0, 768.0, 766.0, 767.0, 768.0, 768.0, 768.0, 767.0, 766.0, 769.0, 768.0, 768.0, 769.0, 768.0, 768.0, 766.0, 768.0, 768.0, 768.0, 768.0, 768.0, 768.0, 766.0, 767.0, 767.0, 769.0, 769.0, 769.0, 767.0, 769.0, 768.0, 768.0, 767.0, 766.0, 768.0, 768.0, 767.0, 769.0, 767.0, 768.0, 768.0, 767.0, 770.0, 767.0, 769.0, 768.0, 768.0, 769.0, 768.0, 767.0, 767.0, 766.0, 770.0, 767.0, 768.0, 769.0, 769.0, 768.0, 768.0, 769.0, 767.0, 770.0, 768.0, 770.0, 768.0, 768.0]
Crossover offspring noisy fitness: [770.0, 767.0, 767.0, 768.0, 767.0, 769.0, 768.0, 768.0, 770.0, 767.0, 767.0, 767.0, 768.0, 769.0, 767.0, 768.0, 768.0, 768.0, 767.0, 768.0, 767.0, 768.0, 769.0, 770.0, 768.0, 767.0, 768.0, 769.0, 769.0, 768.0, 768.0, 768.0, 767.0, 768.0, 768.0, 768.0, 768.0, 766.0, 767.0, 768.0, 768.0, 768.0, 767.0, 766.0, 769.0, 768.0, 768.0, 769.0, 768.0, 768.0, 766.0, 768.0, 768.0, 768.0, 768.0, 768.0, 768.0, 766.0, 767.0, 767.0, 769.0, 769.0, 769.0, 767.0, 769.0, 768.0, 768.0, 767.0, 766.0, 768.0, 768.0, 767.0, 768.0, 767.0, 768.0, 768.0, 767.0, 770.0, 767.0, 769.0, 768.0, 768.0, 769.0, 768.0, 767.0, 768.0, 766.0, 770.0, 767.0, 768.0, 769.0, 769.0, 768.0, 768.0, 769.0, 767.0, 770.0, 768.0, 770.0, 768.0, 768.0]
Is bad individual winner: 0
Real fitness of best good: 770.0
Noisy fitness of best good: 770.0
Real fitness of best bad: 767.0
Noisy fitness of best bad: 768.0

l: 83
Real fitness of mutation winner: 747.0
Noisy fitness of mutation winner: 747.0
Crossover offspring real fitness: [768.0, 766.0, 766.0, 768.0, 769.0, 768.0, 768.0, 767.0, 770.0, 767.0, 768.0, 769.0, 768.0, 767.0, 768.0, 768.0, 768.0, 767.0, 765.0, 768.0, 768.0, 769.0, 767.0, 769.0, 768.0, 768.0, 767.0, 768.0, 768.0, 768.0, 769.0, 769.0, 767.0, 767.0, 767.0, 768.0, 767.0, 769.0, 768.0, 767.0, 768.0, 767.0, 768.0, 768.0, 766.0, 767.0, 770.0, 770.0, 768.0, 767.0, 768.0, 767.0, 768.0, 767.0, 767.0, 769.0, 766.0, 768.0, 769.0, 768.0, 768.0, 768.0, 766.0, 767.0, 767.0, 769.0, 769.0, 768.0, 766.0, 769.0, 767.0, 768.0, 768.0, 767.0, 769.0, 768.0, 768.0, 767.0, 768.0, 768.0, 769.0, 768.0, 768.0, 767.0, 767.0, 767.0, 768.0, 768.0, 768.0, 768.0, 769.0, 768.0, 769.0, 768.0, 768.0, 768.0, 766.0, 767.0, 769.0, 768.0, 768.0]
Crossover offspring noisy fitness: [768.0, 766.0, 766.0, 768.0, 769.0, 768.0, 768.0, 767.0, 770.0, 767.0, 768.0, 769.0, 768.0, 767.0, 768.0, 768.0, 768.0, 767.0, 765.0, 768.0, 768.0, 768.0, 767.0, 769.0, 768.0, 768.0, 767.0, 768.0, 768.0, 768.0, 769.0, 769.0, 767.0, 767.0, 767.0, 768.0, 767.0, 769.0, 768.0, 767.0, 768.0, 767.0, 768.0, 767.0, 766.0, 767.0, 770.0, 770.0, 768.0, 767.0, 768.0, 767.0, 768.0, 767.0, 767.0, 769.0, 766.0, 768.0, 769.0, 768.0, 768.0, 768.0, 766.0, 767.0, 767.0, 769.0, 769.0, 768.0, 766.0, 770.0, 767.0, 768.0, 768.0, 767.0, 769.0, 768.0, 768.0, 767.0, 768.0, 767.0, 769.0, 768.0, 768.0, 767.0, 767.0, 767.0, 768.0, 768.0, 768.0, 768.0, 769.0, 768.0, 769.0, 768.0, 768.0, 768.0, 766.0, 767.0, 769.0, 768.0, 768.0]
Is bad individual winner: 0
Real fitness of best good: 770.0
Noisy fitness of best good: 770.0
Real fitness of best bad: 767.0
Noisy fitness of best bad: 767.0

l: 78
Real fitness of mutation winner: 744.0
Noisy fitness of mutation winner: 744.0
Crossover offspring real fitness: [768.0, 768.0, 767.0, 768.0, 768.0, 768.0, 767.0, 768.0, 769.0, 768.0, 768.0, 768.0, 768.0, 767.0, 768.0, 769.0, 767.0, 768.0, 768.0, 768.0, 767.0, 768.0, 768.0, 769.0, 768.0, 769.0, 768.0, 768.0, 766.0, 768.0, 769.0, 767.0, 767.0, 769.0, 768.0, 768.0, 766.0, 766.0, 766.0, 768.0, 768.0, 769.0, 767.0, 768.0, 767.0, 768.0, 768.0, 768.0, 766.0, 768.0, 769.0, 768.0, 767.0, 768.0, 768.0, 769.0, 768.0, 767.0, 768.0, 767.0, 765.0, 769.0, 768.0, 768.0, 771.0, 768.0, 769.0, 768.0, 768.0, 768.0, 768.0, 767.0, 768.0, 766.0, 767.0, 768.0, 768.0, 768.0, 768.0, 768.0, 768.0, 767.0, 766.0, 768.0, 767.0, 768.0, 768.0, 768.0, 768.0, 767.0, 768.0, 768.0, 768.0, 768.0, 766.0, 769.0, 768.0, 767.0, 770.0, 768.0, 768.0]
Crossover offspring noisy fitness: [768.0, 768.0, 767.0, 768.0, 769.0, 768.0, 766.0, 768.0, 769.0, 768.0, 769.0, 768.0, 768.0, 767.0, 768.0, 769.0, 767.0, 768.0, 768.0, 768.0, 767.0, 768.0, 768.0, 769.0, 768.0, 769.0, 768.0, 768.0, 766.0, 768.0, 769.0, 767.0, 767.0, 769.0, 768.0, 768.0, 766.0, 766.0, 766.0, 768.0, 768.0, 769.0, 767.0, 768.0, 767.0, 768.0, 768.0, 768.0, 766.0, 768.0, 769.0, 768.0, 767.0, 768.0, 768.0, 769.0, 768.0, 767.0, 768.0, 767.0, 765.0, 769.0, 768.0, 768.0, 771.0, 768.0, 769.0, 767.0, 768.0, 768.0, 768.0, 767.0, 768.0, 766.0, 767.0, 768.0, 769.0, 768.0, 768.0, 768.0, 769.0, 767.0, 766.0, 768.0, 767.0, 767.0, 768.0, 768.0, 768.0, 767.0, 768.0, 768.0, 768.0, 768.0, 767.0, 769.0, 768.0, 767.0, 770.0, 768.0, 768.0]
Is bad individual winner: 0
Real fitness of best good: 771.0
Noisy fitness of best good: 771.0
Real fitness of best bad: 767.0
Noisy fitness of best bad: 767.0

l: 107
Real fitness of mutation winner: 739.0
Noisy fitness of mutation winner: 739.0
Crossover offspring real fitness: [768.0, 769.0, 767.0, 767.0, 765.0, 767.0, 770.0, 769.0, 768.0, 767.0, 767.0, 768.0, 766.0, 766.0, 768.0, 770.0, 768.0, 767.0, 766.0, 767.0, 769.0, 768.0, 767.0, 768.0, 766.0, 770.0, 767.0, 768.0, 766.0, 769.0, 769.0, 767.0, 765.0, 768.0, 767.0, 769.0, 769.0, 768.0, 768.0, 766.0, 769.0, 767.0, 765.0, 768.0, 767.0, 768.0, 768.0, 766.0, 769.0, 768.0, 768.0, 768.0, 768.0, 769.0, 769.0, 768.0, 768.0, 767.0, 767.0, 768.0, 766.0, 767.0, 769.0, 767.0, 768.0, 768.0, 766.0, 767.0, 767.0, 768.0, 768.0, 768.0, 768.0, 769.0, 770.0, 770.0, 767.0, 769.0, 768.0, 768.0, 768.0, 768.0, 766.0, 767.0, 767.0, 768.0, 767.0, 767.0, 768.0, 769.0, 769.0, 767.0, 769.0, 770.0, 769.0, 766.0, 768.0, 768.0, 768.0, 770.0, 768.0]
Crossover offspring noisy fitness: [768.0, 769.0, 767.0, 767.0, 765.0, 767.0, 770.0, 769.0, 768.0, 767.0, 767.0, 768.0, 766.0, 766.0, 768.0, 770.0, 768.0, 767.0, 766.0, 767.0, 769.0, 768.0, 767.0, 768.0, 766.0, 770.0, 767.0, 768.0, 766.0, 769.0, 769.0, 767.0, 765.0, 768.0, 767.0, 769.0, 769.0, 768.0, 768.0, 766.0, 769.0, 767.0, 765.0, 768.0, 768.0, 768.0, 768.0, 766.0, 769.0, 768.0, 768.0, 768.0, 768.0, 769.0, 769.0, 768.0, 768.0, 767.0, 767.0, 768.0, 766.0, 766.0, 769.0, 767.0, 768.0, 768.0, 766.0, 767.0, 767.0, 768.0, 768.0, 768.0, 768.0, 769.0, 770.0, 770.0, 767.0, 769.0, 768.0, 767.0, 768.0, 768.0, 766.0, 767.0, 767.0, 768.0, 767.0, 767.0, 768.0, 769.0, 769.0, 767.0, 769.0, 770.0, 769.0, 766.0, 768.0, 767.0, 768.0, 770.0, 768.0]
Is bad individual winner: 0
Real fitness of best good: 770.0
Noisy fitness of best good: 770.0
Real fitness of best bad: 767.0
Noisy fitness of best bad: 768.0

l: 101
Real fitness of mutation winner: 743.0
Noisy fitness of mutation winner: 743.0
Crossover offspring real fitness: [768.0, 769.0, 766.0, 767.0, 768.0, 768.0, 768.0, 768.0, 768.0, 768.0, 768.0, 768.0, 767.0, 767.0, 768.0, 767.0, 768.0, 768.0, 768.0, 768.0, 768.0, 766.0, 768.0, 768.0, 766.0, 766.0, 769.0, 768.0, 768.0, 768.0, 768.0, 768.0, 767.0, 767.0, 768.0, 766.0, 768.0, 768.0, 770.0, 767.0, 768.0, 769.0, 768.0, 768.0, 768.0, 768.0, 767.0, 769.0, 770.0, 768.0, 768.0, 767.0, 768.0, 768.0, 766.0, 768.0, 768.0, 768.0, 768.0, 767.0, 767.0, 768.0, 768.0, 768.0, 768.0, 767.0, 768.0, 768.0, 767.0, 767.0, 767.0, 768.0, 768.0, 770.0, 768.0, 767.0, 768.0, 766.0, 770.0, 768.0, 768.0, 768.0, 770.0, 768.0, 769.0, 767.0, 767.0, 768.0, 767.0, 768.0, 767.0, 768.0, 768.0, 767.0, 768.0, 769.0, 767.0, 770.0, 767.0, 769.0, 768.0]
Crossover offspring noisy fitness: [768.0, 769.0, 765.0, 767.0, 768.0, 768.0, 768.0, 768.0, 768.0, 768.0, 768.0, 768.0, 767.0, 767.0, 768.0, 767.0, 768.0, 768.0, 768.0, 768.0, 768.0, 766.0, 768.0, 768.0, 766.0, 766.0, 769.0, 767.0, 768.0, 768.0, 768.0, 768.0, 767.0, 767.0, 768.0, 766.0, 768.0, 768.0, 770.0, 767.0, 768.0, 769.0, 768.0, 768.0, 768.0, 768.0, 767.0, 769.0, 770.0, 768.0, 768.0, 767.0, 768.0, 768.0, 766.0, 768.0, 768.0, 768.0, 768.0, 767.0, 767.0, 768.0, 768.0, 768.0, 768.0, 767.0, 768.0, 768.0, 767.0, 767.0, 767.0, 768.0, 768.0, 770.0, 768.0, 767.0, 768.0, 766.0, 770.0, 768.0, 768.0, 768.0, 770.0, 768.0, 769.0, 767.0, 767.0, 768.0, 767.0, 768.0, 767.0, 768.0, 768.0, 767.0, 768.0, 769.0, 767.0, 770.0, 767.0, 769.0, 768.0]
Is bad individual winner: 0
Real fitness of best good: 770.0
Noisy fitness of best good: 770.0
Real fitness of best bad: 767.0
Noisy fitness of best bad: 767.0

l: 103
Real fitness of mutation winner: 735.0
Noisy fitness of mutation winner: 735.0
Crossover offspring real fitness: [766.0, 768.0, 768.0, 767.0, 768.0, 769.0, 767.0, 767.0, 766.0, 769.0, 766.0, 766.0, 767.0, 767.0, 767.0, 767.0, 767.0, 766.0, 768.0, 769.0, 768.0, 768.0, 768.0, 769.0, 768.0, 769.0, 767.0, 770.0, 769.0, 768.0, 769.0, 768.0, 767.0, 768.0, 768.0, 767.0, 767.0, 766.0, 767.0, 768.0, 768.0, 767.0, 767.0, 767.0, 768.0, 768.0, 769.0, 768.0, 768.0, 769.0, 768.0, 767.0, 769.0, 768.0, 769.0, 769.0, 768.0, 765.0, 767.0, 768.0, 767.0, 765.0, 767.0, 768.0, 766.0, 768.0, 766.0, 768.0, 767.0, 769.0, 768.0, 768.0, 767.0, 767.0, 768.0, 768.0, 768.0, 767.0, 767.0, 768.0, 769.0, 768.0, 767.0, 767.0, 768.0, 765.0, 768.0, 769.0, 766.0, 769.0, 766.0, 769.0, 767.0, 769.0, 768.0, 768.0, 768.0, 766.0, 769.0, 767.0, 767.0]
Crossover offspring noisy fitness: [766.0, 768.0, 768.0, 767.0, 768.0, 769.0, 767.0, 767.0, 766.0, 769.0, 766.0, 766.0, 767.0, 767.0, 767.0, 767.0, 767.0, 766.0, 768.0, 769.0, 768.0, 767.0, 768.0, 769.0, 768.0, 769.0, 767.0, 770.0, 769.0, 768.0, 769.0, 768.0, 767.0, 768.0, 768.0, 767.0, 767.0, 766.0, 767.0, 768.0, 768.0, 767.0, 767.0, 767.0, 768.0, 768.0, 769.0, 768.0, 768.0, 769.0, 768.0, 767.0, 769.0, 768.0, 769.0, 769.0, 768.0, 765.0, 767.0, 768.0, 767.0, 765.0, 767.0, 768.0, 766.0, 767.0, 766.0, 768.0, 767.0, 769.0, 768.0, 768.0, 767.0, 767.0, 768.0, 767.0, 768.0, 767.0, 766.0, 768.0, 769.0, 768.0, 767.0, 767.0, 768.0, 765.0, 768.0, 769.0, 766.0, 769.0, 766.0, 769.0, 767.0, 769.0, 768.0, 768.0, 768.0, 766.0, 769.0, 767.0, 767.0]
Is bad individual winner: 0
Real fitness of best good: 770.0
Noisy fitness of best good: 770.0
Real fitness of best bad: 767.0
Noisy fitness of best bad: 767.0

l: 108
Real fitness of mutation winner: 732.0
Noisy fitness of mutation winner: 732.0
Crossover offspring real fitness: [770.0, 768.0, 767.0, 768.0, 767.0, 769.0, 767.0, 769.0, 768.0, 769.0, 768.0, 769.0, 768.0, 768.0, 767.0, 767.0, 768.0, 768.0, 768.0, 768.0, 769.0, 768.0, 767.0, 769.0, 767.0, 767.0, 768.0, 768.0, 768.0, 766.0, 768.0, 767.0, 768.0, 765.0, 768.0, 766.0, 767.0, 767.0, 768.0, 768.0, 765.0, 769.0, 768.0, 768.0, 767.0, 768.0, 767.0, 767.0, 767.0, 770.0, 767.0, 766.0, 768.0, 767.0, 768.0, 769.0, 766.0, 767.0, 767.0, 766.0, 768.0, 768.0, 767.0, 768.0, 768.0, 767.0, 768.0, 768.0, 768.0, 767.0, 766.0, 769.0, 767.0, 768.0, 768.0, 768.0, 768.0, 767.0, 767.0, 767.0, 766.0, 768.0, 768.0, 768.0, 767.0, 768.0, 768.0, 767.0, 765.0, 767.0, 767.0, 768.0, 769.0, 767.0, 767.0, 767.0, 767.0, 768.0, 768.0, 770.0, 768.0]
Crossover offspring noisy fitness: [770.0, 768.0, 766.0, 768.0, 767.0, 769.0, 767.0, 769.0, 768.0, 769.0, 768.0, 769.0, 768.0, 768.0, 767.0, 767.0, 768.0, 768.0, 768.0, 768.0, 769.0, 768.0, 767.0, 768.0, 767.0, 767.0, 768.0, 768.0, 768.0, 767.0, 768.0, 767.0, 768.0, 765.0, 768.0, 766.0, 767.0, 767.0, 768.0, 768.0, 765.0, 769.0, 768.0, 768.0, 767.0, 768.0, 767.0, 767.0, 767.0, 770.0, 767.0, 766.0, 768.0, 767.0, 768.0, 769.0, 766.0, 767.0, 767.0, 766.0, 768.0, 768.0, 767.0, 768.0, 768.0, 767.0, 768.0, 768.0, 768.0, 767.0, 766.0, 768.0, 767.0, 768.0, 768.0, 768.0, 768.0, 767.0, 767.0, 767.0, 766.0, 768.0, 768.0, 768.0, 767.0, 768.0, 768.0, 767.0, 765.0, 767.0, 767.0, 768.0, 769.0, 767.0, 767.0, 767.0, 767.0, 768.0, 768.0, 770.0, 768.0]
Is bad individual winner: 0
Real fitness of best good: 770.0
Noisy fitness of best good: 770.0
Real fitness of best bad: 767.0
Noisy fitness of best bad: 767.0

l: 106
Real fitness of mutation winner: 736.0
Noisy fitness of mutation winner: 736.0
Crossover offspring real fitness: [768.0, 768.0, 768.0, 768.0, 768.0, 766.0, 768.0, 767.0, 767.0, 768.0, 769.0, 767.0, 768.0, 767.0, 768.0, 767.0, 767.0, 768.0, 769.0, 766.0, 768.0, 768.0, 769.0, 767.0, 767.0, 769.0, 767.0, 769.0, 768.0, 768.0, 769.0, 767.0, 768.0, 764.0, 768.0, 767.0, 767.0, 767.0, 769.0, 768.0, 768.0, 770.0, 767.0, 764.0, 768.0, 769.0, 768.0, 768.0, 769.0, 768.0, 768.0, 767.0, 768.0, 768.0, 769.0, 767.0, 768.0, 769.0, 769.0, 769.0, 770.0, 767.0, 766.0, 768.0, 769.0, 766.0, 768.0, 767.0, 767.0, 770.0, 768.0, 768.0, 768.0, 767.0, 769.0, 767.0, 768.0, 769.0, 768.0, 771.0, 769.0, 767.0, 767.0, 766.0, 768.0, 768.0, 767.0, 767.0, 766.0, 768.0, 767.0, 768.0, 769.0, 768.0, 768.0, 769.0, 768.0, 769.0, 765.0, 765.0, 767.0]
Crossover offspring noisy fitness: [768.0, 768.0, 768.0, 768.0, 768.0, 766.0, 768.0, 767.0, 767.0, 768.0, 769.0, 767.0, 768.0, 767.0, 768.0, 767.0, 767.0, 768.0, 769.0, 766.0, 768.0, 768.0, 769.0, 767.0, 767.0, 769.0, 767.0, 769.0, 768.0, 768.0, 768.0, 767.0, 768.0, 764.0, 768.0, 767.0, 767.0, 767.0, 769.0, 768.0, 768.0, 770.0, 767.0, 765.0, 768.0, 769.0, 768.0, 768.0, 769.0, 768.0, 768.0, 767.0, 768.0, 768.0, 769.0, 767.0, 768.0, 769.0, 769.0, 769.0, 770.0, 767.0, 765.0, 768.0, 769.0, 766.0, 768.0, 767.0, 767.0, 770.0, 768.0, 768.0, 768.0, 767.0, 769.0, 767.0, 768.0, 768.0, 768.0, 771.0, 769.0, 767.0, 767.0, 766.0, 768.0, 768.0, 767.0, 767.0, 766.0, 768.0, 767.0, 768.0, 769.0, 768.0, 768.0, 769.0, 768.0, 769.0, 765.0, 765.0, 767.0]
Is bad individual winner: 0
Real fitness of best good: 771.0
Noisy fitness of best good: 771.0
Real fitness of best bad: 767.0
Noisy fitness of best bad: 767.0

