l: 97
Real fitness of mutation winner: 928.0
Noisy fitness of mutation winner: 928.0
Crossover offspring real fitness: [1022.0, 1023.0, 1021.0, 1023.0, 1022.0, 1022.0, 1022.0, 1022.0, 1022.0, 1021.0, 1020.0, 1020.0, 1023.0, 1022.0, 1021.0, 1021.0, 1023.0, 1020.0, 1023.0, 1023.0, 1023.0, 1020.0, 1023.0, 1019.0, 1020.0, 1022.0, 1021.0, 1021.0, 1022.0, 1021.0, 1022.0, 1022.0, 1022.0, 1022.0, 1022.0, 1023.0, 1022.0, 1023.0, 1022.0, 1023.0, 1023.0, 1023.0, 1023.0, 1019.0, 1022.0, 1021.0, 1023.0, 1022.0, 1022.0, 1023.0, 1022.0, 1023.0, 1020.0, 1023.0, 1023.0, 1021.0, 1022.0, 1022.0, 1022.0, 1021.0, 1023.0, 1021.0, 1023.0, 1019.0, 1022.0, 1022.0, 1019.0, 1020.0, 1023.0, 1020.0, 1022.0, 1022.0, 1021.0, 1022.0, 1023.0, 1023.0, 1023.0, 1023.0, 1021.0, 1022.0, 1021.0, 1022.0, 1022.0, 1021.0, 1022.0, 1023.0, 1019.0, 1022.0, 1022.0, 1022.0, 1021.0, 1023.0, 1023.0, 1023.0, 1022.0, 1022.0, 1021.0, 1022.0, 1021.0, 1022.0, 1022.0]
Crossover offspring noisy fitness: [1022.0, 1023.0, 1021.0, 1023.0, 1022.0, 1022.0, 1021.0, 1022.0, 1022.0, 1021.0, 1020.0, 1020.0, 1022.0, 1022.0, 1021.0, 1021.0, 1023.0, 1020.0, 1023.0, 1023.0, 1023.0, 1020.0, 1023.0, 1019.0, 1020.0, 1022.0, 1021.0, 1021.0, 1022.0, 1021.0, 1022.0, 1022.0, 1022.0, 1022.0, 1022.0, 1023.0, 1021.0, 1023.0, 1022.0, 1023.0, 1023.0, 1023.0, 1023.0, 1019.0, 1022.0, 1021.0, 1023.0, 1022.0, 1022.0, 1023.0, 1022.0, 1023.0, 1020.0, 1023.0, 1023.0, 1021.0, 1022.0, 1022.0, 1022.0, 1020.0, 1023.0, 1021.0, 1023.0, 1019.0, 1022.0, 1022.0, 1019.0, 1020.0, 1023.0, 1020.0, 1022.0, 1022.0, 1021.0, 1022.0, 1023.0, 1023.0, 1023.0, 1023.0, 1021.0, 1021.0, 1021.0, 1022.0, 1022.0, 1021.0, 1022.0, 1023.0, 1019.0, 1022.0, 1022.0, 1022.0, 1021.0, 1023.0, 1023.0, 1023.0, 1022.0, 1022.0, 1021.0, 1022.0, 1021.0, 1022.0, 1022.0]
Is bad individual winner: 0
Real fitness of best good: 1022.0
Noisy fitness of best good: -1
Real fitness of best bad: -1
Noisy fitness of best bad: 1022.0

l: 88
Real fitness of mutation winner: 937.0
Noisy fitness of mutation winner: 937.0
Crossover offspring real fitness: [1023.0, 1021.0, 1023.0, 1023.0, 1023.0, 1023.0, 1023.0, 1023.0, 1023.0, 1023.0, 1022.0, 1023.0, 1022.0, 1023.0, 1022.0, 1022.0, 1023.0, 1021.0, 1020.0, 1021.0, 1023.0, 1023.0, 1022.0, 1023.0, 1021.0, 1022.0, 1023.0, 1023.0, 1023.0, 1022.0, 1021.0, 1021.0, 1022.0, 1022.0, 1022.0, 1023.0, 1023.0, 1023.0, 1022.0, 1022.0, 1021.0, 1022.0, 1020.0, 1022.0, 1022.0, 1023.0, 1021.0, 1022.0, 1023.0, 1021.0, 1023.0, 1022.0, 1023.0, 1023.0, 1022.0, 1020.0, 1022.0, 1020.0, 1023.0, 1020.0, 1021.0, 1023.0, 1022.0, 1022.0, 1023.0, 1022.0, 1022.0, 1023.0, 1022.0, 1022.0, 1022.0, 1022.0, 1022.0, 1023.0, 1023.0, 1021.0, 1022.0, 1020.0, 1022.0, 1023.0, 1022.0, 1023.0, 1023.0, 1022.0, 1023.0, 1022.0, 1023.0, 1021.0, 1022.0, 1020.0, 1022.0, 1023.0, 1022.0, 1021.0, 1022.0, 1023.0, 1023.0, 1021.0, 1022.0, 1019.0, 1022.0]
Crossover offspring noisy fitness: [1023.0, 1021.0, 1023.0, 1023.0, 1023.0, 1023.0, 1023.0, 1023.0, 1023.0, 1023.0, 1022.0, 1023.0, 1022.0, 1023.0, 1022.0, 1022.0, 1023.0, 1021.0, 1020.0, 1021.0, 1023.0, 1023.0, 1022.0, 1023.0, 1021.0, 1022.0, 1023.0, 1023.0, 1023.0, 1022.0, 1021.0, 1021.0, 1022.0, 1022.0, 1022.0, 1023.0, 1023.0, 1023.0, 1022.0, 1022.0, 1021.0, 1022.0, 1020.0, 1022.0, 1022.0, 1023.0, 1021.0, 1022.0, 1023.0, 1021.0, 1023.0, 1022.0, 1023.0, 1023.0, 1022.0, 1020.0, 1022.0, 1020.0, 1022.0, 1020.0, 1020.0, 1023.0, 1022.0, 1021.0, 1023.0, 1022.0, 1022.0, 1022.0, 1022.0, 1022.0, 1022.0, 1022.0, 1022.0, 1023.0, 1023.0, 1021.0, 1022.0, 1019.0, 1022.0, 1023.0, 1022.0, 1023.0, 1023.0, 1022.0, 1023.0, 1022.0, 1023.0, 1021.0, 1022.0, 1020.0, 1022.0, 1023.0, 1022.0, 1021.0, 1022.0, 1023.0, 1023.0, 1021.0, 1022.0, 1019.0, 1022.0]
Is bad individual winner: 0
Real fitness of best good: 1022.0
Noisy fitness of best good: -1
Real fitness of best bad: -1
Noisy fitness of best bad: 1022.0

l: 106
Real fitness of mutation winner: 919.0
Noisy fitness of mutation winner: 919.0
Crossover offspring real fitness: [1021.0, 1023.0, 1023.0, 1023.0, 1023.0, 1022.0, 1023.0, 1022.0, 1023.0, 1023.0, 1020.0, 1023.0, 1022.0, 1023.0, 1023.0, 1023.0, 1021.0, 1023.0, 1022.0, 1023.0, 1022.0, 1021.0, 1020.0, 1023.0, 1023.0, 1021.0, 1023.0, 1023.0, 1023.0, 1023.0, 1023.0, 1023.0, 1021.0, 1021.0, 1022.0, 1021.0, 1022.0, 1022.0, 1023.0, 1023.0, 1023.0, 1019.0, 1022.0, 1022.0, 1020.0, 1023.0, 1023.0, 1023.0, 1023.0, 1022.0, 1022.0, 1021.0, 1023.0, 1022.0, 1022.0, 1022.0, 1021.0, 1022.0, 1021.0, 1022.0, 1023.0, 1021.0, 1023.0, 1021.0, 1022.0, 1022.0, 1021.0, 1021.0, 1022.0, 1022.0, 1023.0, 1022.0, 1023.0, 1023.0, 1022.0, 1021.0, 1021.0, 1021.0, 1019.0, 1023.0, 1021.0, 1022.0, 1023.0, 1022.0, 1021.0, 1022.0, 1022.0, 1022.0, 1022.0, 1022.0, 1021.0, 1023.0, 1023.0, 1022.0, 1020.0, 1023.0, 1023.0, 1022.0, 1022.0, 1023.0, 1022.0]
Crossover offspring noisy fitness: [1021.0, 1023.0, 1023.0, 1023.0, 1023.0, 1022.0, 1023.0, 1022.0, 1023.0, 1023.0, 1020.0, 1023.0, 1022.0, 1023.0, 1023.0, 1023.0, 1021.0, 1023.0, 1021.0, 1023.0, 1022.0, 1021.0, 1020.0, 1023.0, 1023.0, 1021.0, 1023.0, 1023.0, 1023.0, 1023.0, 1023.0, 1023.0, 1021.0, 1021.0, 1022.0, 1021.0, 1022.0, 1022.0, 1023.0, 1023.0, 1023.0, 1019.0, 1022.0, 1022.0, 1020.0, 1023.0, 1023.0, 1023.0, 1023.0, 1022.0, 1022.0, 1021.0, 1023.0, 1022.0, 1022.0, 1022.0, 1021.0, 1022.0, 1021.0, 1022.0, 1023.0, 1021.0, 1023.0, 1020.0, 1022.0, 1022.0, 1021.0, 1021.0, 1022.0, 1022.0, 1023.0, 1021.0, 1023.0, 1023.0, 1022.0, 1021.0, 1021.0, 1021.0, 1019.0, 1023.0, 1021.0, 1022.0, 1023.0, 1022.0, 1021.0, 1022.0, 1022.0, 1022.0, 1022.0, 1022.0, 1021.0, 1023.0, 1023.0, 1022.0, 1020.0, 1023.0, 1023.0, 1022.0, 1022.0, 1023.0, 1022.0]
Is bad individual winner: 0
Real fitness of best good: 1022.0
Noisy fitness of best good: -1
Real fitness of best bad: -1
Noisy fitness of best bad: 1022.0

l: 73
Real fitness of mutation winner: 952.0
Noisy fitness of mutation winner: 952.0
Crossover offspring real fitness: [1022.0, 1023.0, 1023.0, 1023.0, 1022.0, 1022.0, 1023.0, 1023.0, 1022.0, 1021.0, 1023.0, 1023.0, 1022.0, 1020.0, 1022.0, 1023.0, 1023.0, 1023.0, 1023.0, 1022.0, 1022.0, 1023.0, 1023.0, 1023.0, 1023.0, 1022.0, 1023.0, 1023.0, 1022.0, 1022.0, 1022.0, 1023.0, 1020.0, 1021.0, 1022.0, 1023.0, 1023.0, 1023.0, 1023.0, 1023.0, 1023.0, 1022.0, 1023.0, 1022.0, 1023.0, 1022.0, 1023.0, 1022.0, 1023.0, 1023.0, 1023.0, 1022.0, 1023.0, 1022.0, 1023.0, 1022.0, 1022.0, 1023.0, 1023.0, 1021.0, 1022.0, 1023.0, 1021.0, 1023.0, 1023.0, 1023.0, 1021.0, 1022.0, 1022.0, 1023.0, 1023.0, 1022.0, 1022.0, 1022.0, 1022.0, 1022.0, 1021.0, 1023.0, 1023.0, 1021.0, 1022.0, 1022.0, 1023.0, 1022.0, 1023.0, 1022.0, 1022.0, 1021.0, 1022.0, 1023.0, 1021.0, 1022.0, 1023.0, 1020.0, 1023.0, 1022.0, 1021.0, 1022.0, 1023.0, 1022.0, 1020.0]
Crossover offspring noisy fitness: [1022.0, 1023.0, 1023.0, 1023.0, 1022.0, 1022.0, 1023.0, 1023.0, 1022.0, 1021.0, 1023.0, 1023.0, 1022.0, 1020.0, 1022.0, 1023.0, 1023.0, 1023.0, 1023.0, 1021.0, 1022.0, 1023.0, 1023.0, 1023.0, 1023.0, 1022.0, 1023.0, 1023.0, 1022.0, 1022.0, 1022.0, 1022.0, 1020.0, 1021.0, 1021.0, 1023.0, 1023.0, 1023.0, 1023.0, 1023.0, 1023.0, 1022.0, 1023.0, 1022.0, 1022.0, 1022.0, 1023.0, 1022.0, 1022.0, 1023.0, 1023.0, 1022.0, 1023.0, 1022.0, 1023.0, 1022.0, 1022.0, 1023.0, 1023.0, 1021.0, 1021.0, 1023.0, 1021.0, 1023.0, 1023.0, 1023.0, 1021.0, 1022.0, 1022.0, 1023.0, 1023.0, 1022.0, 1022.0, 1022.0, 1022.0, 1021.0, 1021.0, 1023.0, 1022.0, 1021.0, 1022.0, 1022.0, 1023.0, 1022.0, 1023.0, 1022.0, 1022.0, 1021.0, 1022.0, 1022.0, 1021.0, 1022.0, 1023.0, 1020.0, 1023.0, 1022.0, 1021.0, 1022.0, 1023.0, 1022.0, 1019.0]
Is bad individual winner: 0
Real fitness of best good: 1022.0
Noisy fitness of best good: -1
Real fitness of best bad: -1
Noisy fitness of best bad: 1022.0

l: 116
Real fitness of mutation winner: 909.0
Noisy fitness of mutation winner: 909.0
Crossover offspring real fitness: [1021.0, 1021.0, 1020.0, 1023.0, 1021.0, 1022.0, 1022.0, 1022.0, 1021.0, 1023.0, 1023.0, 1022.0, 1022.0, 1021.0, 1021.0, 1021.0, 1023.0, 1022.0, 1021.0, 1023.0, 1021.0, 1020.0, 1020.0, 1019.0, 1021.0, 1022.0, 1021.0, 1021.0, 1022.0, 1022.0, 1022.0, 1022.0, 1022.0, 1022.0, 1019.0, 1021.0, 1021.0, 1022.0, 1021.0, 1023.0, 1021.0, 1020.0, 1022.0, 1023.0, 1021.0, 1022.0, 1022.0, 1023.0, 1021.0, 1021.0, 1021.0, 1022.0, 1023.0, 1020.0, 1022.0, 1022.0, 1023.0, 1022.0, 1022.0, 1022.0, 1021.0, 1022.0, 1023.0, 1023.0, 1023.0, 1021.0, 1021.0, 1023.0, 1021.0, 1020.0, 1022.0, 1023.0, 1022.0, 1024.0, 1023.0, 1021.0, 1022.0, 1023.0, 1023.0, 1021.0, 1022.0, 1023.0, 1021.0, 1022.0, 1022.0, 1020.0, 1022.0, 1022.0, 1021.0, 1022.0, 1022.0, 1023.0, 1021.0, 1022.0, 1023.0, 1021.0, 1021.0, 1020.0, 1023.0, 1020.0, 1020.0]
Crossover offspring noisy fitness: [1021.0, 1021.0, 1020.0, 1023.0, 1021.0, 1022.0, 1022.0, 1022.0, 1021.0, 1023.0, 1023.0, 1022.0, 1022.0, 1021.0, 1021.0, 1021.0, 1023.0, 1022.0, 1021.0, 1023.0, 1021.0, 1020.0, 1020.0, 1019.0, 1021.0, 1022.0, 1021.0, 1021.0, 1022.0, 1022.0, 1022.0, 1021.0, 1022.0, 1022.0, 1019.0, 1021.0, 1021.0, 1021.0, 1020.0, 1023.0, 1021.0, 1019.0, 1022.0, 1023.0, 1021.0, 1022.0, 1022.0, 1023.0, 1021.0, 1021.0, 1021.0, 1022.0, 1023.0, 1020.0, 1022.0, 1022.0, 1023.0, 1022.0, 1022.0, 1022.0, 1021.0, 1022.0, 1023.0, 1023.0, 1023.0, 1020.0, 1021.0, 1023.0, 1021.0, 1020.0, 1022.0, 1023.0, 1022.0, 1024.0, 1023.0, 1021.0, 1022.0, 1023.0, 1023.0, 1020.0, 1022.0, 1023.0, 1021.0, 1022.0, 1022.0, 1020.0, 1022.0, 1022.0, 1021.0, 1022.0, 1022.0, 1023.0, 1021.0, 1022.0, 1023.0, 1021.0, 1021.0, 1020.0, 1023.0, 1020.0, 1020.0]
Is bad individual winner: 0
Real fitness of best good: 1022.0
Noisy fitness of best good: -1
Real fitness of best bad: -1
Noisy fitness of best bad: 1022.0

l: 105
Real fitness of mutation winner: 920.0
Noisy fitness of mutation winner: 920.0
Crossover offspring real fitness: [1022.0, 1023.0, 1023.0, 1021.0, 1021.0, 1020.0, 1021.0, 1022.0, 1022.0, 1022.0, 1023.0, 1022.0, 1019.0, 1023.0, 1022.0, 1023.0, 1023.0, 1022.0, 1020.0, 1023.0, 1021.0, 1023.0, 1023.0, 1022.0, 1022.0, 1022.0, 1021.0, 1022.0, 1023.0, 1021.0, 1021.0, 1022.0, 1023.0, 1021.0, 1022.0, 1022.0, 1022.0, 1019.0, 1023.0, 1022.0, 1023.0, 1023.0, 1021.0, 1023.0, 1023.0, 1021.0, 1022.0, 1020.0, 1023.0, 1022.0, 1022.0, 1023.0, 1023.0, 1022.0, 1023.0, 1022.0, 1021.0, 1022.0, 1022.0, 1022.0, 1023.0, 1020.0, 1023.0, 1021.0, 1023.0, 1021.0, 1022.0, 1022.0, 1023.0, 1023.0, 1023.0, 1022.0, 1023.0, 1023.0, 1021.0, 1022.0, 1021.0, 1022.0, 1023.0, 1023.0, 1023.0, 1022.0, 1023.0, 1022.0, 1021.0, 1022.0, 1023.0, 1022.0, 1023.0, 1021.0, 1022.0, 1020.0, 1023.0, 1021.0, 1022.0, 1023.0, 1022.0, 1023.0, 1023.0, 1023.0, 1024.0]
Crossover offspring noisy fitness: [1022.0, 1023.0, 1023.0, 1021.0, 1021.0, 1020.0, 1021.0, 1022.0, 1021.0, 1022.0, 1023.0, 1022.0, 1018.0, 1023.0, 1022.0, 1023.0, 1023.0, 1022.0, 1020.0, 1023.0, 1021.0, 1023.0, 1023.0, 1022.0, 1022.0, 1022.0, 1021.0, 1022.0, 1023.0, 1021.0, 1021.0, 1022.0, 1023.0, 1021.0, 1022.0, 1022.0, 1022.0, 1019.0, 1023.0, 1022.0, 1022.0, 1022.0, 1021.0, 1023.0, 1023.0, 1021.0, 1022.0, 1020.0, 1023.0, 1021.0, 1022.0, 1023.0, 1023.0, 1022.0, 1023.0, 1022.0, 1021.0, 1022.0, 1022.0, 1022.0, 1023.0, 1020.0, 1023.0, 1021.0, 1023.0, 1021.0, 1022.0, 1022.0, 1022.0, 1023.0, 1023.0, 1022.0, 1023.0, 1023.0, 1021.0, 1022.0, 1021.0, 1022.0, 1023.0, 1023.0, 1023.0, 1022.0, 1023.0, 1022.0, 1021.0, 1021.0, 1023.0, 1022.0, 1023.0, 1021.0, 1022.0, 1020.0, 1023.0, 1021.0, 1022.0, 1023.0, 1022.0, 1023.0, 1023.0, 1023.0, 1024.0]
Is bad individual winner: 0
Real fitness of best good: 1022.0
Noisy fitness of best good: -1
Real fitness of best bad: -1
Noisy fitness of best bad: 1022.0

l: 114
Real fitness of mutation winner: 911.0
Noisy fitness of mutation winner: 911.0
Crossover offspring real fitness: [1022.0, 1023.0, 1022.0, 1022.0, 1020.0, 1022.0, 1023.0, 1021.0, 1020.0, 1022.0, 1022.0, 1022.0, 1022.0, 1022.0, 1023.0, 1022.0, 1021.0, 1023.0, 1022.0, 1023.0, 1023.0, 1023.0, 1023.0, 1022.0, 1022.0, 1021.0, 1022.0, 1019.0, 1022.0, 1024.0, 1023.0, 1022.0, 1021.0, 1022.0, 1019.0, 1021.0, 1021.0, 1020.0, 1023.0, 1022.0, 1019.0, 1021.0, 1021.0, 1023.0, 1019.0, 1021.0, 1023.0, 1020.0, 1023.0, 1022.0, 1022.0, 1023.0, 1021.0, 1020.0, 1023.0, 1020.0, 1022.0, 1021.0, 1022.0, 1022.0, 1019.0, 1023.0, 1022.0, 1020.0, 1022.0, 1021.0, 1022.0, 1021.0, 1024.0, 1021.0, 1020.0, 1023.0, 1023.0, 1023.0, 1020.0, 1022.0, 1020.0, 1021.0, 1022.0, 1022.0, 1023.0, 1022.0, 1022.0, 1022.0, 1022.0, 1021.0, 1022.0, 1022.0, 1022.0, 1021.0, 1020.0, 1023.0, 1023.0, 1022.0, 1023.0, 1023.0, 1021.0, 1022.0, 1021.0, 1021.0, 1023.0]
Crossover offspring noisy fitness: [1022.0, 1023.0, 1022.0, 1022.0, 1020.0, 1022.0, 1023.0, 1021.0, 1020.0, 1022.0, 1022.0, 1022.0, 1022.0, 1022.0, 1023.0, 1022.0, 1021.0, 1023.0, 1022.0, 1023.0, 1023.0, 1023.0, 1023.0, 1022.0, 1021.0, 1021.0, 1022.0, 1019.0, 1022.0, 1024.0, 1023.0, 1022.0, 1021.0, 1022.0, 1019.0, 1021.0, 1021.0, 1020.0, 1023.0, 1022.0, 1019.0, 1021.0, 1021.0, 1023.0, 1019.0, 1021.0, 1023.0, 1020.0, 1021.0, 1022.0, 1022.0, 1023.0, 1021.0, 1020.0, 1023.0, 1020.0, 1022.0, 1021.0, 1022.0, 1022.0, 1019.0, 1023.0, 1022.0, 1020.0, 1022.0, 1021.0, 1022.0, 1021.0, 1024.0, 1021.0, 1020.0, 1023.0, 1023.0, 1023.0, 1020.0, 1022.0, 1020.0, 1021.0, 1022.0, 1022.0, 1023.0, 1022.0, 1021.0, 1022.0, 1022.0, 1021.0, 1022.0, 1022.0, 1022.0, 1021.0, 1020.0, 1023.0, 1023.0, 1022.0, 1023.0, 1023.0, 1021.0, 1022.0, 1021.0, 1021.0, 1023.0]
Is bad individual winner: 0
Real fitness of best good: 1022.0
Noisy fitness of best good: -1
Real fitness of best bad: -1
Noisy fitness of best bad: 1022.0

l: 107
Real fitness of mutation winner: 918.0
Noisy fitness of mutation winner: 918.0
Crossover offspring real fitness: [1021.0, 1022.0, 1022.0, 1023.0, 1022.0, 1020.0, 1022.0, 1022.0, 1023.0, 1022.0, 1022.0, 1023.0, 1021.0, 1021.0, 1023.0, 1022.0, 1022.0, 1022.0, 1023.0, 1023.0, 1021.0, 1023.0, 1021.0, 1021.0, 1023.0, 1023.0, 1023.0, 1021.0, 1021.0, 1021.0, 1020.0, 1021.0, 1021.0, 1022.0, 1022.0, 1023.0, 1023.0, 1021.0, 1022.0, 1021.0, 1022.0, 1022.0, 1023.0, 1023.0, 1021.0, 1020.0, 1022.0, 1022.0, 1023.0, 1019.0, 1021.0, 1023.0, 1021.0, 1022.0, 1022.0, 1021.0, 1023.0, 1022.0, 1021.0, 1022.0, 1022.0, 1021.0, 1023.0, 1023.0, 1022.0, 1022.0, 1020.0, 1023.0, 1023.0, 1020.0, 1022.0, 1022.0, 1023.0, 1020.0, 1021.0, 1019.0, 1024.0, 1023.0, 1022.0, 1023.0, 1022.0, 1023.0, 1021.0, 1021.0, 1019.0, 1020.0, 1022.0, 1022.0, 1022.0, 1020.0, 1022.0, 1022.0, 1022.0, 1023.0, 1022.0, 1020.0, 1021.0, 1023.0, 1021.0, 1022.0, 1023.0]
Crossover offspring noisy fitness: [1021.0, 1022.0, 1022.0, 1023.0, 1022.0, 1020.0, 1022.0, 1022.0, 1022.0, 1022.0, 1022.0, 1023.0, 1021.0, 1021.0, 1023.0, 1022.0, 1022.0, 1022.0, 1023.0, 1023.0, 1021.0, 1023.0, 1021.0, 1021.0, 1023.0, 1023.0, 1023.0, 1021.0, 1021.0, 1021.0, 1020.0, 1020.0, 1021.0, 1022.0, 1022.0, 1023.0, 1023.0, 1021.0, 1022.0, 1021.0, 1022.0, 1022.0, 1023.0, 1023.0, 1021.0, 1020.0, 1022.0, 1022.0, 1023.0, 1019.0, 1021.0, 1022.0, 1021.0, 1022.0, 1022.0, 1021.0, 1023.0, 1022.0, 1021.0, 1022.0, 1022.0, 1021.0, 1023.0, 1023.0, 1022.0, 1022.0, 1020.0, 1023.0, 1023.0, 1020.0, 1022.0, 1022.0, 1023.0, 1019.0, 1021.0, 1019.0, 1024.0, 1023.0, 1022.0, 1023.0, 1022.0, 1023.0, 1020.0, 1020.0, 1019.0, 1020.0, 1022.0, 1022.0, 1021.0, 1020.0, 1022.0, 1022.0, 1022.0, 1023.0, 1022.0, 1020.0, 1021.0, 1023.0, 1021.0, 1022.0, 1023.0]
Is bad individual winner: 0
Real fitness of best good: 1022.0
Noisy fitness of best good: -1
Real fitness of best bad: -1
Noisy fitness of best bad: 1022.0

l: 98
Real fitness of mutation winner: 927.0
Noisy fitness of mutation winner: 927.0
Crossover offspring real fitness: [1023.0, 1022.0, 1023.0, 1022.0, 1023.0, 1023.0, 1023.0, 1021.0, 1023.0, 1021.0, 1022.0, 1022.0, 1021.0, 1022.0, 1021.0, 1023.0, 1022.0, 1022.0, 1020.0, 1023.0, 1022.0, 1023.0, 1022.0, 1023.0, 1022.0, 1022.0, 1022.0, 1023.0, 1023.0, 1018.0, 1020.0, 1022.0, 1022.0, 1022.0, 1023.0, 1022.0, 1021.0, 1022.0, 1021.0, 1021.0, 1022.0, 1023.0, 1023.0, 1022.0, 1022.0, 1022.0, 1023.0, 1022.0, 1022.0, 1022.0, 1020.0, 1021.0, 1023.0, 1023.0, 1021.0, 1023.0, 1022.0, 1023.0, 1023.0, 1023.0, 1023.0, 1023.0, 1021.0, 1020.0, 1023.0, 1022.0, 1023.0, 1022.0, 1021.0, 1022.0, 1021.0, 1023.0, 1020.0, 1022.0, 1021.0, 1021.0, 1022.0, 1021.0, 1022.0, 1023.0, 1022.0, 1023.0, 1022.0, 1020.0, 1022.0, 1023.0, 1022.0, 1022.0, 1023.0, 1023.0, 1023.0, 1022.0, 1022.0, 1020.0, 1022.0, 1022.0, 1023.0, 1021.0, 1022.0, 1020.0, 1022.0]
Crossover offspring noisy fitness: [1023.0, 1022.0, 1023.0, 1022.0, 1023.0, 1023.0, 1023.0, 1021.0, 1022.0, 1021.0, 1022.0, 1022.0, 1021.0, 1022.0, 1021.0, 1023.0, 1022.0, 1022.0, 1020.0, 1023.0, 1022.0, 1023.0, 1022.0, 1023.0, 1022.0, 1022.0, 1022.0, 1023.0, 1023.0, 1018.0, 1020.0, 1022.0, 1022.0, 1022.0, 1023.0, 1022.0, 1021.0, 1022.0, 1021.0, 1021.0, 1022.0, 1023.0, 1023.0, 1022.0, 1022.0, 1022.0, 1023.0, 1022.0, 1022.0, 1021.0, 1020.0, 1021.0, 1023.0, 1023.0, 1021.0, 1023.0, 1022.0, 1023.0, 1023.0, 1023.0, 1023.0, 1023.0, 1021.0, 1020.0, 1023.0, 1022.0, 1023.0, 1022.0, 1021.0, 1022.0, 1021.0, 1023.0, 1020.0, 1022.0, 1021.0, 1021.0, 1022.0, 1021.0, 1022.0, 1023.0, 1022.0, 1023.0, 1022.0, 1020.0, 1022.0, 1023.0, 1022.0, 1022.0, 1023.0, 1023.0, 1023.0, 1022.0, 1022.0, 1020.0, 1022.0, 1022.0, 1023.0, 1021.0, 1022.0, 1019.0, 1022.0]
Is bad individual winner: 0
Real fitness of best good: 1022.0
Noisy fitness of best good: -1
Real fitness of best bad: -1
Noisy fitness of best bad: 1022.0

l: 85
Real fitness of mutation winner: 940.0
Noisy fitness of mutation winner: 940.0
Crossover offspring real fitness: [1022.0, 1022.0, 1022.0, 1021.0, 1022.0, 1023.0, 1022.0, 1019.0, 1023.0, 1022.0, 1022.0, 1022.0, 1022.0, 1023.0, 1023.0, 1023.0, 1022.0, 1022.0, 1020.0, 1023.0, 1023.0, 1022.0, 1021.0, 1022.0, 1022.0, 1022.0, 1019.0, 1023.0, 1022.0, 1023.0, 1022.0, 1022.0, 1023.0, 1023.0, 1023.0, 1022.0, 1021.0, 1021.0, 1023.0, 1022.0, 1022.0, 1023.0, 1023.0, 1023.0, 1023.0, 1022.0, 1023.0, 1023.0, 1023.0, 1023.0, 1023.0, 1022.0, 1022.0, 1021.0, 1021.0, 1022.0, 1023.0, 1022.0, 1023.0, 1022.0, 1022.0, 1022.0, 1023.0, 1023.0, 1023.0, 1021.0, 1022.0, 1022.0, 1021.0, 1021.0, 1023.0, 1023.0, 1022.0, 1023.0, 1023.0, 1023.0, 1023.0, 1022.0, 1023.0, 1022.0, 1023.0, 1022.0, 1021.0, 1022.0, 1021.0, 1022.0, 1021.0, 1023.0, 1022.0, 1022.0, 1022.0, 1022.0, 1023.0, 1022.0, 1022.0, 1023.0, 1022.0, 1022.0, 1022.0, 1023.0, 1022.0]
Crossover offspring noisy fitness: [1022.0, 1022.0, 1022.0, 1021.0, 1022.0, 1023.0, 1022.0, 1019.0, 1023.0, 1022.0, 1022.0, 1022.0, 1022.0, 1023.0, 1023.0, 1023.0, 1022.0, 1022.0, 1020.0, 1023.0, 1023.0, 1022.0, 1021.0, 1022.0, 1022.0, 1022.0, 1019.0, 1023.0, 1022.0, 1023.0, 1022.0, 1022.0, 1022.0, 1023.0, 1023.0, 1022.0, 1021.0, 1021.0, 1023.0, 1022.0, 1022.0, 1023.0, 1023.0, 1023.0, 1023.0, 1022.0, 1023.0, 1023.0, 1023.0, 1023.0, 1023.0, 1022.0, 1022.0, 1021.0, 1021.0, 1021.0, 1023.0, 1022.0, 1023.0, 1022.0, 1022.0, 1022.0, 1022.0, 1023.0, 1023.0, 1021.0, 1021.0, 1022.0, 1021.0, 1021.0, 1023.0, 1023.0, 1022.0, 1023.0, 1023.0, 1023.0, 1023.0, 1022.0, 1022.0, 1022.0, 1022.0, 1022.0, 1021.0, 1022.0, 1021.0, 1022.0, 1021.0, 1023.0, 1022.0, 1022.0, 1022.0, 1022.0, 1023.0, 1022.0, 1022.0, 1023.0, 1022.0, 1022.0, 1022.0, 1023.0, 1022.0]
Is bad individual winner: 0
Real fitness of best good: 1022.0
Noisy fitness of best good: -1
Real fitness of best bad: -1
Noisy fitness of best bad: 1022.0

l: 125
Real fitness of mutation winner: 900.0
Noisy fitness of mutation winner: 900.0
Crossover offspring real fitness: [1019.0, 1022.0, 1022.0, 1021.0, 1021.0, 1022.0, 1021.0, 1023.0, 1023.0, 1022.0, 1022.0, 1018.0, 1022.0, 1019.0, 1023.0, 1022.0, 1022.0, 1021.0, 1022.0, 1023.0, 1020.0, 1020.0, 1023.0, 1021.0, 1023.0, 1023.0, 1023.0, 1023.0, 1022.0, 1022.0, 1023.0, 1022.0, 1023.0, 1020.0, 1023.0, 1023.0, 1021.0, 1022.0, 1022.0, 1022.0, 1018.0, 1023.0, 1022.0, 1022.0, 1021.0, 1021.0, 1022.0, 1023.0, 1022.0, 1022.0, 1021.0, 1022.0, 1021.0, 1022.0, 1020.0, 1020.0, 1023.0, 1020.0, 1022.0, 1022.0, 1023.0, 1023.0, 1022.0, 1022.0, 1022.0, 1021.0, 1022.0, 1022.0, 1023.0, 1021.0, 1023.0, 1023.0, 1021.0, 1021.0, 1022.0, 1022.0, 1020.0, 1020.0, 1023.0, 1022.0, 1022.0, 1023.0, 1022.0, 1022.0, 1023.0, 1022.0, 1023.0, 1022.0, 1023.0, 1021.0, 1021.0, 1022.0, 1021.0, 1023.0, 1021.0, 1023.0, 1021.0, 1023.0, 1021.0, 1020.0, 1021.0]
Crossover offspring noisy fitness: [1019.0, 1022.0, 1022.0, 1021.0, 1021.0, 1022.0, 1021.0, 1023.0, 1023.0, 1022.0, 1022.0, 1018.0, 1022.0, 1019.0, 1023.0, 1022.0, 1022.0, 1021.0, 1022.0, 1023.0, 1020.0, 1020.0, 1023.0, 1021.0, 1023.0, 1023.0, 1023.0, 1023.0, 1022.0, 1022.0, 1023.0, 1022.0, 1023.0, 1020.0, 1023.0, 1023.0, 1021.0, 1022.0, 1022.0, 1022.0, 1018.0, 1023.0, 1022.0, 1022.0, 1021.0, 1021.0, 1022.0, 1023.0, 1022.0, 1022.0, 1021.0, 1022.0, 1021.0, 1022.0, 1020.0, 1020.0, 1023.0, 1020.0, 1022.0, 1022.0, 1023.0, 1023.0, 1022.0, 1022.0, 1022.0, 1021.0, 1022.0, 1022.0, 1023.0, 1021.0, 1023.0, 1022.0, 1021.0, 1021.0, 1022.0, 1022.0, 1020.0, 1019.0, 1023.0, 1022.0, 1022.0, 1023.0, 1022.0, 1022.0, 1023.0, 1022.0, 1022.0, 1021.0, 1023.0, 1021.0, 1021.0, 1022.0, 1021.0, 1023.0, 1021.0, 1022.0, 1021.0, 1023.0, 1021.0, 1020.0, 1021.0]
Is bad individual winner: 0
Real fitness of best good: 1022.0
Noisy fitness of best good: -1
Real fitness of best bad: -1
Noisy fitness of best bad: 1022.0

l: 110
Real fitness of mutation winner: 915.0
Noisy fitness of mutation winner: 915.0
Crossover offspring real fitness: [1022.0, 1023.0, 1022.0, 1023.0, 1021.0, 1023.0, 1022.0, 1020.0, 1023.0, 1023.0, 1022.0, 1021.0, 1021.0, 1023.0, 1022.0, 1021.0, 1023.0, 1023.0, 1022.0, 1023.0, 1021.0, 1021.0, 1021.0, 1022.0, 1021.0, 1023.0, 1020.0, 1022.0, 1022.0, 1020.0, 1022.0, 1021.0, 1020.0, 1019.0, 1022.0, 1021.0, 1021.0, 1021.0, 1021.0, 1023.0, 1022.0, 1022.0, 1020.0, 1023.0, 1023.0, 1020.0, 1021.0, 1022.0, 1023.0, 1021.0, 1023.0, 1023.0, 1023.0, 1022.0, 1022.0, 1023.0, 1021.0, 1020.0, 1022.0, 1022.0, 1020.0, 1023.0, 1022.0, 1021.0, 1023.0, 1023.0, 1023.0, 1020.0, 1021.0, 1023.0, 1022.0, 1023.0, 1022.0, 1022.0, 1021.0, 1023.0, 1021.0, 1021.0, 1022.0, 1021.0, 1022.0, 1022.0, 1023.0, 1023.0, 1022.0, 1020.0, 1019.0, 1023.0, 1021.0, 1023.0, 1023.0, 1022.0, 1023.0, 1022.0, 1023.0, 1023.0, 1022.0, 1020.0, 1022.0, 1022.0, 1022.0]
Crossover offspring noisy fitness: [1022.0, 1023.0, 1022.0, 1023.0, 1021.0, 1023.0, 1022.0, 1020.0, 1023.0, 1023.0, 1022.0, 1021.0, 1021.0, 1023.0, 1022.0, 1021.0, 1023.0, 1023.0, 1022.0, 1023.0, 1021.0, 1021.0, 1021.0, 1022.0, 1021.0, 1023.0, 1019.0, 1022.0, 1022.0, 1020.0, 1022.0, 1021.0, 1020.0, 1019.0, 1022.0, 1021.0, 1021.0, 1021.0, 1021.0, 1023.0, 1022.0, 1022.0, 1020.0, 1023.0, 1023.0, 1020.0, 1021.0, 1022.0, 1023.0, 1021.0, 1023.0, 1023.0, 1023.0, 1022.0, 1022.0, 1023.0, 1021.0, 1020.0, 1022.0, 1022.0, 1020.0, 1023.0, 1022.0, 1021.0, 1023.0, 1023.0, 1023.0, 1020.0, 1020.0, 1023.0, 1022.0, 1023.0, 1022.0, 1022.0, 1021.0, 1022.0, 1021.0, 1021.0, 1022.0, 1021.0, 1022.0, 1022.0, 1023.0, 1023.0, 1022.0, 1020.0, 1019.0, 1023.0, 1021.0, 1023.0, 1023.0, 1022.0, 1022.0, 1022.0, 1023.0, 1023.0, 1022.0, 1020.0, 1022.0, 1022.0, 1022.0]
Is bad individual winner: 0
Real fitness of best good: 1022.0
Noisy fitness of best good: -1
Real fitness of best bad: -1
Noisy fitness of best bad: 1022.0

l: 100
Real fitness of mutation winner: 925.0
Noisy fitness of mutation winner: 925.0
Crossover offspring real fitness: [1023.0, 1023.0, 1022.0, 1023.0, 1021.0, 1023.0, 1021.0, 1023.0, 1022.0, 1023.0, 1022.0, 1022.0, 1022.0, 1021.0, 1021.0, 1020.0, 1023.0, 1021.0, 1022.0, 1021.0, 1021.0, 1022.0, 1023.0, 1021.0, 1018.0, 1022.0, 1022.0, 1023.0, 1023.0, 1023.0, 1023.0, 1022.0, 1021.0, 1022.0, 1022.0, 1022.0, 1023.0, 1022.0, 1022.0, 1022.0, 1023.0, 1023.0, 1022.0, 1023.0, 1023.0, 1023.0, 1022.0, 1022.0, 1022.0, 1021.0, 1023.0, 1023.0, 1022.0, 1022.0, 1022.0, 1022.0, 1023.0, 1022.0, 1023.0, 1021.0, 1022.0, 1022.0, 1023.0, 1023.0, 1022.0, 1022.0, 1022.0, 1023.0, 1021.0, 1023.0, 1023.0, 1023.0, 1023.0, 1020.0, 1022.0, 1022.0, 1023.0, 1023.0, 1022.0, 1023.0, 1022.0, 1022.0, 1021.0, 1023.0, 1022.0, 1021.0, 1022.0, 1022.0, 1023.0, 1021.0, 1023.0, 1020.0, 1023.0, 1023.0, 1023.0, 1020.0, 1020.0, 1022.0, 1023.0, 1022.0, 1023.0]
Crossover offspring noisy fitness: [1023.0, 1023.0, 1022.0, 1023.0, 1021.0, 1023.0, 1020.0, 1023.0, 1021.0, 1023.0, 1022.0, 1022.0, 1022.0, 1021.0, 1021.0, 1020.0, 1023.0, 1021.0, 1022.0, 1021.0, 1021.0, 1022.0, 1023.0, 1021.0, 1018.0, 1022.0, 1022.0, 1023.0, 1023.0, 1023.0, 1022.0, 1022.0, 1021.0, 1022.0, 1022.0, 1022.0, 1023.0, 1022.0, 1022.0, 1022.0, 1023.0, 1023.0, 1022.0, 1023.0, 1023.0, 1023.0, 1022.0, 1022.0, 1022.0, 1021.0, 1023.0, 1023.0, 1022.0, 1022.0, 1022.0, 1021.0, 1023.0, 1022.0, 1023.0, 1021.0, 1022.0, 1022.0, 1023.0, 1023.0, 1022.0, 1022.0, 1022.0, 1023.0, 1021.0, 1023.0, 1023.0, 1023.0, 1023.0, 1020.0, 1021.0, 1022.0, 1023.0, 1023.0, 1022.0, 1023.0, 1021.0, 1022.0, 1021.0, 1023.0, 1022.0, 1021.0, 1021.0, 1022.0, 1023.0, 1021.0, 1023.0, 1020.0, 1023.0, 1023.0, 1023.0, 1020.0, 1020.0, 1022.0, 1023.0, 1022.0, 1023.0]
Is bad individual winner: 0
Real fitness of best good: 1022.0
Noisy fitness of best good: -1
Real fitness of best bad: -1
Noisy fitness of best bad: 1022.0

l: 101
Real fitness of mutation winner: 924.0
Noisy fitness of mutation winner: 924.0
Crossover offspring real fitness: [1023.0, 1022.0, 1022.0, 1019.0, 1022.0, 1023.0, 1019.0, 1020.0, 1020.0, 1022.0, 1023.0, 1021.0, 1022.0, 1022.0, 1022.0, 1023.0, 1020.0, 1021.0, 1021.0, 1023.0, 1022.0, 1023.0, 1023.0, 1023.0, 1023.0, 1023.0, 1023.0, 1023.0, 1023.0, 1021.0, 1021.0, 1023.0, 1021.0, 1022.0, 1021.0, 1021.0, 1023.0, 1023.0, 1023.0, 1022.0, 1020.0, 1023.0, 1023.0, 1022.0, 1022.0, 1020.0, 1023.0, 1023.0, 1023.0, 1022.0, 1022.0, 1022.0, 1022.0, 1021.0, 1021.0, 1022.0, 1023.0, 1023.0, 1022.0, 1023.0, 1021.0, 1022.0, 1023.0, 1022.0, 1022.0, 1021.0, 1023.0, 1023.0, 1023.0, 1022.0, 1021.0, 1023.0, 1023.0, 1023.0, 1022.0, 1023.0, 1024.0, 1022.0, 1023.0, 1021.0, 1021.0, 1022.0, 1021.0, 1022.0, 1020.0, 1022.0, 1022.0, 1020.0, 1022.0, 1023.0, 1023.0, 1022.0, 1022.0, 1022.0, 1020.0, 1023.0, 1023.0, 1022.0, 1019.0, 1023.0, 1023.0]
Crossover offspring noisy fitness: [1023.0, 1021.0, 1022.0, 1019.0, 1022.0, 1023.0, 1019.0, 1020.0, 1020.0, 1022.0, 1023.0, 1021.0, 1022.0, 1022.0, 1022.0, 1023.0, 1020.0, 1021.0, 1021.0, 1023.0, 1022.0, 1023.0, 1023.0, 1022.0, 1023.0, 1023.0, 1023.0, 1023.0, 1023.0, 1021.0, 1020.0, 1023.0, 1021.0, 1022.0, 1021.0, 1020.0, 1023.0, 1023.0, 1022.0, 1022.0, 1020.0, 1023.0, 1023.0, 1022.0, 1022.0, 1019.0, 1023.0, 1023.0, 1023.0, 1022.0, 1022.0, 1022.0, 1022.0, 1021.0, 1020.0, 1022.0, 1023.0, 1023.0, 1022.0, 1023.0, 1021.0, 1022.0, 1023.0, 1022.0, 1022.0, 1021.0, 1023.0, 1023.0, 1023.0, 1022.0, 1021.0, 1023.0, 1023.0, 1023.0, 1022.0, 1023.0, 1024.0, 1022.0, 1023.0, 1021.0, 1021.0, 1022.0, 1020.0, 1022.0, 1020.0, 1021.0, 1022.0, 1020.0, 1022.0, 1023.0, 1023.0, 1022.0, 1022.0, 1022.0, 1020.0, 1023.0, 1022.0, 1022.0, 1019.0, 1023.0, 1023.0]
Is bad individual winner: 0
Real fitness of best good: 1022.0
Noisy fitness of best good: -1
Real fitness of best bad: -1
Noisy fitness of best bad: 1022.0

l: 100
Real fitness of mutation winner: 925.0
Noisy fitness of mutation winner: 926.0
Crossover offspring real fitness: [1021.0, 1023.0, 1023.0, 1023.0, 1023.0, 1021.0, 1022.0, 1022.0, 1022.0, 1023.0, 1022.0, 1021.0, 1023.0, 1020.0, 1023.0, 1023.0, 1023.0, 1022.0, 1021.0, 1022.0, 1023.0, 1023.0, 1021.0, 1022.0, 1022.0, 1023.0, 1023.0, 1023.0, 1023.0, 1021.0, 1023.0, 1022.0, 1022.0, 1022.0, 1022.0, 1021.0, 1023.0, 1023.0, 1020.0, 1022.0, 1022.0, 1020.0, 1023.0, 1022.0, 1023.0, 1020.0, 1022.0, 1022.0, 1022.0, 1023.0, 1022.0, 1022.0, 1021.0, 1022.0, 1023.0, 1022.0, 1022.0, 1021.0, 1023.0, 1022.0, 1023.0, 1018.0, 1023.0, 1023.0, 1022.0, 1022.0, 1022.0, 1022.0, 1023.0, 1022.0, 1023.0, 1023.0, 1022.0, 1020.0, 1021.0, 1020.0, 1020.0, 1021.0, 1022.0, 1023.0, 1023.0, 1023.0, 1023.0, 1023.0, 1022.0, 1022.0, 1022.0, 1023.0, 1023.0, 1022.0, 1022.0, 1021.0, 1022.0, 1023.0, 1023.0, 1022.0, 1023.0, 1023.0, 1022.0, 1023.0, 1022.0]
Crossover offspring noisy fitness: [1021.0, 1023.0, 1023.0, 1023.0, 1023.0, 1021.0, 1022.0, 1022.0, 1021.0, 1023.0, 1022.0, 1021.0, 1023.0, 1020.0, 1023.0, 1023.0, 1023.0, 1022.0, 1021.0, 1022.0, 1023.0, 1023.0, 1021.0, 1021.0, 1022.0, 1023.0, 1023.0, 1023.0, 1022.0, 1021.0, 1023.0, 1022.0, 1022.0, 1022.0, 1022.0, 1021.0, 1023.0, 1023.0, 1020.0, 1022.0, 1022.0, 1020.0, 1023.0, 1022.0, 1023.0, 1020.0, 1022.0, 1022.0, 1022.0, 1023.0, 1022.0, 1022.0, 1021.0, 1022.0, 1022.0, 1022.0, 1022.0, 1021.0, 1023.0, 1022.0, 1023.0, 1018.0, 1023.0, 1023.0, 1022.0, 1022.0, 1022.0, 1022.0, 1023.0, 1022.0, 1023.0, 1023.0, 1022.0, 1020.0, 1021.0, 1020.0, 1020.0, 1021.0, 1022.0, 1023.0, 1023.0, 1023.0, 1023.0, 1023.0, 1022.0, 1022.0, 1022.0, 1023.0, 1023.0, 1022.0, 1022.0, 1021.0, 1022.0, 1023.0, 1023.0, 1022.0, 1023.0, 1023.0, 1022.0, 1023.0, 1021.0]
Is bad individual winner: 0
Real fitness of best good: 1022.0
Noisy fitness of best good: -1
Real fitness of best bad: -1
Noisy fitness of best bad: 1022.0

l: 114
Real fitness of mutation winner: 911.0
Noisy fitness of mutation winner: 911.0
Crossover offspring real fitness: [1022.0, 1023.0, 1022.0, 1022.0, 1022.0, 1023.0, 1022.0, 1022.0, 1021.0, 1022.0, 1021.0, 1023.0, 1021.0, 1020.0, 1022.0, 1023.0, 1022.0, 1023.0, 1021.0, 1022.0, 1021.0, 1022.0, 1020.0, 1022.0, 1021.0, 1021.0, 1020.0, 1022.0, 1021.0, 1024.0, 1022.0, 1023.0, 1021.0, 1023.0, 1023.0, 1023.0, 1022.0, 1022.0, 1020.0, 1021.0, 1022.0, 1021.0, 1023.0, 1020.0, 1022.0, 1022.0, 1022.0, 1023.0, 1023.0, 1021.0, 1022.0, 1022.0, 1022.0, 1023.0, 1020.0, 1023.0, 1022.0, 1021.0, 1020.0, 1022.0, 1021.0, 1023.0, 1023.0, 1021.0, 1022.0, 1020.0, 1021.0, 1021.0, 1022.0, 1023.0, 1022.0, 1023.0, 1022.0, 1023.0, 1020.0, 1022.0, 1023.0, 1020.0, 1022.0, 1021.0, 1022.0, 1021.0, 1023.0, 1023.0, 1023.0, 1021.0, 1022.0, 1023.0, 1022.0, 1023.0, 1022.0, 1017.0, 1023.0, 1020.0, 1021.0, 1022.0, 1022.0, 1023.0, 1019.0, 1022.0, 1022.0]
Crossover offspring noisy fitness: [1022.0, 1023.0, 1022.0, 1022.0, 1022.0, 1023.0, 1021.0, 1022.0, 1021.0, 1022.0, 1021.0, 1023.0, 1021.0, 1020.0, 1022.0, 1023.0, 1022.0, 1022.0, 1021.0, 1022.0, 1021.0, 1022.0, 1020.0, 1022.0, 1021.0, 1021.0, 1020.0, 1021.0, 1021.0, 1024.0, 1022.0, 1023.0, 1021.0, 1023.0, 1023.0, 1023.0, 1022.0, 1022.0, 1020.0, 1021.0, 1022.0, 1021.0, 1023.0, 1020.0, 1022.0, 1022.0, 1022.0, 1023.0, 1023.0, 1021.0, 1022.0, 1022.0, 1022.0, 1023.0, 1020.0, 1023.0, 1022.0, 1021.0, 1019.0, 1022.0, 1021.0, 1023.0, 1023.0, 1021.0, 1021.0, 1020.0, 1021.0, 1021.0, 1022.0, 1023.0, 1021.0, 1023.0, 1021.0, 1023.0, 1020.0, 1022.0, 1023.0, 1020.0, 1022.0, 1021.0, 1022.0, 1021.0, 1023.0, 1023.0, 1023.0, 1021.0, 1022.0, 1022.0, 1022.0, 1023.0, 1022.0, 1017.0, 1023.0, 1020.0, 1021.0, 1022.0, 1022.0, 1023.0, 1019.0, 1022.0, 1022.0]
Is bad individual winner: 0
Real fitness of best good: 1022.0
Noisy fitness of best good: -1
Real fitness of best bad: -1
Noisy fitness of best bad: 1022.0

l: 121
Real fitness of mutation winner: 904.0
Noisy fitness of mutation winner: 904.0
Crossover offspring real fitness: [1022.0, 1023.0, 1021.0, 1022.0, 1023.0, 1023.0, 1023.0, 1023.0, 1023.0, 1022.0, 1021.0, 1022.0, 1022.0, 1022.0, 1022.0, 1022.0, 1023.0, 1021.0, 1022.0, 1022.0, 1022.0, 1022.0, 1022.0, 1023.0, 1023.0, 1021.0, 1023.0, 1020.0, 1021.0, 1021.0, 1021.0, 1023.0, 1021.0, 1022.0, 1022.0, 1020.0, 1021.0, 1023.0, 1022.0, 1023.0, 1022.0, 1022.0, 1019.0, 1023.0, 1021.0, 1022.0, 1022.0, 1022.0, 1019.0, 1022.0, 1021.0, 1023.0, 1022.0, 1022.0, 1023.0, 1022.0, 1022.0, 1022.0, 1023.0, 1022.0, 1022.0, 1023.0, 1023.0, 1022.0, 1021.0, 1021.0, 1019.0, 1022.0, 1022.0, 1020.0, 1022.0, 1022.0, 1022.0, 1022.0, 1023.0, 1022.0, 1022.0, 1023.0, 1023.0, 1021.0, 1021.0, 1022.0, 1023.0, 1021.0, 1021.0, 1022.0, 1023.0, 1022.0, 1019.0, 1022.0, 1021.0, 1022.0, 1021.0, 1020.0, 1022.0, 1021.0, 1022.0, 1021.0, 1021.0, 1021.0, 1021.0]
Crossover offspring noisy fitness: [1022.0, 1023.0, 1021.0, 1022.0, 1023.0, 1023.0, 1023.0, 1023.0, 1023.0, 1022.0, 1021.0, 1022.0, 1022.0, 1022.0, 1021.0, 1022.0, 1023.0, 1021.0, 1022.0, 1022.0, 1022.0, 1022.0, 1022.0, 1023.0, 1023.0, 1021.0, 1023.0, 1020.0, 1021.0, 1021.0, 1021.0, 1023.0, 1021.0, 1022.0, 1022.0, 1020.0, 1021.0, 1023.0, 1022.0, 1022.0, 1021.0, 1021.0, 1019.0, 1023.0, 1021.0, 1022.0, 1022.0, 1022.0, 1019.0, 1020.0, 1021.0, 1023.0, 1022.0, 1022.0, 1023.0, 1022.0, 1022.0, 1022.0, 1023.0, 1022.0, 1021.0, 1023.0, 1023.0, 1022.0, 1021.0, 1021.0, 1019.0, 1022.0, 1022.0, 1020.0, 1022.0, 1022.0, 1022.0, 1022.0, 1023.0, 1022.0, 1022.0, 1023.0, 1023.0, 1021.0, 1021.0, 1022.0, 1023.0, 1021.0, 1021.0, 1022.0, 1023.0, 1022.0, 1019.0, 1022.0, 1021.0, 1021.0, 1021.0, 1020.0, 1022.0, 1021.0, 1022.0, 1021.0, 1021.0, 1021.0, 1021.0]
Is bad individual winner: 0
Real fitness of best good: 1022.0
Noisy fitness of best good: -1
Real fitness of best bad: -1
Noisy fitness of best bad: 1022.0

l: 105
Real fitness of mutation winner: 920.0
Noisy fitness of mutation winner: 920.0
Crossover offspring real fitness: [1019.0, 1023.0, 1023.0, 1023.0, 1021.0, 1021.0, 1023.0, 1022.0, 1023.0, 1020.0, 1023.0, 1022.0, 1021.0, 1022.0, 1022.0, 1021.0, 1023.0, 1023.0, 1022.0, 1023.0, 1022.0, 1023.0, 1020.0, 1023.0, 1020.0, 1022.0, 1022.0, 1022.0, 1023.0, 1022.0, 1022.0, 1021.0, 1021.0, 1022.0, 1022.0, 1023.0, 1023.0, 1023.0, 1022.0, 1023.0, 1022.0, 1020.0, 1021.0, 1021.0, 1022.0, 1023.0, 1022.0, 1023.0, 1022.0, 1021.0, 1023.0, 1020.0, 1022.0, 1020.0, 1022.0, 1023.0, 1023.0, 1022.0, 1022.0, 1023.0, 1024.0, 1019.0, 1023.0, 1023.0, 1022.0, 1022.0, 1021.0, 1023.0, 1022.0, 1022.0, 1023.0, 1021.0, 1021.0, 1023.0, 1023.0, 1021.0, 1023.0, 1022.0, 1022.0, 1021.0, 1022.0, 1023.0, 1022.0, 1023.0, 1023.0, 1023.0, 1021.0, 1022.0, 1020.0, 1022.0, 1022.0, 1020.0, 1022.0, 1022.0, 1023.0, 1021.0, 1022.0, 1021.0, 1023.0, 1023.0, 1023.0]
Crossover offspring noisy fitness: [1019.0, 1023.0, 1023.0, 1023.0, 1021.0, 1021.0, 1023.0, 1022.0, 1023.0, 1020.0, 1022.0, 1022.0, 1021.0, 1022.0, 1022.0, 1021.0, 1023.0, 1023.0, 1022.0, 1023.0, 1022.0, 1023.0, 1020.0, 1023.0, 1020.0, 1022.0, 1022.0, 1022.0, 1023.0, 1022.0, 1021.0, 1021.0, 1021.0, 1022.0, 1022.0, 1023.0, 1023.0, 1023.0, 1022.0, 1023.0, 1022.0, 1020.0, 1021.0, 1021.0, 1022.0, 1023.0, 1022.0, 1023.0, 1022.0, 1021.0, 1023.0, 1020.0, 1022.0, 1020.0, 1022.0, 1023.0, 1023.0, 1022.0, 1022.0, 1023.0, 1024.0, 1019.0, 1023.0, 1023.0, 1022.0, 1021.0, 1021.0, 1023.0, 1022.0, 1022.0, 1023.0, 1021.0, 1021.0, 1023.0, 1023.0, 1021.0, 1023.0, 1022.0, 1022.0, 1021.0, 1022.0, 1023.0, 1022.0, 1022.0, 1023.0, 1023.0, 1021.0, 1022.0, 1020.0, 1022.0, 1022.0, 1020.0, 1022.0, 1022.0, 1023.0, 1021.0, 1022.0, 1021.0, 1023.0, 1023.0, 1023.0]
Is bad individual winner: 0
Real fitness of best good: 1022.0
Noisy fitness of best good: -1
Real fitness of best bad: -1
Noisy fitness of best bad: 1022.0

l: 92
Real fitness of mutation winner: 933.0
Noisy fitness of mutation winner: 934.0
Crossover offspring real fitness: [1020.0, 1022.0, 1023.0, 1021.0, 1021.0, 1023.0, 1023.0, 1022.0, 1022.0, 1022.0, 1022.0, 1023.0, 1022.0, 1022.0, 1022.0, 1021.0, 1022.0, 1022.0, 1022.0, 1022.0, 1019.0, 1021.0, 1022.0, 1023.0, 1023.0, 1022.0, 1022.0, 1023.0, 1023.0, 1023.0, 1023.0, 1022.0, 1023.0, 1021.0, 1022.0, 1022.0, 1022.0, 1023.0, 1022.0, 1022.0, 1023.0, 1021.0, 1022.0, 1024.0, 1022.0, 1023.0, 1021.0, 1023.0, 1021.0, 1023.0, 1022.0, 1023.0, 1023.0, 1023.0, 1021.0, 1022.0, 1023.0, 1023.0, 1021.0, 1019.0, 1023.0, 1022.0, 1022.0, 1021.0, 1023.0, 1022.0, 1022.0, 1022.0, 1020.0, 1021.0, 1023.0, 1021.0, 1023.0, 1022.0, 1021.0, 1023.0, 1020.0, 1020.0, 1023.0, 1023.0, 1022.0, 1022.0, 1022.0, 1023.0, 1022.0, 1022.0, 1022.0, 1022.0, 1022.0, 1021.0, 1023.0, 1023.0, 1021.0, 1023.0, 1021.0, 1023.0, 1021.0, 1023.0, 1022.0, 1023.0, 1023.0]
Crossover offspring noisy fitness: [1020.0, 1022.0, 1023.0, 1021.0, 1021.0, 1023.0, 1023.0, 1022.0, 1021.0, 1022.0, 1022.0, 1023.0, 1022.0, 1022.0, 1022.0, 1021.0, 1022.0, 1022.0, 1022.0, 1022.0, 1019.0, 1021.0, 1022.0, 1023.0, 1023.0, 1022.0, 1022.0, 1023.0, 1023.0, 1023.0, 1023.0, 1022.0, 1023.0, 1021.0, 1022.0, 1022.0, 1021.0, 1023.0, 1022.0, 1022.0, 1023.0, 1020.0, 1022.0, 1024.0, 1022.0, 1023.0, 1021.0, 1023.0, 1021.0, 1023.0, 1021.0, 1023.0, 1023.0, 1023.0, 1021.0, 1022.0, 1023.0, 1023.0, 1021.0, 1019.0, 1023.0, 1022.0, 1022.0, 1021.0, 1023.0, 1022.0, 1022.0, 1022.0, 1020.0, 1021.0, 1023.0, 1021.0, 1022.0, 1022.0, 1021.0, 1023.0, 1020.0, 1020.0, 1023.0, 1023.0, 1022.0, 1022.0, 1022.0, 1023.0, 1022.0, 1022.0, 1022.0, 1022.0, 1022.0, 1021.0, 1023.0, 1023.0, 1021.0, 1023.0, 1021.0, 1023.0, 1021.0, 1023.0, 1022.0, 1023.0, 1023.0]
Is bad individual winner: 0
Real fitness of best good: 1022.0
Noisy fitness of best good: -1
Real fitness of best bad: -1
Noisy fitness of best bad: 1022.0

l: 101
Real fitness of mutation winner: 924.0
Noisy fitness of mutation winner: 924.0
Crossover offspring real fitness: [1023.0, 1023.0, 1023.0, 1023.0, 1022.0, 1022.0, 1022.0, 1023.0, 1022.0, 1021.0, 1022.0, 1023.0, 1022.0, 1023.0, 1022.0, 1021.0, 1022.0, 1022.0, 1022.0, 1023.0, 1023.0, 1023.0, 1021.0, 1022.0, 1023.0, 1023.0, 1023.0, 1022.0, 1020.0, 1022.0, 1023.0, 1023.0, 1019.0, 1020.0, 1022.0, 1022.0, 1023.0, 1022.0, 1022.0, 1019.0, 1023.0, 1022.0, 1023.0, 1022.0, 1022.0, 1022.0, 1023.0, 1023.0, 1021.0, 1022.0, 1022.0, 1022.0, 1021.0, 1023.0, 1022.0, 1022.0, 1023.0, 1022.0, 1022.0, 1022.0, 1023.0, 1023.0, 1022.0, 1023.0, 1023.0, 1023.0, 1023.0, 1022.0, 1022.0, 1022.0, 1023.0, 1023.0, 1023.0, 1022.0, 1023.0, 1021.0, 1020.0, 1023.0, 1022.0, 1022.0, 1023.0, 1022.0, 1019.0, 1023.0, 1020.0, 1021.0, 1019.0, 1023.0, 1023.0, 1021.0, 1020.0, 1021.0, 1022.0, 1022.0, 1022.0, 1023.0, 1021.0, 1022.0, 1023.0, 1022.0, 1023.0]
Crossover offspring noisy fitness: [1023.0, 1023.0, 1023.0, 1023.0, 1022.0, 1022.0, 1022.0, 1023.0, 1022.0, 1021.0, 1022.0, 1023.0, 1021.0, 1023.0, 1022.0, 1021.0, 1022.0, 1022.0, 1022.0, 1023.0, 1023.0, 1023.0, 1021.0, 1022.0, 1023.0, 1023.0, 1023.0, 1021.0, 1020.0, 1021.0, 1023.0, 1023.0, 1019.0, 1020.0, 1022.0, 1022.0, 1023.0, 1022.0, 1022.0, 1019.0, 1022.0, 1022.0, 1023.0, 1022.0, 1022.0, 1022.0, 1023.0, 1023.0, 1021.0, 1022.0, 1022.0, 1022.0, 1020.0, 1023.0, 1022.0, 1022.0, 1023.0, 1022.0, 1022.0, 1022.0, 1023.0, 1023.0, 1022.0, 1023.0, 1023.0, 1023.0, 1023.0, 1022.0, 1022.0, 1022.0, 1023.0, 1023.0, 1023.0, 1022.0, 1023.0, 1021.0, 1020.0, 1023.0, 1022.0, 1022.0, 1023.0, 1022.0, 1019.0, 1023.0, 1020.0, 1021.0, 1019.0, 1023.0, 1023.0, 1021.0, 1020.0, 1021.0, 1022.0, 1022.0, 1021.0, 1022.0, 1021.0, 1022.0, 1023.0, 1022.0, 1023.0]
Is bad individual winner: 0
Real fitness of best good: 1022.0
Noisy fitness of best good: -1
Real fitness of best bad: -1
Noisy fitness of best bad: 1022.0

l: 92
Real fitness of mutation winner: 933.0
Noisy fitness of mutation winner: 933.0
Crossover offspring real fitness: [1021.0, 1022.0, 1021.0, 1022.0, 1022.0, 1023.0, 1022.0, 1022.0, 1023.0, 1023.0, 1023.0, 1023.0, 1023.0, 1023.0, 1020.0, 1023.0, 1023.0, 1023.0, 1019.0, 1022.0, 1023.0, 1023.0, 1021.0, 1020.0, 1020.0, 1022.0, 1022.0, 1020.0, 1022.0, 1023.0, 1022.0, 1023.0, 1022.0, 1023.0, 1022.0, 1021.0, 1022.0, 1019.0, 1022.0, 1022.0, 1022.0, 1020.0, 1022.0, 1022.0, 1023.0, 1023.0, 1020.0, 1023.0, 1021.0, 1023.0, 1022.0, 1022.0, 1022.0, 1021.0, 1022.0, 1021.0, 1023.0, 1022.0, 1020.0, 1023.0, 1023.0, 1021.0, 1023.0, 1023.0, 1022.0, 1022.0, 1021.0, 1023.0, 1023.0, 1022.0, 1021.0, 1020.0, 1022.0, 1023.0, 1022.0, 1021.0, 1022.0, 1022.0, 1021.0, 1022.0, 1021.0, 1022.0, 1023.0, 1023.0, 1023.0, 1020.0, 1022.0, 1022.0, 1023.0, 1021.0, 1022.0, 1021.0, 1022.0, 1023.0, 1022.0, 1023.0, 1023.0, 1022.0, 1023.0, 1022.0, 1022.0]
Crossover offspring noisy fitness: [1021.0, 1022.0, 1021.0, 1022.0, 1022.0, 1023.0, 1022.0, 1022.0, 1023.0, 1023.0, 1023.0, 1023.0, 1023.0, 1023.0, 1020.0, 1023.0, 1023.0, 1023.0, 1019.0, 1022.0, 1023.0, 1023.0, 1021.0, 1020.0, 1020.0, 1022.0, 1021.0, 1020.0, 1022.0, 1023.0, 1022.0, 1023.0, 1022.0, 1023.0, 1022.0, 1021.0, 1022.0, 1019.0, 1022.0, 1021.0, 1022.0, 1020.0, 1022.0, 1022.0, 1023.0, 1023.0, 1020.0, 1023.0, 1021.0, 1023.0, 1022.0, 1022.0, 1022.0, 1021.0, 1022.0, 1021.0, 1023.0, 1022.0, 1020.0, 1023.0, 1023.0, 1021.0, 1022.0, 1023.0, 1022.0, 1022.0, 1021.0, 1023.0, 1023.0, 1021.0, 1021.0, 1020.0, 1022.0, 1023.0, 1022.0, 1021.0, 1022.0, 1022.0, 1021.0, 1022.0, 1021.0, 1022.0, 1021.0, 1023.0, 1023.0, 1020.0, 1022.0, 1022.0, 1023.0, 1021.0, 1022.0, 1021.0, 1022.0, 1023.0, 1022.0, 1023.0, 1023.0, 1022.0, 1023.0, 1022.0, 1022.0]
Is bad individual winner: 0
Real fitness of best good: 1022.0
Noisy fitness of best good: -1
Real fitness of best bad: -1
Noisy fitness of best bad: 1022.0

l: 105
Real fitness of mutation winner: 920.0
Noisy fitness of mutation winner: 920.0
Crossover offspring real fitness: [1022.0, 1023.0, 1021.0, 1022.0, 1022.0, 1022.0, 1023.0, 1023.0, 1021.0, 1023.0, 1022.0, 1021.0, 1021.0, 1022.0, 1022.0, 1021.0, 1023.0, 1023.0, 1023.0, 1021.0, 1022.0, 1022.0, 1022.0, 1022.0, 1023.0, 1023.0, 1022.0, 1022.0, 1022.0, 1023.0, 1022.0, 1022.0, 1023.0, 1023.0, 1022.0, 1022.0, 1023.0, 1023.0, 1021.0, 1022.0, 1023.0, 1023.0, 1021.0, 1021.0, 1023.0, 1022.0, 1022.0, 1020.0, 1021.0, 1021.0, 1023.0, 1023.0, 1023.0, 1020.0, 1022.0, 1021.0, 1023.0, 1023.0, 1023.0, 1022.0, 1023.0, 1022.0, 1022.0, 1022.0, 1022.0, 1020.0, 1022.0, 1023.0, 1021.0, 1020.0, 1021.0, 1022.0, 1023.0, 1021.0, 1022.0, 1022.0, 1020.0, 1023.0, 1023.0, 1023.0, 1022.0, 1022.0, 1021.0, 1022.0, 1021.0, 1023.0, 1023.0, 1023.0, 1023.0, 1022.0, 1022.0, 1021.0, 1021.0, 1023.0, 1021.0, 1022.0, 1023.0, 1020.0, 1022.0, 1023.0, 1023.0]
Crossover offspring noisy fitness: [1022.0, 1023.0, 1021.0, 1022.0, 1022.0, 1022.0, 1023.0, 1023.0, 1021.0, 1023.0, 1022.0, 1021.0, 1021.0, 1022.0, 1022.0, 1021.0, 1023.0, 1023.0, 1023.0, 1020.0, 1022.0, 1022.0, 1022.0, 1022.0, 1023.0, 1023.0, 1022.0, 1022.0, 1022.0, 1023.0, 1022.0, 1022.0, 1023.0, 1023.0, 1022.0, 1022.0, 1023.0, 1023.0, 1021.0, 1022.0, 1023.0, 1023.0, 1021.0, 1021.0, 1023.0, 1022.0, 1022.0, 1020.0, 1020.0, 1021.0, 1023.0, 1023.0, 1023.0, 1020.0, 1022.0, 1021.0, 1023.0, 1023.0, 1022.0, 1022.0, 1023.0, 1022.0, 1022.0, 1022.0, 1022.0, 1020.0, 1022.0, 1023.0, 1021.0, 1020.0, 1021.0, 1022.0, 1023.0, 1020.0, 1022.0, 1022.0, 1020.0, 1023.0, 1023.0, 1023.0, 1022.0, 1022.0, 1021.0, 1022.0, 1021.0, 1023.0, 1022.0, 1023.0, 1023.0, 1022.0, 1022.0, 1021.0, 1021.0, 1023.0, 1021.0, 1022.0, 1023.0, 1020.0, 1022.0, 1023.0, 1023.0]
Is bad individual winner: 0
Real fitness of best good: 1022.0
Noisy fitness of best good: -1
Real fitness of best bad: -1
Noisy fitness of best bad: 1022.0

l: 94
Real fitness of mutation winner: 931.0
Noisy fitness of mutation winner: 931.0
Crossover offspring real fitness: [1020.0, 1022.0, 1022.0, 1021.0, 1022.0, 1021.0, 1022.0, 1023.0, 1023.0, 1022.0, 1023.0, 1023.0, 1023.0, 1022.0, 1023.0, 1023.0, 1022.0, 1020.0, 1023.0, 1022.0, 1023.0, 1022.0, 1023.0, 1022.0, 1023.0, 1021.0, 1023.0, 1023.0, 1022.0, 1023.0, 1022.0, 1021.0, 1023.0, 1022.0, 1022.0, 1022.0, 1021.0, 1022.0, 1022.0, 1021.0, 1021.0, 1022.0, 1021.0, 1021.0, 1023.0, 1022.0, 1023.0, 1023.0, 1022.0, 1023.0, 1022.0, 1023.0, 1023.0, 1021.0, 1022.0, 1022.0, 1021.0, 1023.0, 1022.0, 1022.0, 1022.0, 1022.0, 1021.0, 1021.0, 1023.0, 1022.0, 1023.0, 1023.0, 1023.0, 1022.0, 1020.0, 1023.0, 1022.0, 1022.0, 1021.0, 1022.0, 1021.0, 1023.0, 1023.0, 1023.0, 1022.0, 1023.0, 1022.0, 1021.0, 1023.0, 1021.0, 1021.0, 1023.0, 1022.0, 1022.0, 1022.0, 1023.0, 1023.0, 1023.0, 1022.0, 1021.0, 1024.0, 1023.0, 1021.0, 1023.0, 1023.0]
Crossover offspring noisy fitness: [1020.0, 1022.0, 1022.0, 1021.0, 1022.0, 1021.0, 1022.0, 1023.0, 1023.0, 1022.0, 1022.0, 1023.0, 1023.0, 1022.0, 1023.0, 1023.0, 1022.0, 1020.0, 1023.0, 1022.0, 1023.0, 1022.0, 1023.0, 1022.0, 1023.0, 1021.0, 1023.0, 1023.0, 1021.0, 1023.0, 1022.0, 1021.0, 1023.0, 1022.0, 1022.0, 1022.0, 1021.0, 1022.0, 1022.0, 1021.0, 1021.0, 1021.0, 1021.0, 1021.0, 1022.0, 1022.0, 1023.0, 1023.0, 1022.0, 1023.0, 1022.0, 1023.0, 1023.0, 1021.0, 1022.0, 1022.0, 1021.0, 1023.0, 1022.0, 1021.0, 1022.0, 1022.0, 1021.0, 1021.0, 1023.0, 1022.0, 1023.0, 1023.0, 1023.0, 1022.0, 1020.0, 1023.0, 1022.0, 1022.0, 1021.0, 1022.0, 1021.0, 1023.0, 1023.0, 1023.0, 1022.0, 1023.0, 1022.0, 1020.0, 1023.0, 1021.0, 1021.0, 1023.0, 1022.0, 1022.0, 1022.0, 1023.0, 1023.0, 1023.0, 1022.0, 1021.0, 1024.0, 1023.0, 1021.0, 1023.0, 1023.0]
Is bad individual winner: 0
Real fitness of best good: 1022.0
Noisy fitness of best good: -1
Real fitness of best bad: -1
Noisy fitness of best bad: 1022.0

l: 90
Real fitness of mutation winner: 935.0
Noisy fitness of mutation winner: 935.0
Crossover offspring real fitness: [1023.0, 1023.0, 1023.0, 1020.0, 1022.0, 1021.0, 1023.0, 1022.0, 1023.0, 1021.0, 1020.0, 1022.0, 1021.0, 1021.0, 1020.0, 1023.0, 1023.0, 1023.0, 1021.0, 1021.0, 1023.0, 1022.0, 1022.0, 1023.0, 1023.0, 1023.0, 1023.0, 1023.0, 1023.0, 1021.0, 1022.0, 1023.0, 1022.0, 1022.0, 1021.0, 1022.0, 1023.0, 1022.0, 1023.0, 1022.0, 1023.0, 1023.0, 1022.0, 1022.0, 1021.0, 1021.0, 1022.0, 1023.0, 1020.0, 1022.0, 1022.0, 1023.0, 1022.0, 1023.0, 1022.0, 1021.0, 1023.0, 1022.0, 1022.0, 1022.0, 1023.0, 1022.0, 1022.0, 1021.0, 1023.0, 1022.0, 1021.0, 1022.0, 1023.0, 1022.0, 1023.0, 1023.0, 1023.0, 1023.0, 1023.0, 1023.0, 1022.0, 1022.0, 1022.0, 1021.0, 1023.0, 1023.0, 1023.0, 1023.0, 1022.0, 1023.0, 1023.0, 1023.0, 1023.0, 1023.0, 1021.0, 1023.0, 1023.0, 1022.0, 1022.0, 1023.0, 1022.0, 1022.0, 1022.0, 1023.0, 1023.0]
Crossover offspring noisy fitness: [1022.0, 1023.0, 1023.0, 1020.0, 1022.0, 1021.0, 1023.0, 1022.0, 1023.0, 1021.0, 1019.0, 1022.0, 1021.0, 1021.0, 1020.0, 1023.0, 1023.0, 1023.0, 1021.0, 1021.0, 1023.0, 1022.0, 1022.0, 1023.0, 1023.0, 1023.0, 1023.0, 1023.0, 1022.0, 1021.0, 1022.0, 1023.0, 1022.0, 1022.0, 1021.0, 1022.0, 1022.0, 1022.0, 1023.0, 1022.0, 1023.0, 1023.0, 1022.0, 1022.0, 1021.0, 1021.0, 1022.0, 1023.0, 1020.0, 1022.0, 1022.0, 1023.0, 1022.0, 1023.0, 1022.0, 1021.0, 1023.0, 1022.0, 1022.0, 1022.0, 1023.0, 1022.0, 1022.0, 1021.0, 1023.0, 1022.0, 1021.0, 1022.0, 1023.0, 1022.0, 1023.0, 1023.0, 1023.0, 1023.0, 1023.0, 1023.0, 1022.0, 1022.0, 1022.0, 1021.0, 1022.0, 1023.0, 1023.0, 1023.0, 1022.0, 1023.0, 1023.0, 1023.0, 1023.0, 1022.0, 1021.0, 1023.0, 1022.0, 1022.0, 1022.0, 1023.0, 1022.0, 1022.0, 1022.0, 1023.0, 1023.0]
Is bad individual winner: 0
Real fitness of best good: 1022.0
Noisy fitness of best good: -1
Real fitness of best bad: -1
Noisy fitness of best bad: 1022.0

l: 106
Real fitness of mutation winner: 919.0
Noisy fitness of mutation winner: 920.0
Crossover offspring real fitness: [1023.0, 1020.0, 1022.0, 1022.0, 1022.0, 1019.0, 1023.0, 1023.0, 1023.0, 1021.0, 1020.0, 1022.0, 1023.0, 1021.0, 1021.0, 1022.0, 1023.0, 1021.0, 1022.0, 1021.0, 1022.0, 1023.0, 1023.0, 1020.0, 1023.0, 1022.0, 1022.0, 1022.0, 1021.0, 1021.0, 1023.0, 1023.0, 1022.0, 1021.0, 1023.0, 1023.0, 1022.0, 1021.0, 1022.0, 1021.0, 1022.0, 1022.0, 1023.0, 1023.0, 1019.0, 1022.0, 1021.0, 1021.0, 1022.0, 1021.0, 1023.0, 1023.0, 1023.0, 1020.0, 1021.0, 1022.0, 1021.0, 1022.0, 1021.0, 1020.0, 1023.0, 1023.0, 1019.0, 1023.0, 1022.0, 1023.0, 1022.0, 1021.0, 1023.0, 1022.0, 1023.0, 1022.0, 1023.0, 1020.0, 1023.0, 1022.0, 1023.0, 1023.0, 1022.0, 1022.0, 1019.0, 1021.0, 1021.0, 1023.0, 1022.0, 1022.0, 1022.0, 1023.0, 1023.0, 1020.0, 1021.0, 1020.0, 1020.0, 1022.0, 1021.0, 1022.0, 1022.0, 1023.0, 1019.0, 1022.0, 1020.0]
Crossover offspring noisy fitness: [1023.0, 1020.0, 1022.0, 1022.0, 1022.0, 1019.0, 1023.0, 1023.0, 1023.0, 1021.0, 1020.0, 1022.0, 1023.0, 1020.0, 1020.0, 1022.0, 1023.0, 1021.0, 1022.0, 1020.0, 1022.0, 1023.0, 1023.0, 1020.0, 1023.0, 1022.0, 1022.0, 1022.0, 1021.0, 1021.0, 1023.0, 1023.0, 1022.0, 1021.0, 1023.0, 1022.0, 1022.0, 1021.0, 1022.0, 1021.0, 1022.0, 1022.0, 1023.0, 1023.0, 1019.0, 1022.0, 1021.0, 1021.0, 1022.0, 1021.0, 1023.0, 1023.0, 1023.0, 1020.0, 1021.0, 1022.0, 1021.0, 1021.0, 1021.0, 1020.0, 1023.0, 1023.0, 1019.0, 1023.0, 1022.0, 1023.0, 1022.0, 1021.0, 1023.0, 1022.0, 1023.0, 1022.0, 1023.0, 1020.0, 1023.0, 1022.0, 1023.0, 1023.0, 1022.0, 1022.0, 1019.0, 1021.0, 1021.0, 1023.0, 1022.0, 1022.0, 1022.0, 1023.0, 1023.0, 1020.0, 1021.0, 1020.0, 1020.0, 1022.0, 1021.0, 1022.0, 1022.0, 1023.0, 1019.0, 1022.0, 1020.0]
Is bad individual winner: 0
Real fitness of best good: 1022.0
Noisy fitness of best good: -1
Real fitness of best bad: -1
Noisy fitness of best bad: 1022.0

l: 104
Real fitness of mutation winner: 921.0
Noisy fitness of mutation winner: 921.0
Crossover offspring real fitness: [1023.0, 1021.0, 1023.0, 1023.0, 1022.0, 1022.0, 1023.0, 1020.0, 1023.0, 1021.0, 1022.0, 1020.0, 1021.0, 1023.0, 1022.0, 1022.0, 1021.0, 1023.0, 1021.0, 1022.0, 1021.0, 1022.0, 1023.0, 1023.0, 1022.0, 1021.0, 1023.0, 1020.0, 1021.0, 1022.0, 1021.0, 1023.0, 1023.0, 1021.0, 1023.0, 1021.0, 1022.0, 1023.0, 1023.0, 1022.0, 1022.0, 1023.0, 1021.0, 1023.0, 1022.0, 1021.0, 1022.0, 1020.0, 1019.0, 1023.0, 1021.0, 1021.0, 1023.0, 1023.0, 1023.0, 1022.0, 1023.0, 1023.0, 1023.0, 1021.0, 1022.0, 1023.0, 1022.0, 1023.0, 1021.0, 1020.0, 1023.0, 1023.0, 1023.0, 1022.0, 1023.0, 1023.0, 1022.0, 1020.0, 1022.0, 1021.0, 1023.0, 1023.0, 1022.0, 1022.0, 1022.0, 1023.0, 1023.0, 1021.0, 1022.0, 1021.0, 1022.0, 1023.0, 1020.0, 1022.0, 1022.0, 1023.0, 1022.0, 1022.0, 1020.0, 1021.0, 1023.0, 1022.0, 1021.0, 1020.0, 1022.0]
Crossover offspring noisy fitness: [1023.0, 1021.0, 1023.0, 1023.0, 1022.0, 1022.0, 1023.0, 1020.0, 1023.0, 1021.0, 1022.0, 1020.0, 1021.0, 1022.0, 1022.0, 1022.0, 1021.0, 1023.0, 1021.0, 1022.0, 1020.0, 1022.0, 1023.0, 1023.0, 1022.0, 1021.0, 1023.0, 1020.0, 1021.0, 1022.0, 1021.0, 1023.0, 1023.0, 1021.0, 1023.0, 1021.0, 1022.0, 1023.0, 1023.0, 1022.0, 1022.0, 1022.0, 1021.0, 1023.0, 1022.0, 1021.0, 1022.0, 1020.0, 1019.0, 1023.0, 1021.0, 1021.0, 1023.0, 1023.0, 1023.0, 1022.0, 1022.0, 1023.0, 1023.0, 1021.0, 1022.0, 1023.0, 1022.0, 1023.0, 1021.0, 1020.0, 1023.0, 1023.0, 1023.0, 1022.0, 1023.0, 1023.0, 1022.0, 1020.0, 1022.0, 1021.0, 1023.0, 1023.0, 1022.0, 1022.0, 1022.0, 1023.0, 1022.0, 1021.0, 1022.0, 1020.0, 1022.0, 1023.0, 1020.0, 1022.0, 1022.0, 1023.0, 1022.0, 1022.0, 1020.0, 1021.0, 1023.0, 1022.0, 1021.0, 1020.0, 1022.0]
Is bad individual winner: 0
Real fitness of best good: 1022.0
Noisy fitness of best good: -1
Real fitness of best bad: -1
Noisy fitness of best bad: 1022.0

l: 110
Real fitness of mutation winner: 915.0
Noisy fitness of mutation winner: 915.0
Crossover offspring real fitness: [1022.0, 1021.0, 1023.0, 1023.0, 1022.0, 1021.0, 1023.0, 1023.0, 1023.0, 1022.0, 1021.0, 1023.0, 1022.0, 1021.0, 1022.0, 1020.0, 1020.0, 1020.0, 1022.0, 1022.0, 1023.0, 1023.0, 1021.0, 1020.0, 1022.0, 1023.0, 1022.0, 1023.0, 1022.0, 1022.0, 1022.0, 1020.0, 1023.0, 1019.0, 1022.0, 1022.0, 1021.0, 1022.0, 1022.0, 1022.0, 1022.0, 1022.0, 1020.0, 1022.0, 1021.0, 1022.0, 1021.0, 1023.0, 1022.0, 1021.0, 1023.0, 1022.0, 1021.0, 1022.0, 1023.0, 1020.0, 1021.0, 1023.0, 1021.0, 1023.0, 1021.0, 1023.0, 1021.0, 1021.0, 1021.0, 1023.0, 1022.0, 1022.0, 1020.0, 1020.0, 1023.0, 1022.0, 1021.0, 1022.0, 1022.0, 1022.0, 1022.0, 1023.0, 1020.0, 1021.0, 1023.0, 1023.0, 1021.0, 1021.0, 1022.0, 1022.0, 1022.0, 1021.0, 1023.0, 1022.0, 1022.0, 1020.0, 1020.0, 1023.0, 1022.0, 1022.0, 1021.0, 1023.0, 1023.0, 1020.0, 1023.0]
Crossover offspring noisy fitness: [1022.0, 1020.0, 1023.0, 1023.0, 1022.0, 1021.0, 1022.0, 1023.0, 1023.0, 1022.0, 1021.0, 1023.0, 1022.0, 1021.0, 1022.0, 1020.0, 1020.0, 1020.0, 1022.0, 1022.0, 1023.0, 1023.0, 1021.0, 1020.0, 1022.0, 1023.0, 1022.0, 1023.0, 1021.0, 1022.0, 1022.0, 1020.0, 1023.0, 1019.0, 1022.0, 1022.0, 1021.0, 1021.0, 1022.0, 1022.0, 1022.0, 1022.0, 1020.0, 1022.0, 1021.0, 1022.0, 1021.0, 1023.0, 1022.0, 1021.0, 1023.0, 1022.0, 1021.0, 1022.0, 1023.0, 1020.0, 1021.0, 1022.0, 1020.0, 1023.0, 1021.0, 1023.0, 1021.0, 1021.0, 1021.0, 1022.0, 1022.0, 1022.0, 1020.0, 1020.0, 1023.0, 1022.0, 1021.0, 1022.0, 1022.0, 1022.0, 1022.0, 1023.0, 1020.0, 1021.0, 1023.0, 1023.0, 1021.0, 1021.0, 1021.0, 1022.0, 1021.0, 1021.0, 1023.0, 1022.0, 1022.0, 1020.0, 1020.0, 1023.0, 1022.0, 1022.0, 1021.0, 1023.0, 1023.0, 1019.0, 1023.0]
Is bad individual winner: 0
Real fitness of best good: 1022.0
Noisy fitness of best good: -1
Real fitness of best bad: -1
Noisy fitness of best bad: 1022.0

l: 107
Real fitness of mutation winner: 918.0
Noisy fitness of mutation winner: 918.0
Crossover offspring real fitness: [1023.0, 1021.0, 1023.0, 1023.0, 1023.0, 1023.0, 1022.0, 1023.0, 1022.0, 1021.0, 1020.0, 1022.0, 1022.0, 1023.0, 1022.0, 1023.0, 1023.0, 1020.0, 1023.0, 1021.0, 1021.0, 1022.0, 1023.0, 1021.0, 1023.0, 1021.0, 1022.0, 1022.0, 1020.0, 1023.0, 1023.0, 1022.0, 1023.0, 1021.0, 1023.0, 1021.0, 1022.0, 1021.0, 1023.0, 1021.0, 1023.0, 1022.0, 1023.0, 1022.0, 1021.0, 1022.0, 1022.0, 1024.0, 1021.0, 1021.0, 1022.0, 1021.0, 1022.0, 1021.0, 1020.0, 1023.0, 1021.0, 1022.0, 1021.0, 1022.0, 1022.0, 1023.0, 1023.0, 1023.0, 1021.0, 1022.0, 1023.0, 1023.0, 1019.0, 1022.0, 1022.0, 1021.0, 1022.0, 1021.0, 1019.0, 1021.0, 1021.0, 1022.0, 1021.0, 1020.0, 1021.0, 1022.0, 1023.0, 1022.0, 1023.0, 1020.0, 1022.0, 1022.0, 1021.0, 1023.0, 1023.0, 1022.0, 1023.0, 1020.0, 1022.0, 1023.0, 1023.0, 1023.0, 1023.0, 1023.0, 1023.0]
Crossover offspring noisy fitness: [1022.0, 1021.0, 1023.0, 1023.0, 1023.0, 1023.0, 1022.0, 1023.0, 1021.0, 1021.0, 1020.0, 1022.0, 1022.0, 1023.0, 1022.0, 1023.0, 1023.0, 1020.0, 1023.0, 1021.0, 1021.0, 1022.0, 1023.0, 1021.0, 1023.0, 1021.0, 1022.0, 1021.0, 1020.0, 1023.0, 1023.0, 1022.0, 1023.0, 1021.0, 1023.0, 1021.0, 1022.0, 1021.0, 1023.0, 1021.0, 1023.0, 1022.0, 1023.0, 1022.0, 1019.0, 1022.0, 1022.0, 1024.0, 1021.0, 1021.0, 1022.0, 1021.0, 1022.0, 1021.0, 1020.0, 1023.0, 1021.0, 1022.0, 1021.0, 1022.0, 1022.0, 1023.0, 1023.0, 1023.0, 1021.0, 1022.0, 1023.0, 1023.0, 1019.0, 1022.0, 1022.0, 1021.0, 1022.0, 1020.0, 1019.0, 1021.0, 1021.0, 1022.0, 1021.0, 1020.0, 1021.0, 1022.0, 1023.0, 1022.0, 1023.0, 1020.0, 1022.0, 1022.0, 1021.0, 1023.0, 1022.0, 1022.0, 1023.0, 1020.0, 1021.0, 1023.0, 1023.0, 1023.0, 1023.0, 1023.0, 1023.0]
Is bad individual winner: 0
Real fitness of best good: 1022.0
Noisy fitness of best good: -1
Real fitness of best bad: -1
Noisy fitness of best bad: 1022.0

l: 110
Real fitness of mutation winner: 915.0
Noisy fitness of mutation winner: 915.0
Crossover offspring real fitness: [1022.0, 1020.0, 1023.0, 1022.0, 1022.0, 1022.0, 1023.0, 1021.0, 1021.0, 1021.0, 1022.0, 1022.0, 1023.0, 1021.0, 1020.0, 1023.0, 1022.0, 1021.0, 1023.0, 1022.0, 1022.0, 1021.0, 1022.0, 1023.0, 1022.0, 1021.0, 1023.0, 1020.0, 1020.0, 1022.0, 1023.0, 1021.0, 1023.0, 1022.0, 1022.0, 1022.0, 1021.0, 1022.0, 1021.0, 1022.0, 1021.0, 1021.0, 1022.0, 1021.0, 1023.0, 1022.0, 1021.0, 1023.0, 1023.0, 1023.0, 1022.0, 1022.0, 1023.0, 1022.0, 1022.0, 1022.0, 1022.0, 1021.0, 1023.0, 1022.0, 1022.0, 1022.0, 1023.0, 1023.0, 1021.0, 1022.0, 1022.0, 1023.0, 1022.0, 1022.0, 1022.0, 1021.0, 1021.0, 1020.0, 1023.0, 1022.0, 1022.0, 1021.0, 1021.0, 1021.0, 1023.0, 1022.0, 1023.0, 1022.0, 1020.0, 1023.0, 1023.0, 1022.0, 1022.0, 1021.0, 1021.0, 1021.0, 1023.0, 1023.0, 1021.0, 1022.0, 1022.0, 1022.0, 1022.0, 1020.0, 1021.0]
Crossover offspring noisy fitness: [1022.0, 1020.0, 1023.0, 1022.0, 1022.0, 1022.0, 1023.0, 1021.0, 1021.0, 1021.0, 1022.0, 1022.0, 1023.0, 1021.0, 1020.0, 1023.0, 1022.0, 1021.0, 1023.0, 1022.0, 1022.0, 1021.0, 1022.0, 1022.0, 1022.0, 1021.0, 1023.0, 1020.0, 1020.0, 1022.0, 1023.0, 1020.0, 1023.0, 1022.0, 1022.0, 1022.0, 1021.0, 1022.0, 1021.0, 1022.0, 1021.0, 1021.0, 1022.0, 1020.0, 1023.0, 1022.0, 1021.0, 1023.0, 1023.0, 1023.0, 1022.0, 1022.0, 1023.0, 1022.0, 1022.0, 1021.0, 1022.0, 1021.0, 1023.0, 1022.0, 1021.0, 1022.0, 1023.0, 1023.0, 1021.0, 1022.0, 1022.0, 1023.0, 1022.0, 1022.0, 1022.0, 1021.0, 1020.0, 1020.0, 1023.0, 1022.0, 1022.0, 1021.0, 1021.0, 1021.0, 1023.0, 1022.0, 1023.0, 1022.0, 1020.0, 1023.0, 1022.0, 1022.0, 1022.0, 1021.0, 1021.0, 1021.0, 1023.0, 1023.0, 1021.0, 1022.0, 1022.0, 1022.0, 1022.0, 1020.0, 1021.0]
Is bad individual winner: 0
Real fitness of best good: 1022.0
Noisy fitness of best good: -1
Real fitness of best bad: -1
Noisy fitness of best bad: 1022.0

l: 108
Real fitness of mutation winner: 917.0
Noisy fitness of mutation winner: 918.0
Crossover offspring real fitness: [1022.0, 1023.0, 1022.0, 1020.0, 1021.0, 1023.0, 1020.0, 1023.0, 1020.0, 1021.0, 1022.0, 1022.0, 1022.0, 1023.0, 1022.0, 1022.0, 1022.0, 1023.0, 1023.0, 1023.0, 1022.0, 1023.0, 1022.0, 1023.0, 1022.0, 1023.0, 1022.0, 1022.0, 1022.0, 1023.0, 1021.0, 1022.0, 1021.0, 1022.0, 1021.0, 1022.0, 1022.0, 1022.0, 1020.0, 1023.0, 1022.0, 1023.0, 1022.0, 1022.0, 1022.0, 1022.0, 1023.0, 1022.0, 1021.0, 1022.0, 1020.0, 1020.0, 1023.0, 1023.0, 1022.0, 1020.0, 1023.0, 1020.0, 1022.0, 1022.0, 1020.0, 1022.0, 1024.0, 1021.0, 1021.0, 1022.0, 1023.0, 1022.0, 1021.0, 1023.0, 1022.0, 1022.0, 1023.0, 1023.0, 1022.0, 1023.0, 1022.0, 1022.0, 1022.0, 1019.0, 1022.0, 1023.0, 1021.0, 1022.0, 1020.0, 1023.0, 1022.0, 1022.0, 1021.0, 1023.0, 1022.0, 1021.0, 1023.0, 1020.0, 1022.0, 1023.0, 1023.0, 1022.0, 1022.0, 1021.0, 1020.0]
Crossover offspring noisy fitness: [1022.0, 1023.0, 1022.0, 1020.0, 1020.0, 1023.0, 1020.0, 1023.0, 1020.0, 1021.0, 1021.0, 1022.0, 1022.0, 1022.0, 1022.0, 1022.0, 1022.0, 1023.0, 1023.0, 1023.0, 1022.0, 1023.0, 1022.0, 1023.0, 1022.0, 1023.0, 1022.0, 1022.0, 1022.0, 1023.0, 1021.0, 1022.0, 1020.0, 1022.0, 1021.0, 1022.0, 1022.0, 1022.0, 1020.0, 1023.0, 1022.0, 1023.0, 1022.0, 1022.0, 1022.0, 1022.0, 1023.0, 1022.0, 1021.0, 1022.0, 1020.0, 1020.0, 1023.0, 1023.0, 1022.0, 1020.0, 1023.0, 1019.0, 1022.0, 1022.0, 1020.0, 1022.0, 1024.0, 1021.0, 1021.0, 1021.0, 1023.0, 1022.0, 1021.0, 1023.0, 1022.0, 1022.0, 1023.0, 1023.0, 1022.0, 1023.0, 1022.0, 1022.0, 1022.0, 1019.0, 1022.0, 1023.0, 1021.0, 1022.0, 1020.0, 1023.0, 1022.0, 1022.0, 1020.0, 1023.0, 1022.0, 1021.0, 1023.0, 1019.0, 1022.0, 1023.0, 1023.0, 1021.0, 1022.0, 1021.0, 1020.0]
Is bad individual winner: 0
Real fitness of best good: 1022.0
Noisy fitness of best good: -1
Real fitness of best bad: -1
Noisy fitness of best bad: 1022.0

l: 90
Real fitness of mutation winner: 935.0
Noisy fitness of mutation winner: 935.0
Crossover offspring real fitness: [1022.0, 1021.0, 1022.0, 1022.0, 1023.0, 1023.0, 1019.0, 1021.0, 1023.0, 1022.0, 1023.0, 1023.0, 1022.0, 1023.0, 1021.0, 1021.0, 1022.0, 1021.0, 1022.0, 1023.0, 1023.0, 1023.0, 1023.0, 1022.0, 1022.0, 1022.0, 1021.0, 1023.0, 1022.0, 1021.0, 1022.0, 1021.0, 1022.0, 1021.0, 1023.0, 1023.0, 1020.0, 1022.0, 1023.0, 1022.0, 1021.0, 1023.0, 1022.0, 1022.0, 1021.0, 1023.0, 1022.0, 1023.0, 1023.0, 1022.0, 1022.0, 1023.0, 1023.0, 1023.0, 1023.0, 1023.0, 1023.0, 1022.0, 1023.0, 1021.0, 1022.0, 1023.0, 1023.0, 1023.0, 1022.0, 1023.0, 1021.0, 1022.0, 1023.0, 1023.0, 1023.0, 1022.0, 1023.0, 1023.0, 1023.0, 1021.0, 1019.0, 1023.0, 1023.0, 1022.0, 1023.0, 1022.0, 1020.0, 1023.0, 1021.0, 1021.0, 1022.0, 1021.0, 1023.0, 1022.0, 1020.0, 1022.0, 1023.0, 1021.0, 1020.0, 1021.0, 1020.0, 1021.0, 1023.0, 1023.0, 1022.0]
Crossover offspring noisy fitness: [1022.0, 1021.0, 1022.0, 1022.0, 1023.0, 1023.0, 1019.0, 1021.0, 1023.0, 1022.0, 1023.0, 1023.0, 1022.0, 1022.0, 1021.0, 1021.0, 1022.0, 1021.0, 1021.0, 1023.0, 1022.0, 1023.0, 1022.0, 1022.0, 1022.0, 1022.0, 1021.0, 1023.0, 1022.0, 1021.0, 1022.0, 1021.0, 1022.0, 1020.0, 1023.0, 1023.0, 1020.0, 1022.0, 1022.0, 1022.0, 1021.0, 1023.0, 1022.0, 1022.0, 1021.0, 1023.0, 1021.0, 1023.0, 1023.0, 1021.0, 1022.0, 1023.0, 1023.0, 1023.0, 1023.0, 1023.0, 1023.0, 1022.0, 1022.0, 1021.0, 1022.0, 1023.0, 1023.0, 1023.0, 1022.0, 1023.0, 1021.0, 1022.0, 1023.0, 1023.0, 1023.0, 1022.0, 1023.0, 1023.0, 1023.0, 1021.0, 1019.0, 1023.0, 1023.0, 1022.0, 1023.0, 1021.0, 1020.0, 1023.0, 1021.0, 1021.0, 1022.0, 1021.0, 1023.0, 1022.0, 1020.0, 1022.0, 1023.0, 1021.0, 1020.0, 1021.0, 1020.0, 1021.0, 1023.0, 1023.0, 1022.0]
Is bad individual winner: 0
Real fitness of best good: 1022.0
Noisy fitness of best good: -1
Real fitness of best bad: -1
Noisy fitness of best bad: 1022.0

l: 104
Real fitness of mutation winner: 921.0
Noisy fitness of mutation winner: 921.0
Crossover offspring real fitness: [1019.0, 1023.0, 1023.0, 1023.0, 1023.0, 1020.0, 1023.0, 1021.0, 1023.0, 1023.0, 1020.0, 1022.0, 1022.0, 1023.0, 1023.0, 1023.0, 1022.0, 1020.0, 1023.0, 1022.0, 1023.0, 1020.0, 1022.0, 1023.0, 1019.0, 1021.0, 1023.0, 1023.0, 1019.0, 1022.0, 1023.0, 1023.0, 1022.0, 1022.0, 1022.0, 1023.0, 1019.0, 1023.0, 1023.0, 1022.0, 1022.0, 1023.0, 1023.0, 1020.0, 1021.0, 1021.0, 1023.0, 1023.0, 1023.0, 1023.0, 1022.0, 1023.0, 1023.0, 1023.0, 1022.0, 1019.0, 1022.0, 1021.0, 1022.0, 1023.0, 1023.0, 1020.0, 1022.0, 1023.0, 1021.0, 1023.0, 1022.0, 1022.0, 1023.0, 1022.0, 1022.0, 1023.0, 1023.0, 1021.0, 1021.0, 1023.0, 1021.0, 1023.0, 1023.0, 1022.0, 1021.0, 1023.0, 1022.0, 1023.0, 1021.0, 1020.0, 1022.0, 1022.0, 1023.0, 1022.0, 1019.0, 1022.0, 1022.0, 1022.0, 1023.0, 1021.0, 1022.0, 1023.0, 1021.0, 1023.0, 1021.0]
Crossover offspring noisy fitness: [1019.0, 1023.0, 1023.0, 1023.0, 1023.0, 1020.0, 1023.0, 1021.0, 1023.0, 1023.0, 1020.0, 1022.0, 1022.0, 1023.0, 1023.0, 1023.0, 1022.0, 1020.0, 1023.0, 1022.0, 1023.0, 1020.0, 1022.0, 1023.0, 1019.0, 1021.0, 1023.0, 1022.0, 1019.0, 1022.0, 1023.0, 1023.0, 1022.0, 1022.0, 1022.0, 1023.0, 1019.0, 1023.0, 1023.0, 1022.0, 1022.0, 1023.0, 1022.0, 1019.0, 1021.0, 1021.0, 1023.0, 1023.0, 1023.0, 1023.0, 1022.0, 1023.0, 1023.0, 1023.0, 1022.0, 1019.0, 1022.0, 1021.0, 1022.0, 1023.0, 1023.0, 1020.0, 1022.0, 1023.0, 1021.0, 1023.0, 1022.0, 1022.0, 1023.0, 1022.0, 1022.0, 1022.0, 1023.0, 1021.0, 1021.0, 1023.0, 1021.0, 1023.0, 1023.0, 1022.0, 1021.0, 1023.0, 1022.0, 1023.0, 1021.0, 1020.0, 1022.0, 1022.0, 1023.0, 1022.0, 1019.0, 1022.0, 1021.0, 1022.0, 1023.0, 1021.0, 1022.0, 1023.0, 1021.0, 1023.0, 1021.0]
Is bad individual winner: 0
Real fitness of best good: 1022.0
Noisy fitness of best good: -1
Real fitness of best bad: -1
Noisy fitness of best bad: 1022.0

