l: 104
Real fitness of mutation winner: 921.0
Noisy fitness of mutation winner: 921.0
Crossover offspring real fitness: [1023.0, 1022.0, 1022.0, 1023.0, 1023.0, 1022.0, 1021.0, 1021.0, 1023.0, 1022.0, 1023.0, 1023.0, 1023.0, 1021.0, 1020.0, 1021.0, 1022.0, 1022.0, 1022.0, 1022.0, 1022.0, 1023.0, 1020.0, 1021.0, 1023.0, 1020.0, 1022.0, 1023.0, 1021.0, 1021.0, 1023.0, 1022.0, 1023.0, 1021.0, 1023.0, 1019.0, 1022.0, 1022.0, 1023.0, 1023.0, 1022.0, 1023.0, 1023.0, 1022.0, 1022.0, 1023.0, 1022.0, 1020.0, 1023.0, 1021.0, 1021.0, 1023.0, 1019.0, 1021.0, 1021.0, 1023.0, 1023.0, 1023.0, 1023.0, 1022.0, 1023.0, 1022.0, 1022.0, 1022.0, 1021.0, 1022.0, 1022.0, 1021.0, 1022.0, 1020.0, 1022.0, 1019.0, 1023.0, 1023.0, 1023.0, 1022.0, 1022.0, 1022.0, 1023.0, 1022.0, 1022.0, 1022.0, 1022.0, 1022.0, 1023.0, 1021.0, 1023.0, 1021.0, 1020.0, 1022.0, 1021.0, 1021.0, 1023.0, 1022.0, 1023.0, 1022.0, 1022.0, 1023.0, 1022.0, 1023.0, 1020.0]
Crossover offspring noisy fitness: [1023.0, 1022.0, 1022.0, 1023.0, 1023.0, 1022.0, 1021.0, 1021.0, 1023.0, 1022.0, 1023.0, 1023.0, 1023.0, 1021.0, 1020.0, 1021.0, 1022.0, 1022.0, 1022.0, 1022.0, 1022.0, 1023.0, 1020.0, 1021.0, 1023.0, 1020.0, 1021.0, 1023.0, 1021.0, 1021.0, 1023.0, 1022.0, 1023.0, 1021.0, 1023.0, 1019.0, 1022.0, 1022.0, 1023.0, 1023.0, 1022.0, 1023.0, 1022.0, 1022.0, 1022.0, 1023.0, 1022.0, 1020.0, 1023.0, 1021.0, 1021.0, 1023.0, 1019.0, 1021.0, 1021.0, 1023.0, 1023.0, 1023.0, 1023.0, 1022.0, 1023.0, 1022.0, 1022.0, 1022.0, 1021.0, 1022.0, 1022.0, 1021.0, 1022.0, 1020.0, 1022.0, 1019.0, 1023.0, 1023.0, 1023.0, 1022.0, 1022.0, 1022.0, 1023.0, 1022.0, 1022.0, 1022.0, 1022.0, 1022.0, 1023.0, 1021.0, 1023.0, 1021.0, 1020.0, 1022.0, 1021.0, 1020.0, 1023.0, 1021.0, 1023.0, 1022.0, 1022.0, 1023.0, 1022.0, 1023.0, 1020.0]
Is bad individual winner: 0
Real fitness of best good: 1022.0
Noisy fitness of best good: -1
Real fitness of best bad: -1
Noisy fitness of best bad: 1022.0

l: 95
Real fitness of mutation winner: 930.0
Noisy fitness of mutation winner: 930.0
Crossover offspring real fitness: [1023.0, 1022.0, 1019.0, 1023.0, 1022.0, 1023.0, 1023.0, 1023.0, 1023.0, 1022.0, 1022.0, 1023.0, 1023.0, 1023.0, 1023.0, 1023.0, 1023.0, 1020.0, 1022.0, 1023.0, 1022.0, 1023.0, 1023.0, 1022.0, 1022.0, 1023.0, 1023.0, 1022.0, 1023.0, 1022.0, 1022.0, 1022.0, 1023.0, 1020.0, 1021.0, 1021.0, 1023.0, 1023.0, 1020.0, 1023.0, 1022.0, 1021.0, 1023.0, 1023.0, 1023.0, 1023.0, 1022.0, 1023.0, 1023.0, 1022.0, 1022.0, 1021.0, 1023.0, 1023.0, 1022.0, 1022.0, 1020.0, 1023.0, 1022.0, 1022.0, 1023.0, 1021.0, 1023.0, 1022.0, 1022.0, 1021.0, 1021.0, 1021.0, 1023.0, 1022.0, 1022.0, 1022.0, 1022.0, 1023.0, 1023.0, 1022.0, 1022.0, 1020.0, 1021.0, 1022.0, 1020.0, 1023.0, 1022.0, 1022.0, 1018.0, 1023.0, 1023.0, 1022.0, 1023.0, 1023.0, 1021.0, 1021.0, 1023.0, 1020.0, 1022.0, 1022.0, 1023.0, 1022.0, 1022.0, 1022.0, 1022.0]
Crossover offspring noisy fitness: [1023.0, 1022.0, 1019.0, 1023.0, 1022.0, 1023.0, 1023.0, 1023.0, 1023.0, 1022.0, 1022.0, 1023.0, 1023.0, 1023.0, 1023.0, 1023.0, 1023.0, 1020.0, 1022.0, 1023.0, 1022.0, 1022.0, 1023.0, 1022.0, 1022.0, 1023.0, 1023.0, 1022.0, 1023.0, 1022.0, 1022.0, 1022.0, 1023.0, 1020.0, 1021.0, 1021.0, 1023.0, 1023.0, 1020.0, 1023.0, 1022.0, 1021.0, 1023.0, 1023.0, 1023.0, 1023.0, 1022.0, 1023.0, 1023.0, 1022.0, 1021.0, 1021.0, 1023.0, 1023.0, 1022.0, 1022.0, 1020.0, 1023.0, 1022.0, 1022.0, 1023.0, 1021.0, 1023.0, 1022.0, 1022.0, 1021.0, 1020.0, 1021.0, 1023.0, 1022.0, 1022.0, 1022.0, 1022.0, 1023.0, 1022.0, 1022.0, 1022.0, 1020.0, 1021.0, 1022.0, 1020.0, 1023.0, 1022.0, 1022.0, 1018.0, 1023.0, 1023.0, 1022.0, 1023.0, 1023.0, 1021.0, 1021.0, 1023.0, 1020.0, 1022.0, 1021.0, 1022.0, 1022.0, 1022.0, 1022.0, 1022.0]
Is bad individual winner: 0
Real fitness of best good: 1022.0
Noisy fitness of best good: -1
Real fitness of best bad: -1
Noisy fitness of best bad: 1022.0

l: 105
Real fitness of mutation winner: 920.0
Noisy fitness of mutation winner: 920.0
Crossover offspring real fitness: [1023.0, 1021.0, 1022.0, 1018.0, 1022.0, 1022.0, 1023.0, 1022.0, 1022.0, 1023.0, 1023.0, 1023.0, 1022.0, 1023.0, 1021.0, 1021.0, 1022.0, 1023.0, 1022.0, 1022.0, 1023.0, 1023.0, 1023.0, 1020.0, 1022.0, 1023.0, 1022.0, 1023.0, 1020.0, 1023.0, 1023.0, 1022.0, 1022.0, 1023.0, 1021.0, 1023.0, 1023.0, 1022.0, 1022.0, 1022.0, 1022.0, 1023.0, 1023.0, 1023.0, 1021.0, 1023.0, 1019.0, 1023.0, 1023.0, 1023.0, 1022.0, 1021.0, 1022.0, 1021.0, 1023.0, 1023.0, 1022.0, 1022.0, 1022.0, 1022.0, 1021.0, 1020.0, 1022.0, 1022.0, 1021.0, 1023.0, 1023.0, 1022.0, 1022.0, 1022.0, 1023.0, 1022.0, 1022.0, 1023.0, 1023.0, 1022.0, 1021.0, 1023.0, 1023.0, 1023.0, 1022.0, 1021.0, 1022.0, 1021.0, 1021.0, 1022.0, 1023.0, 1023.0, 1020.0, 1022.0, 1022.0, 1020.0, 1023.0, 1022.0, 1023.0, 1022.0, 1021.0, 1022.0, 1022.0, 1022.0, 1021.0]
Crossover offspring noisy fitness: [1023.0, 1021.0, 1022.0, 1018.0, 1021.0, 1022.0, 1023.0, 1022.0, 1022.0, 1023.0, 1023.0, 1023.0, 1022.0, 1022.0, 1021.0, 1021.0, 1022.0, 1023.0, 1022.0, 1022.0, 1023.0, 1023.0, 1023.0, 1019.0, 1021.0, 1023.0, 1022.0, 1023.0, 1020.0, 1023.0, 1023.0, 1022.0, 1022.0, 1023.0, 1020.0, 1023.0, 1023.0, 1022.0, 1022.0, 1022.0, 1022.0, 1023.0, 1023.0, 1023.0, 1021.0, 1023.0, 1019.0, 1023.0, 1022.0, 1023.0, 1022.0, 1021.0, 1022.0, 1021.0, 1023.0, 1023.0, 1022.0, 1022.0, 1022.0, 1022.0, 1021.0, 1020.0, 1022.0, 1022.0, 1021.0, 1023.0, 1023.0, 1022.0, 1022.0, 1022.0, 1022.0, 1022.0, 1022.0, 1023.0, 1023.0, 1022.0, 1021.0, 1023.0, 1023.0, 1023.0, 1022.0, 1021.0, 1022.0, 1021.0, 1021.0, 1022.0, 1023.0, 1023.0, 1020.0, 1022.0, 1022.0, 1020.0, 1023.0, 1022.0, 1023.0, 1022.0, 1021.0, 1022.0, 1022.0, 1022.0, 1020.0]
Is bad individual winner: 0
Real fitness of best good: 1022.0
Noisy fitness of best good: -1
Real fitness of best bad: -1
Noisy fitness of best bad: 1022.0

l: 104
Real fitness of mutation winner: 921.0
Noisy fitness of mutation winner: 921.0
Crossover offspring real fitness: [1023.0, 1022.0, 1023.0, 1022.0, 1022.0, 1022.0, 1022.0, 1021.0, 1021.0, 1023.0, 1022.0, 1023.0, 1023.0, 1023.0, 1023.0, 1023.0, 1023.0, 1023.0, 1019.0, 1023.0, 1022.0, 1022.0, 1020.0, 1022.0, 1023.0, 1022.0, 1020.0, 1022.0, 1022.0, 1023.0, 1020.0, 1022.0, 1021.0, 1022.0, 1021.0, 1021.0, 1023.0, 1023.0, 1022.0, 1022.0, 1023.0, 1021.0, 1023.0, 1022.0, 1023.0, 1021.0, 1023.0, 1022.0, 1023.0, 1022.0, 1023.0, 1023.0, 1023.0, 1023.0, 1022.0, 1019.0, 1022.0, 1023.0, 1023.0, 1021.0, 1023.0, 1022.0, 1021.0, 1022.0, 1022.0, 1023.0, 1022.0, 1021.0, 1021.0, 1022.0, 1021.0, 1023.0, 1021.0, 1023.0, 1023.0, 1021.0, 1022.0, 1023.0, 1021.0, 1022.0, 1023.0, 1020.0, 1022.0, 1020.0, 1021.0, 1023.0, 1023.0, 1022.0, 1023.0, 1023.0, 1022.0, 1023.0, 1021.0, 1020.0, 1023.0, 1023.0, 1022.0, 1023.0, 1018.0, 1022.0, 1023.0]
Crossover offspring noisy fitness: [1023.0, 1022.0, 1023.0, 1022.0, 1022.0, 1021.0, 1022.0, 1021.0, 1021.0, 1023.0, 1022.0, 1023.0, 1023.0, 1023.0, 1023.0, 1022.0, 1023.0, 1023.0, 1019.0, 1023.0, 1022.0, 1022.0, 1020.0, 1022.0, 1023.0, 1022.0, 1020.0, 1022.0, 1021.0, 1023.0, 1020.0, 1022.0, 1021.0, 1022.0, 1021.0, 1021.0, 1023.0, 1023.0, 1022.0, 1022.0, 1023.0, 1021.0, 1023.0, 1022.0, 1023.0, 1021.0, 1023.0, 1022.0, 1023.0, 1021.0, 1023.0, 1023.0, 1023.0, 1023.0, 1022.0, 1019.0, 1022.0, 1023.0, 1023.0, 1021.0, 1023.0, 1022.0, 1021.0, 1022.0, 1022.0, 1023.0, 1022.0, 1021.0, 1020.0, 1022.0, 1021.0, 1022.0, 1021.0, 1023.0, 1023.0, 1021.0, 1022.0, 1022.0, 1021.0, 1022.0, 1023.0, 1020.0, 1022.0, 1020.0, 1021.0, 1023.0, 1023.0, 1022.0, 1023.0, 1023.0, 1022.0, 1023.0, 1021.0, 1020.0, 1023.0, 1023.0, 1022.0, 1023.0, 1018.0, 1021.0, 1023.0]
Is bad individual winner: 0
Real fitness of best good: 1022.0
Noisy fitness of best good: -1
Real fitness of best bad: -1
Noisy fitness of best bad: 1022.0

l: 102
Real fitness of mutation winner: 923.0
Noisy fitness of mutation winner: 923.0
Crossover offspring real fitness: [1023.0, 1022.0, 1021.0, 1022.0, 1020.0, 1023.0, 1022.0, 1023.0, 1021.0, 1022.0, 1023.0, 1021.0, 1022.0, 1023.0, 1021.0, 1023.0, 1022.0, 1023.0, 1023.0, 1023.0, 1022.0, 1023.0, 1021.0, 1022.0, 1023.0, 1020.0, 1022.0, 1021.0, 1022.0, 1021.0, 1023.0, 1021.0, 1022.0, 1023.0, 1023.0, 1022.0, 1022.0, 1021.0, 1022.0, 1023.0, 1022.0, 1021.0, 1022.0, 1020.0, 1022.0, 1022.0, 1021.0, 1022.0, 1023.0, 1023.0, 1023.0, 1023.0, 1022.0, 1020.0, 1023.0, 1022.0, 1023.0, 1023.0, 1022.0, 1021.0, 1022.0, 1019.0, 1022.0, 1021.0, 1022.0, 1020.0, 1023.0, 1020.0, 1021.0, 1023.0, 1022.0, 1023.0, 1022.0, 1023.0, 1022.0, 1021.0, 1022.0, 1022.0, 1023.0, 1022.0, 1022.0, 1022.0, 1020.0, 1023.0, 1023.0, 1022.0, 1023.0, 1022.0, 1023.0, 1022.0, 1023.0, 1020.0, 1022.0, 1021.0, 1023.0, 1020.0, 1021.0, 1022.0, 1022.0, 1023.0, 1020.0]
Crossover offspring noisy fitness: [1023.0, 1022.0, 1021.0, 1022.0, 1020.0, 1023.0, 1022.0, 1023.0, 1021.0, 1022.0, 1023.0, 1021.0, 1021.0, 1023.0, 1021.0, 1023.0, 1022.0, 1022.0, 1023.0, 1023.0, 1022.0, 1023.0, 1021.0, 1022.0, 1023.0, 1020.0, 1022.0, 1021.0, 1022.0, 1021.0, 1023.0, 1021.0, 1022.0, 1023.0, 1023.0, 1022.0, 1022.0, 1021.0, 1022.0, 1023.0, 1022.0, 1021.0, 1022.0, 1020.0, 1022.0, 1022.0, 1021.0, 1022.0, 1023.0, 1023.0, 1022.0, 1023.0, 1022.0, 1020.0, 1023.0, 1022.0, 1023.0, 1023.0, 1022.0, 1021.0, 1022.0, 1019.0, 1022.0, 1021.0, 1022.0, 1020.0, 1023.0, 1020.0, 1021.0, 1023.0, 1022.0, 1023.0, 1022.0, 1023.0, 1022.0, 1021.0, 1022.0, 1022.0, 1023.0, 1022.0, 1022.0, 1022.0, 1020.0, 1023.0, 1023.0, 1022.0, 1023.0, 1022.0, 1023.0, 1022.0, 1023.0, 1020.0, 1022.0, 1021.0, 1023.0, 1020.0, 1021.0, 1022.0, 1022.0, 1023.0, 1020.0]
Is bad individual winner: 0
Real fitness of best good: 1022.0
Noisy fitness of best good: -1
Real fitness of best bad: -1
Noisy fitness of best bad: 1022.0

l: 89
Real fitness of mutation winner: 936.0
Noisy fitness of mutation winner: 936.0
Crossover offspring real fitness: [1022.0, 1023.0, 1021.0, 1023.0, 1022.0, 1023.0, 1022.0, 1023.0, 1021.0, 1022.0, 1022.0, 1021.0, 1020.0, 1023.0, 1023.0, 1022.0, 1023.0, 1023.0, 1022.0, 1023.0, 1022.0, 1021.0, 1021.0, 1023.0, 1022.0, 1023.0, 1020.0, 1022.0, 1023.0, 1022.0, 1023.0, 1021.0, 1021.0, 1021.0, 1023.0, 1023.0, 1021.0, 1022.0, 1022.0, 1022.0, 1021.0, 1022.0, 1021.0, 1022.0, 1021.0, 1023.0, 1022.0, 1021.0, 1022.0, 1022.0, 1021.0, 1022.0, 1022.0, 1021.0, 1022.0, 1022.0, 1022.0, 1023.0, 1022.0, 1023.0, 1022.0, 1023.0, 1023.0, 1020.0, 1022.0, 1022.0, 1023.0, 1022.0, 1022.0, 1023.0, 1023.0, 1023.0, 1020.0, 1023.0, 1023.0, 1023.0, 1023.0, 1023.0, 1021.0, 1022.0, 1020.0, 1021.0, 1023.0, 1023.0, 1021.0, 1023.0, 1022.0, 1023.0, 1023.0, 1023.0, 1023.0, 1023.0, 1021.0, 1022.0, 1022.0, 1021.0, 1020.0, 1022.0, 1021.0, 1021.0, 1020.0]
Crossover offspring noisy fitness: [1021.0, 1023.0, 1021.0, 1023.0, 1021.0, 1023.0, 1022.0, 1023.0, 1021.0, 1022.0, 1022.0, 1021.0, 1020.0, 1023.0, 1023.0, 1022.0, 1023.0, 1023.0, 1022.0, 1023.0, 1022.0, 1021.0, 1021.0, 1023.0, 1022.0, 1023.0, 1020.0, 1022.0, 1023.0, 1022.0, 1023.0, 1021.0, 1021.0, 1021.0, 1023.0, 1023.0, 1021.0, 1022.0, 1022.0, 1022.0, 1021.0, 1022.0, 1020.0, 1022.0, 1020.0, 1023.0, 1022.0, 1021.0, 1022.0, 1022.0, 1021.0, 1022.0, 1022.0, 1021.0, 1022.0, 1022.0, 1022.0, 1023.0, 1022.0, 1023.0, 1021.0, 1023.0, 1023.0, 1020.0, 1022.0, 1022.0, 1023.0, 1022.0, 1022.0, 1023.0, 1023.0, 1022.0, 1019.0, 1023.0, 1023.0, 1023.0, 1022.0, 1023.0, 1021.0, 1022.0, 1020.0, 1021.0, 1023.0, 1023.0, 1021.0, 1023.0, 1022.0, 1023.0, 1023.0, 1023.0, 1023.0, 1023.0, 1021.0, 1022.0, 1022.0, 1021.0, 1020.0, 1022.0, 1021.0, 1021.0, 1020.0]
Is bad individual winner: 0
Real fitness of best good: 1022.0
Noisy fitness of best good: -1
Real fitness of best bad: -1
Noisy fitness of best bad: 1022.0

l: 98
Real fitness of mutation winner: 927.0
Noisy fitness of mutation winner: 927.0
Crossover offspring real fitness: [1021.0, 1022.0, 1023.0, 1020.0, 1023.0, 1022.0, 1022.0, 1020.0, 1023.0, 1022.0, 1022.0, 1022.0, 1023.0, 1021.0, 1021.0, 1022.0, 1023.0, 1023.0, 1022.0, 1021.0, 1022.0, 1023.0, 1022.0, 1022.0, 1023.0, 1023.0, 1021.0, 1022.0, 1022.0, 1021.0, 1021.0, 1021.0, 1022.0, 1022.0, 1023.0, 1022.0, 1023.0, 1023.0, 1023.0, 1022.0, 1023.0, 1021.0, 1021.0, 1023.0, 1022.0, 1022.0, 1021.0, 1022.0, 1024.0, 1023.0, 1022.0, 1022.0, 1023.0, 1021.0, 1023.0, 1023.0, 1022.0, 1021.0, 1021.0, 1022.0, 1023.0, 1022.0, 1023.0, 1023.0, 1023.0, 1023.0, 1022.0, 1023.0, 1022.0, 1023.0, 1022.0, 1022.0, 1022.0, 1022.0, 1023.0, 1023.0, 1023.0, 1023.0, 1022.0, 1023.0, 1022.0, 1020.0, 1023.0, 1021.0, 1023.0, 1021.0, 1022.0, 1021.0, 1022.0, 1023.0, 1022.0, 1023.0, 1023.0, 1022.0, 1023.0, 1020.0, 1021.0, 1021.0, 1019.0, 1020.0, 1022.0]
Crossover offspring noisy fitness: [1021.0, 1022.0, 1023.0, 1020.0, 1023.0, 1022.0, 1022.0, 1020.0, 1023.0, 1022.0, 1022.0, 1022.0, 1023.0, 1021.0, 1021.0, 1022.0, 1023.0, 1023.0, 1022.0, 1021.0, 1021.0, 1023.0, 1022.0, 1022.0, 1023.0, 1023.0, 1021.0, 1022.0, 1022.0, 1021.0, 1020.0, 1021.0, 1022.0, 1022.0, 1023.0, 1022.0, 1023.0, 1023.0, 1023.0, 1022.0, 1023.0, 1021.0, 1021.0, 1023.0, 1022.0, 1022.0, 1021.0, 1022.0, 1024.0, 1023.0, 1022.0, 1022.0, 1023.0, 1021.0, 1023.0, 1023.0, 1022.0, 1021.0, 1021.0, 1022.0, 1023.0, 1022.0, 1023.0, 1023.0, 1023.0, 1023.0, 1021.0, 1023.0, 1022.0, 1023.0, 1022.0, 1022.0, 1022.0, 1021.0, 1023.0, 1023.0, 1023.0, 1023.0, 1022.0, 1023.0, 1022.0, 1020.0, 1023.0, 1021.0, 1023.0, 1021.0, 1022.0, 1021.0, 1022.0, 1023.0, 1022.0, 1023.0, 1023.0, 1022.0, 1023.0, 1020.0, 1021.0, 1021.0, 1019.0, 1020.0, 1022.0]
Is bad individual winner: 0
Real fitness of best good: 1022.0
Noisy fitness of best good: -1
Real fitness of best bad: -1
Noisy fitness of best bad: 1022.0

l: 102
Real fitness of mutation winner: 923.0
Noisy fitness of mutation winner: 923.0
Crossover offspring real fitness: [1022.0, 1023.0, 1023.0, 1021.0, 1021.0, 1023.0, 1022.0, 1021.0, 1023.0, 1023.0, 1022.0, 1023.0, 1021.0, 1023.0, 1023.0, 1021.0, 1022.0, 1022.0, 1022.0, 1023.0, 1022.0, 1023.0, 1022.0, 1021.0, 1023.0, 1020.0, 1022.0, 1023.0, 1020.0, 1023.0, 1023.0, 1022.0, 1022.0, 1020.0, 1022.0, 1022.0, 1022.0, 1023.0, 1022.0, 1022.0, 1023.0, 1023.0, 1022.0, 1022.0, 1023.0, 1022.0, 1023.0, 1023.0, 1022.0, 1020.0, 1022.0, 1022.0, 1022.0, 1021.0, 1023.0, 1023.0, 1021.0, 1022.0, 1022.0, 1021.0, 1021.0, 1022.0, 1021.0, 1023.0, 1022.0, 1022.0, 1023.0, 1023.0, 1021.0, 1023.0, 1022.0, 1022.0, 1022.0, 1023.0, 1023.0, 1023.0, 1023.0, 1023.0, 1022.0, 1022.0, 1023.0, 1021.0, 1023.0, 1020.0, 1022.0, 1023.0, 1019.0, 1022.0, 1022.0, 1023.0, 1023.0, 1023.0, 1021.0, 1019.0, 1023.0, 1023.0, 1022.0, 1022.0, 1023.0, 1021.0, 1020.0]
Crossover offspring noisy fitness: [1022.0, 1023.0, 1023.0, 1020.0, 1021.0, 1023.0, 1022.0, 1021.0, 1023.0, 1023.0, 1022.0, 1023.0, 1021.0, 1023.0, 1023.0, 1021.0, 1022.0, 1022.0, 1022.0, 1023.0, 1022.0, 1023.0, 1022.0, 1021.0, 1023.0, 1020.0, 1022.0, 1023.0, 1020.0, 1022.0, 1022.0, 1022.0, 1022.0, 1020.0, 1022.0, 1022.0, 1022.0, 1023.0, 1022.0, 1022.0, 1023.0, 1023.0, 1022.0, 1022.0, 1022.0, 1022.0, 1022.0, 1023.0, 1022.0, 1020.0, 1022.0, 1022.0, 1022.0, 1021.0, 1023.0, 1023.0, 1021.0, 1022.0, 1022.0, 1021.0, 1021.0, 1022.0, 1021.0, 1023.0, 1022.0, 1022.0, 1023.0, 1023.0, 1021.0, 1023.0, 1022.0, 1021.0, 1022.0, 1023.0, 1023.0, 1023.0, 1023.0, 1023.0, 1022.0, 1022.0, 1023.0, 1021.0, 1023.0, 1020.0, 1022.0, 1023.0, 1019.0, 1022.0, 1022.0, 1023.0, 1023.0, 1023.0, 1021.0, 1019.0, 1023.0, 1023.0, 1022.0, 1022.0, 1023.0, 1020.0, 1020.0]
Is bad individual winner: 0
Real fitness of best good: 1022.0
Noisy fitness of best good: -1
Real fitness of best bad: -1
Noisy fitness of best bad: 1022.0

l: 101
Real fitness of mutation winner: 924.0
Noisy fitness of mutation winner: 924.0
Crossover offspring real fitness: [1020.0, 1022.0, 1022.0, 1023.0, 1022.0, 1021.0, 1021.0, 1022.0, 1022.0, 1019.0, 1021.0, 1023.0, 1022.0, 1020.0, 1020.0, 1023.0, 1023.0, 1023.0, 1021.0, 1023.0, 1021.0, 1022.0, 1022.0, 1021.0, 1022.0, 1023.0, 1022.0, 1021.0, 1021.0, 1023.0, 1022.0, 1021.0, 1022.0, 1022.0, 1022.0, 1021.0, 1023.0, 1023.0, 1021.0, 1022.0, 1021.0, 1021.0, 1022.0, 1021.0, 1022.0, 1022.0, 1022.0, 1022.0, 1023.0, 1021.0, 1022.0, 1022.0, 1022.0, 1022.0, 1021.0, 1022.0, 1023.0, 1023.0, 1022.0, 1023.0, 1022.0, 1023.0, 1020.0, 1023.0, 1023.0, 1020.0, 1022.0, 1022.0, 1022.0, 1022.0, 1021.0, 1022.0, 1023.0, 1021.0, 1022.0, 1022.0, 1022.0, 1019.0, 1023.0, 1021.0, 1021.0, 1023.0, 1022.0, 1023.0, 1022.0, 1021.0, 1023.0, 1023.0, 1022.0, 1023.0, 1022.0, 1022.0, 1022.0, 1022.0, 1023.0, 1023.0, 1023.0, 1021.0, 1023.0, 1023.0, 1024.0]
Crossover offspring noisy fitness: [1020.0, 1022.0, 1022.0, 1023.0, 1022.0, 1020.0, 1021.0, 1022.0, 1022.0, 1019.0, 1021.0, 1023.0, 1022.0, 1020.0, 1020.0, 1023.0, 1022.0, 1023.0, 1021.0, 1023.0, 1021.0, 1022.0, 1022.0, 1021.0, 1022.0, 1023.0, 1022.0, 1021.0, 1021.0, 1023.0, 1022.0, 1021.0, 1022.0, 1022.0, 1022.0, 1021.0, 1023.0, 1023.0, 1021.0, 1022.0, 1021.0, 1021.0, 1022.0, 1021.0, 1022.0, 1022.0, 1022.0, 1022.0, 1022.0, 1021.0, 1022.0, 1022.0, 1022.0, 1022.0, 1021.0, 1022.0, 1023.0, 1023.0, 1022.0, 1023.0, 1022.0, 1023.0, 1020.0, 1023.0, 1022.0, 1020.0, 1022.0, 1022.0, 1022.0, 1022.0, 1021.0, 1022.0, 1023.0, 1021.0, 1022.0, 1022.0, 1022.0, 1019.0, 1023.0, 1021.0, 1021.0, 1022.0, 1022.0, 1023.0, 1022.0, 1021.0, 1023.0, 1023.0, 1022.0, 1023.0, 1022.0, 1022.0, 1022.0, 1022.0, 1023.0, 1023.0, 1023.0, 1021.0, 1023.0, 1023.0, 1023.0]
Is bad individual winner: 0
Real fitness of best good: 1022.0
Noisy fitness of best good: -1
Real fitness of best bad: -1
Noisy fitness of best bad: 1022.0

l: 119
Real fitness of mutation winner: 906.0
Noisy fitness of mutation winner: 906.0
Crossover offspring real fitness: [1023.0, 1020.0, 1020.0, 1023.0, 1022.0, 1023.0, 1021.0, 1022.0, 1022.0, 1021.0, 1022.0, 1022.0, 1022.0, 1020.0, 1022.0, 1022.0, 1020.0, 1023.0, 1019.0, 1021.0, 1023.0, 1020.0, 1022.0, 1022.0, 1022.0, 1021.0, 1023.0, 1023.0, 1023.0, 1021.0, 1022.0, 1023.0, 1021.0, 1021.0, 1023.0, 1022.0, 1023.0, 1023.0, 1023.0, 1021.0, 1021.0, 1022.0, 1022.0, 1023.0, 1021.0, 1020.0, 1022.0, 1022.0, 1022.0, 1023.0, 1022.0, 1023.0, 1022.0, 1022.0, 1020.0, 1022.0, 1021.0, 1023.0, 1023.0, 1020.0, 1022.0, 1023.0, 1022.0, 1021.0, 1022.0, 1022.0, 1020.0, 1023.0, 1020.0, 1019.0, 1021.0, 1023.0, 1022.0, 1022.0, 1022.0, 1023.0, 1023.0, 1022.0, 1022.0, 1021.0, 1019.0, 1021.0, 1019.0, 1022.0, 1023.0, 1022.0, 1022.0, 1023.0, 1022.0, 1022.0, 1021.0, 1022.0, 1021.0, 1021.0, 1021.0, 1022.0, 1021.0, 1022.0, 1022.0, 1022.0, 1023.0]
Crossover offspring noisy fitness: [1023.0, 1020.0, 1020.0, 1023.0, 1022.0, 1023.0, 1020.0, 1022.0, 1022.0, 1019.0, 1022.0, 1022.0, 1022.0, 1020.0, 1022.0, 1022.0, 1020.0, 1023.0, 1019.0, 1021.0, 1023.0, 1020.0, 1022.0, 1022.0, 1022.0, 1021.0, 1023.0, 1023.0, 1023.0, 1021.0, 1022.0, 1023.0, 1021.0, 1021.0, 1023.0, 1022.0, 1022.0, 1023.0, 1023.0, 1021.0, 1021.0, 1022.0, 1022.0, 1023.0, 1021.0, 1019.0, 1022.0, 1021.0, 1022.0, 1023.0, 1022.0, 1023.0, 1022.0, 1022.0, 1020.0, 1022.0, 1021.0, 1023.0, 1023.0, 1020.0, 1022.0, 1023.0, 1022.0, 1021.0, 1022.0, 1022.0, 1020.0, 1023.0, 1020.0, 1019.0, 1021.0, 1023.0, 1022.0, 1022.0, 1022.0, 1023.0, 1023.0, 1022.0, 1022.0, 1021.0, 1019.0, 1021.0, 1019.0, 1022.0, 1023.0, 1022.0, 1022.0, 1023.0, 1022.0, 1022.0, 1021.0, 1022.0, 1021.0, 1021.0, 1021.0, 1022.0, 1021.0, 1022.0, 1022.0, 1022.0, 1023.0]
Is bad individual winner: 0
Real fitness of best good: 1022.0
Noisy fitness of best good: -1
Real fitness of best bad: -1
Noisy fitness of best bad: 1022.0

l: 95
Real fitness of mutation winner: 930.0
Noisy fitness of mutation winner: 930.0
Crossover offspring real fitness: [1022.0, 1023.0, 1022.0, 1023.0, 1022.0, 1022.0, 1023.0, 1021.0, 1022.0, 1021.0, 1022.0, 1023.0, 1023.0, 1022.0, 1023.0, 1021.0, 1022.0, 1022.0, 1023.0, 1022.0, 1023.0, 1020.0, 1022.0, 1022.0, 1020.0, 1023.0, 1022.0, 1022.0, 1022.0, 1020.0, 1023.0, 1023.0, 1023.0, 1022.0, 1023.0, 1023.0, 1022.0, 1023.0, 1020.0, 1022.0, 1021.0, 1022.0, 1023.0, 1023.0, 1022.0, 1023.0, 1021.0, 1022.0, 1022.0, 1023.0, 1022.0, 1023.0, 1023.0, 1023.0, 1021.0, 1023.0, 1021.0, 1023.0, 1022.0, 1023.0, 1023.0, 1022.0, 1023.0, 1022.0, 1021.0, 1022.0, 1023.0, 1022.0, 1022.0, 1021.0, 1021.0, 1023.0, 1022.0, 1019.0, 1022.0, 1022.0, 1022.0, 1023.0, 1022.0, 1023.0, 1021.0, 1021.0, 1021.0, 1021.0, 1022.0, 1023.0, 1023.0, 1023.0, 1023.0, 1020.0, 1021.0, 1022.0, 1023.0, 1020.0, 1022.0, 1021.0, 1022.0, 1023.0, 1023.0, 1022.0, 1022.0]
Crossover offspring noisy fitness: [1022.0, 1023.0, 1022.0, 1023.0, 1022.0, 1022.0, 1023.0, 1021.0, 1022.0, 1020.0, 1022.0, 1023.0, 1023.0, 1022.0, 1023.0, 1021.0, 1022.0, 1022.0, 1023.0, 1021.0, 1023.0, 1020.0, 1022.0, 1021.0, 1020.0, 1023.0, 1022.0, 1022.0, 1022.0, 1019.0, 1023.0, 1023.0, 1023.0, 1022.0, 1023.0, 1023.0, 1022.0, 1023.0, 1020.0, 1022.0, 1021.0, 1022.0, 1023.0, 1023.0, 1022.0, 1023.0, 1021.0, 1022.0, 1022.0, 1023.0, 1022.0, 1023.0, 1023.0, 1023.0, 1021.0, 1023.0, 1021.0, 1023.0, 1022.0, 1023.0, 1021.0, 1022.0, 1023.0, 1022.0, 1021.0, 1022.0, 1023.0, 1022.0, 1022.0, 1021.0, 1020.0, 1023.0, 1022.0, 1019.0, 1022.0, 1022.0, 1022.0, 1023.0, 1022.0, 1023.0, 1021.0, 1021.0, 1021.0, 1021.0, 1022.0, 1023.0, 1023.0, 1023.0, 1023.0, 1020.0, 1021.0, 1022.0, 1023.0, 1020.0, 1022.0, 1020.0, 1022.0, 1023.0, 1023.0, 1022.0, 1022.0]
Is bad individual winner: 0
Real fitness of best good: 1022.0
Noisy fitness of best good: -1
Real fitness of best bad: -1
Noisy fitness of best bad: 1022.0

l: 93
Real fitness of mutation winner: 932.0
Noisy fitness of mutation winner: 932.0
Crossover offspring real fitness: [1021.0, 1022.0, 1023.0, 1021.0, 1023.0, 1021.0, 1022.0, 1022.0, 1022.0, 1019.0, 1022.0, 1023.0, 1022.0, 1023.0, 1022.0, 1021.0, 1021.0, 1022.0, 1022.0, 1022.0, 1023.0, 1022.0, 1022.0, 1022.0, 1021.0, 1023.0, 1020.0, 1022.0, 1022.0, 1023.0, 1021.0, 1023.0, 1022.0, 1023.0, 1020.0, 1023.0, 1022.0, 1023.0, 1023.0, 1021.0, 1023.0, 1022.0, 1020.0, 1023.0, 1021.0, 1022.0, 1022.0, 1022.0, 1021.0, 1023.0, 1023.0, 1023.0, 1023.0, 1021.0, 1022.0, 1023.0, 1023.0, 1021.0, 1022.0, 1023.0, 1022.0, 1022.0, 1022.0, 1023.0, 1021.0, 1023.0, 1023.0, 1022.0, 1022.0, 1022.0, 1022.0, 1022.0, 1022.0, 1022.0, 1022.0, 1023.0, 1022.0, 1023.0, 1023.0, 1023.0, 1022.0, 1023.0, 1023.0, 1023.0, 1022.0, 1021.0, 1022.0, 1022.0, 1022.0, 1022.0, 1022.0, 1023.0, 1023.0, 1022.0, 1022.0, 1022.0, 1023.0, 1022.0, 1023.0, 1021.0, 1020.0]
Crossover offspring noisy fitness: [1021.0, 1022.0, 1023.0, 1021.0, 1023.0, 1021.0, 1022.0, 1022.0, 1022.0, 1019.0, 1022.0, 1023.0, 1022.0, 1023.0, 1022.0, 1020.0, 1021.0, 1022.0, 1022.0, 1022.0, 1023.0, 1022.0, 1022.0, 1022.0, 1021.0, 1023.0, 1020.0, 1022.0, 1022.0, 1023.0, 1021.0, 1022.0, 1022.0, 1023.0, 1020.0, 1023.0, 1022.0, 1023.0, 1023.0, 1021.0, 1023.0, 1022.0, 1020.0, 1023.0, 1021.0, 1021.0, 1022.0, 1022.0, 1021.0, 1022.0, 1023.0, 1023.0, 1023.0, 1021.0, 1022.0, 1023.0, 1023.0, 1021.0, 1022.0, 1023.0, 1022.0, 1022.0, 1022.0, 1023.0, 1021.0, 1023.0, 1023.0, 1022.0, 1022.0, 1022.0, 1022.0, 1021.0, 1021.0, 1022.0, 1022.0, 1023.0, 1022.0, 1023.0, 1023.0, 1023.0, 1022.0, 1023.0, 1023.0, 1023.0, 1022.0, 1021.0, 1022.0, 1022.0, 1022.0, 1022.0, 1022.0, 1023.0, 1023.0, 1022.0, 1022.0, 1022.0, 1023.0, 1022.0, 1022.0, 1021.0, 1020.0]
Is bad individual winner: 0
Real fitness of best good: 1022.0
Noisy fitness of best good: -1
Real fitness of best bad: -1
Noisy fitness of best bad: 1022.0

l: 95
Real fitness of mutation winner: 930.0
Noisy fitness of mutation winner: 930.0
Crossover offspring real fitness: [1022.0, 1023.0, 1023.0, 1022.0, 1023.0, 1023.0, 1023.0, 1022.0, 1021.0, 1022.0, 1023.0, 1021.0, 1023.0, 1023.0, 1023.0, 1022.0, 1022.0, 1023.0, 1020.0, 1023.0, 1023.0, 1022.0, 1023.0, 1021.0, 1022.0, 1021.0, 1023.0, 1022.0, 1023.0, 1022.0, 1023.0, 1021.0, 1022.0, 1021.0, 1023.0, 1022.0, 1022.0, 1022.0, 1022.0, 1020.0, 1020.0, 1021.0, 1023.0, 1023.0, 1022.0, 1023.0, 1023.0, 1022.0, 1023.0, 1022.0, 1022.0, 1021.0, 1022.0, 1022.0, 1021.0, 1023.0, 1023.0, 1021.0, 1022.0, 1022.0, 1023.0, 1023.0, 1023.0, 1022.0, 1022.0, 1023.0, 1022.0, 1021.0, 1021.0, 1021.0, 1023.0, 1023.0, 1021.0, 1023.0, 1021.0, 1022.0, 1023.0, 1021.0, 1023.0, 1023.0, 1023.0, 1023.0, 1022.0, 1022.0, 1022.0, 1021.0, 1023.0, 1022.0, 1022.0, 1023.0, 1023.0, 1022.0, 1023.0, 1023.0, 1023.0, 1023.0, 1023.0, 1021.0, 1022.0, 1023.0, 1021.0]
Crossover offspring noisy fitness: [1021.0, 1023.0, 1023.0, 1022.0, 1023.0, 1023.0, 1023.0, 1022.0, 1021.0, 1022.0, 1023.0, 1021.0, 1023.0, 1023.0, 1023.0, 1022.0, 1022.0, 1023.0, 1020.0, 1023.0, 1022.0, 1022.0, 1023.0, 1021.0, 1022.0, 1021.0, 1023.0, 1022.0, 1023.0, 1022.0, 1023.0, 1021.0, 1022.0, 1021.0, 1023.0, 1022.0, 1021.0, 1022.0, 1021.0, 1020.0, 1020.0, 1021.0, 1023.0, 1022.0, 1022.0, 1023.0, 1023.0, 1022.0, 1023.0, 1022.0, 1022.0, 1021.0, 1022.0, 1022.0, 1021.0, 1023.0, 1023.0, 1021.0, 1022.0, 1022.0, 1023.0, 1023.0, 1023.0, 1022.0, 1022.0, 1022.0, 1022.0, 1021.0, 1021.0, 1021.0, 1023.0, 1023.0, 1021.0, 1023.0, 1021.0, 1022.0, 1023.0, 1021.0, 1023.0, 1023.0, 1023.0, 1022.0, 1022.0, 1022.0, 1022.0, 1021.0, 1023.0, 1022.0, 1022.0, 1023.0, 1023.0, 1022.0, 1023.0, 1022.0, 1023.0, 1022.0, 1023.0, 1021.0, 1022.0, 1023.0, 1021.0]
Is bad individual winner: 0
Real fitness of best good: 1022.0
Noisy fitness of best good: -1
Real fitness of best bad: -1
Noisy fitness of best bad: 1022.0

l: 89
Real fitness of mutation winner: 936.0
Noisy fitness of mutation winner: 936.0
Crossover offspring real fitness: [1022.0, 1023.0, 1022.0, 1019.0, 1021.0, 1023.0, 1022.0, 1022.0, 1020.0, 1021.0, 1023.0, 1021.0, 1023.0, 1023.0, 1022.0, 1020.0, 1023.0, 1023.0, 1022.0, 1023.0, 1023.0, 1022.0, 1023.0, 1022.0, 1023.0, 1022.0, 1022.0, 1022.0, 1023.0, 1023.0, 1022.0, 1021.0, 1020.0, 1021.0, 1021.0, 1022.0, 1022.0, 1022.0, 1022.0, 1022.0, 1023.0, 1022.0, 1021.0, 1022.0, 1022.0, 1021.0, 1023.0, 1021.0, 1023.0, 1023.0, 1021.0, 1022.0, 1022.0, 1022.0, 1023.0, 1023.0, 1023.0, 1023.0, 1022.0, 1022.0, 1023.0, 1022.0, 1022.0, 1022.0, 1022.0, 1023.0, 1023.0, 1022.0, 1022.0, 1022.0, 1022.0, 1022.0, 1022.0, 1022.0, 1022.0, 1022.0, 1023.0, 1023.0, 1022.0, 1023.0, 1022.0, 1023.0, 1022.0, 1023.0, 1022.0, 1023.0, 1022.0, 1023.0, 1023.0, 1021.0, 1022.0, 1023.0, 1022.0, 1023.0, 1023.0, 1023.0, 1021.0, 1021.0, 1023.0, 1023.0, 1022.0]
Crossover offspring noisy fitness: [1022.0, 1023.0, 1022.0, 1019.0, 1021.0, 1023.0, 1022.0, 1022.0, 1020.0, 1021.0, 1023.0, 1021.0, 1023.0, 1023.0, 1022.0, 1020.0, 1023.0, 1023.0, 1022.0, 1022.0, 1022.0, 1022.0, 1023.0, 1022.0, 1023.0, 1022.0, 1022.0, 1022.0, 1022.0, 1023.0, 1022.0, 1021.0, 1020.0, 1021.0, 1021.0, 1022.0, 1022.0, 1022.0, 1022.0, 1022.0, 1023.0, 1022.0, 1021.0, 1022.0, 1022.0, 1021.0, 1023.0, 1021.0, 1023.0, 1023.0, 1021.0, 1022.0, 1021.0, 1022.0, 1023.0, 1023.0, 1023.0, 1022.0, 1022.0, 1022.0, 1023.0, 1022.0, 1022.0, 1022.0, 1022.0, 1023.0, 1023.0, 1022.0, 1022.0, 1022.0, 1022.0, 1022.0, 1022.0, 1022.0, 1022.0, 1022.0, 1023.0, 1023.0, 1022.0, 1023.0, 1022.0, 1023.0, 1022.0, 1023.0, 1022.0, 1023.0, 1022.0, 1022.0, 1023.0, 1021.0, 1022.0, 1022.0, 1022.0, 1023.0, 1023.0, 1023.0, 1021.0, 1021.0, 1023.0, 1023.0, 1022.0]
Is bad individual winner: 0
Real fitness of best good: 1022.0
Noisy fitness of best good: -1
Real fitness of best bad: -1
Noisy fitness of best bad: 1022.0

l: 107
Real fitness of mutation winner: 918.0
Noisy fitness of mutation winner: 918.0
Crossover offspring real fitness: [1022.0, 1022.0, 1022.0, 1023.0, 1022.0, 1021.0, 1021.0, 1022.0, 1021.0, 1022.0, 1023.0, 1023.0, 1021.0, 1023.0, 1022.0, 1022.0, 1022.0, 1022.0, 1022.0, 1023.0, 1022.0, 1022.0, 1022.0, 1022.0, 1022.0, 1023.0, 1023.0, 1023.0, 1022.0, 1023.0, 1023.0, 1020.0, 1021.0, 1022.0, 1022.0, 1021.0, 1022.0, 1022.0, 1021.0, 1022.0, 1021.0, 1020.0, 1021.0, 1023.0, 1022.0, 1021.0, 1022.0, 1023.0, 1023.0, 1021.0, 1021.0, 1023.0, 1022.0, 1023.0, 1023.0, 1022.0, 1021.0, 1022.0, 1020.0, 1023.0, 1023.0, 1022.0, 1023.0, 1021.0, 1022.0, 1020.0, 1022.0, 1023.0, 1022.0, 1022.0, 1023.0, 1023.0, 1021.0, 1023.0, 1023.0, 1022.0, 1021.0, 1023.0, 1022.0, 1022.0, 1021.0, 1021.0, 1022.0, 1020.0, 1023.0, 1022.0, 1022.0, 1023.0, 1022.0, 1023.0, 1022.0, 1022.0, 1023.0, 1022.0, 1020.0, 1022.0, 1023.0, 1022.0, 1022.0, 1023.0, 1022.0]
Crossover offspring noisy fitness: [1022.0, 1022.0, 1022.0, 1023.0, 1022.0, 1021.0, 1021.0, 1022.0, 1021.0, 1022.0, 1023.0, 1023.0, 1021.0, 1023.0, 1022.0, 1022.0, 1021.0, 1022.0, 1022.0, 1023.0, 1022.0, 1022.0, 1022.0, 1022.0, 1022.0, 1023.0, 1023.0, 1023.0, 1022.0, 1023.0, 1023.0, 1020.0, 1021.0, 1022.0, 1022.0, 1020.0, 1022.0, 1022.0, 1020.0, 1022.0, 1021.0, 1020.0, 1021.0, 1023.0, 1022.0, 1021.0, 1022.0, 1023.0, 1023.0, 1021.0, 1021.0, 1023.0, 1022.0, 1023.0, 1023.0, 1022.0, 1021.0, 1022.0, 1020.0, 1023.0, 1022.0, 1022.0, 1023.0, 1021.0, 1022.0, 1020.0, 1022.0, 1023.0, 1022.0, 1022.0, 1023.0, 1023.0, 1021.0, 1023.0, 1023.0, 1022.0, 1021.0, 1022.0, 1022.0, 1022.0, 1021.0, 1021.0, 1022.0, 1020.0, 1023.0, 1022.0, 1022.0, 1023.0, 1022.0, 1023.0, 1022.0, 1022.0, 1023.0, 1022.0, 1020.0, 1022.0, 1023.0, 1022.0, 1022.0, 1023.0, 1022.0]
Is bad individual winner: 0
Real fitness of best good: 1022.0
Noisy fitness of best good: -1
Real fitness of best bad: -1
Noisy fitness of best bad: 1022.0

l: 114
Real fitness of mutation winner: 911.0
Noisy fitness of mutation winner: 911.0
Crossover offspring real fitness: [1019.0, 1021.0, 1022.0, 1022.0, 1022.0, 1021.0, 1023.0, 1022.0, 1022.0, 1020.0, 1023.0, 1022.0, 1024.0, 1022.0, 1021.0, 1022.0, 1023.0, 1022.0, 1022.0, 1022.0, 1020.0, 1023.0, 1022.0, 1021.0, 1023.0, 1019.0, 1022.0, 1022.0, 1021.0, 1021.0, 1021.0, 1022.0, 1023.0, 1022.0, 1020.0, 1021.0, 1022.0, 1020.0, 1023.0, 1022.0, 1021.0, 1023.0, 1022.0, 1023.0, 1023.0, 1023.0, 1022.0, 1020.0, 1023.0, 1022.0, 1022.0, 1023.0, 1022.0, 1023.0, 1023.0, 1020.0, 1022.0, 1023.0, 1022.0, 1022.0, 1021.0, 1021.0, 1022.0, 1019.0, 1021.0, 1023.0, 1023.0, 1022.0, 1022.0, 1022.0, 1022.0, 1022.0, 1023.0, 1021.0, 1022.0, 1019.0, 1023.0, 1019.0, 1021.0, 1020.0, 1023.0, 1021.0, 1023.0, 1019.0, 1021.0, 1022.0, 1019.0, 1022.0, 1020.0, 1022.0, 1023.0, 1022.0, 1023.0, 1021.0, 1022.0, 1022.0, 1020.0, 1022.0, 1020.0, 1021.0, 1021.0]
Crossover offspring noisy fitness: [1019.0, 1021.0, 1022.0, 1022.0, 1022.0, 1021.0, 1023.0, 1022.0, 1022.0, 1020.0, 1023.0, 1022.0, 1024.0, 1022.0, 1021.0, 1022.0, 1023.0, 1022.0, 1022.0, 1022.0, 1019.0, 1023.0, 1022.0, 1021.0, 1023.0, 1019.0, 1022.0, 1022.0, 1021.0, 1021.0, 1021.0, 1022.0, 1023.0, 1022.0, 1020.0, 1021.0, 1022.0, 1020.0, 1023.0, 1022.0, 1021.0, 1023.0, 1021.0, 1023.0, 1023.0, 1023.0, 1021.0, 1020.0, 1023.0, 1022.0, 1022.0, 1023.0, 1022.0, 1023.0, 1023.0, 1020.0, 1022.0, 1023.0, 1022.0, 1022.0, 1021.0, 1021.0, 1022.0, 1019.0, 1021.0, 1023.0, 1022.0, 1022.0, 1022.0, 1022.0, 1022.0, 1022.0, 1023.0, 1021.0, 1022.0, 1019.0, 1023.0, 1019.0, 1021.0, 1020.0, 1023.0, 1021.0, 1023.0, 1019.0, 1021.0, 1022.0, 1019.0, 1022.0, 1020.0, 1022.0, 1022.0, 1022.0, 1023.0, 1021.0, 1022.0, 1022.0, 1020.0, 1022.0, 1020.0, 1021.0, 1021.0]
Is bad individual winner: 0
Real fitness of best good: 1022.0
Noisy fitness of best good: -1
Real fitness of best bad: -1
Noisy fitness of best bad: 1022.0

l: 110
Real fitness of mutation winner: 915.0
Noisy fitness of mutation winner: 915.0
Crossover offspring real fitness: [1023.0, 1021.0, 1022.0, 1021.0, 1021.0, 1022.0, 1023.0, 1021.0, 1022.0, 1023.0, 1019.0, 1022.0, 1021.0, 1023.0, 1021.0, 1023.0, 1022.0, 1023.0, 1022.0, 1022.0, 1023.0, 1022.0, 1022.0, 1022.0, 1022.0, 1022.0, 1023.0, 1022.0, 1023.0, 1022.0, 1022.0, 1021.0, 1023.0, 1021.0, 1021.0, 1021.0, 1023.0, 1021.0, 1022.0, 1023.0, 1023.0, 1020.0, 1021.0, 1023.0, 1022.0, 1022.0, 1022.0, 1022.0, 1021.0, 1023.0, 1022.0, 1019.0, 1022.0, 1022.0, 1021.0, 1022.0, 1021.0, 1023.0, 1022.0, 1023.0, 1022.0, 1022.0, 1023.0, 1021.0, 1021.0, 1023.0, 1023.0, 1022.0, 1020.0, 1022.0, 1021.0, 1021.0, 1021.0, 1023.0, 1023.0, 1022.0, 1022.0, 1022.0, 1021.0, 1023.0, 1023.0, 1022.0, 1023.0, 1023.0, 1022.0, 1023.0, 1023.0, 1022.0, 1022.0, 1023.0, 1020.0, 1023.0, 1022.0, 1022.0, 1021.0, 1023.0, 1022.0, 1022.0, 1023.0, 1022.0, 1023.0]
Crossover offspring noisy fitness: [1023.0, 1021.0, 1022.0, 1021.0, 1021.0, 1022.0, 1023.0, 1021.0, 1022.0, 1023.0, 1019.0, 1022.0, 1021.0, 1023.0, 1021.0, 1023.0, 1022.0, 1023.0, 1022.0, 1022.0, 1023.0, 1022.0, 1022.0, 1022.0, 1021.0, 1022.0, 1023.0, 1022.0, 1023.0, 1022.0, 1022.0, 1021.0, 1022.0, 1021.0, 1021.0, 1021.0, 1023.0, 1021.0, 1022.0, 1023.0, 1023.0, 1020.0, 1021.0, 1023.0, 1022.0, 1022.0, 1022.0, 1022.0, 1021.0, 1023.0, 1022.0, 1019.0, 1022.0, 1022.0, 1021.0, 1022.0, 1021.0, 1023.0, 1022.0, 1023.0, 1022.0, 1022.0, 1023.0, 1021.0, 1021.0, 1023.0, 1023.0, 1022.0, 1020.0, 1022.0, 1021.0, 1021.0, 1021.0, 1023.0, 1023.0, 1022.0, 1022.0, 1021.0, 1021.0, 1023.0, 1023.0, 1022.0, 1023.0, 1023.0, 1022.0, 1023.0, 1023.0, 1021.0, 1022.0, 1023.0, 1020.0, 1023.0, 1022.0, 1022.0, 1021.0, 1023.0, 1022.0, 1022.0, 1023.0, 1021.0, 1023.0]
Is bad individual winner: 0
Real fitness of best good: 1022.0
Noisy fitness of best good: -1
Real fitness of best bad: -1
Noisy fitness of best bad: 1022.0

l: 105
Real fitness of mutation winner: 920.0
Noisy fitness of mutation winner: 920.0
Crossover offspring real fitness: [1022.0, 1021.0, 1022.0, 1021.0, 1022.0, 1022.0, 1022.0, 1022.0, 1022.0, 1022.0, 1020.0, 1021.0, 1020.0, 1023.0, 1020.0, 1023.0, 1022.0, 1022.0, 1021.0, 1023.0, 1022.0, 1023.0, 1023.0, 1023.0, 1022.0, 1022.0, 1021.0, 1023.0, 1021.0, 1023.0, 1022.0, 1021.0, 1021.0, 1021.0, 1021.0, 1023.0, 1023.0, 1022.0, 1023.0, 1021.0, 1022.0, 1022.0, 1020.0, 1022.0, 1023.0, 1023.0, 1022.0, 1022.0, 1023.0, 1023.0, 1023.0, 1022.0, 1024.0, 1022.0, 1023.0, 1021.0, 1022.0, 1020.0, 1022.0, 1022.0, 1022.0, 1021.0, 1023.0, 1023.0, 1019.0, 1023.0, 1023.0, 1022.0, 1022.0, 1023.0, 1022.0, 1021.0, 1023.0, 1022.0, 1021.0, 1022.0, 1022.0, 1021.0, 1023.0, 1021.0, 1022.0, 1020.0, 1023.0, 1022.0, 1022.0, 1022.0, 1023.0, 1023.0, 1022.0, 1021.0, 1021.0, 1022.0, 1020.0, 1022.0, 1021.0, 1022.0, 1023.0, 1022.0, 1022.0, 1023.0, 1023.0]
Crossover offspring noisy fitness: [1022.0, 1021.0, 1021.0, 1021.0, 1022.0, 1022.0, 1022.0, 1022.0, 1022.0, 1022.0, 1020.0, 1021.0, 1019.0, 1023.0, 1020.0, 1023.0, 1022.0, 1022.0, 1021.0, 1023.0, 1022.0, 1023.0, 1023.0, 1022.0, 1022.0, 1022.0, 1021.0, 1023.0, 1021.0, 1023.0, 1022.0, 1021.0, 1021.0, 1021.0, 1021.0, 1023.0, 1023.0, 1022.0, 1023.0, 1021.0, 1022.0, 1022.0, 1020.0, 1022.0, 1023.0, 1023.0, 1022.0, 1022.0, 1023.0, 1023.0, 1023.0, 1022.0, 1024.0, 1022.0, 1023.0, 1021.0, 1022.0, 1020.0, 1022.0, 1022.0, 1022.0, 1021.0, 1023.0, 1023.0, 1019.0, 1023.0, 1023.0, 1022.0, 1022.0, 1023.0, 1022.0, 1021.0, 1023.0, 1022.0, 1021.0, 1022.0, 1022.0, 1021.0, 1022.0, 1021.0, 1022.0, 1020.0, 1023.0, 1022.0, 1022.0, 1022.0, 1023.0, 1023.0, 1022.0, 1021.0, 1021.0, 1022.0, 1020.0, 1022.0, 1021.0, 1022.0, 1023.0, 1022.0, 1022.0, 1023.0, 1023.0]
Is bad individual winner: 0
Real fitness of best good: 1022.0
Noisy fitness of best good: -1
Real fitness of best bad: -1
Noisy fitness of best bad: 1022.0

l: 118
Real fitness of mutation winner: 907.0
Noisy fitness of mutation winner: 907.0
Crossover offspring real fitness: [1022.0, 1020.0, 1022.0, 1023.0, 1021.0, 1023.0, 1022.0, 1020.0, 1022.0, 1022.0, 1023.0, 1020.0, 1022.0, 1023.0, 1021.0, 1023.0, 1021.0, 1021.0, 1022.0, 1021.0, 1023.0, 1023.0, 1023.0, 1021.0, 1022.0, 1023.0, 1022.0, 1023.0, 1021.0, 1022.0, 1023.0, 1023.0, 1022.0, 1023.0, 1022.0, 1019.0, 1022.0, 1023.0, 1021.0, 1023.0, 1022.0, 1021.0, 1022.0, 1022.0, 1022.0, 1022.0, 1023.0, 1020.0, 1023.0, 1022.0, 1022.0, 1021.0, 1023.0, 1022.0, 1023.0, 1022.0, 1021.0, 1021.0, 1023.0, 1021.0, 1023.0, 1021.0, 1022.0, 1023.0, 1023.0, 1023.0, 1023.0, 1021.0, 1023.0, 1023.0, 1023.0, 1022.0, 1023.0, 1021.0, 1022.0, 1021.0, 1022.0, 1021.0, 1019.0, 1022.0, 1022.0, 1023.0, 1021.0, 1023.0, 1023.0, 1023.0, 1023.0, 1021.0, 1023.0, 1021.0, 1023.0, 1023.0, 1022.0, 1017.0, 1021.0, 1021.0, 1023.0, 1021.0, 1023.0, 1023.0, 1021.0]
Crossover offspring noisy fitness: [1022.0, 1020.0, 1022.0, 1023.0, 1021.0, 1023.0, 1022.0, 1020.0, 1022.0, 1022.0, 1023.0, 1020.0, 1022.0, 1023.0, 1021.0, 1023.0, 1021.0, 1021.0, 1022.0, 1021.0, 1023.0, 1023.0, 1023.0, 1021.0, 1022.0, 1023.0, 1022.0, 1023.0, 1019.0, 1021.0, 1023.0, 1023.0, 1022.0, 1023.0, 1022.0, 1019.0, 1022.0, 1023.0, 1021.0, 1023.0, 1022.0, 1021.0, 1022.0, 1022.0, 1022.0, 1022.0, 1023.0, 1019.0, 1023.0, 1022.0, 1022.0, 1021.0, 1023.0, 1022.0, 1023.0, 1022.0, 1021.0, 1021.0, 1023.0, 1021.0, 1023.0, 1021.0, 1022.0, 1023.0, 1023.0, 1023.0, 1023.0, 1021.0, 1023.0, 1023.0, 1023.0, 1022.0, 1023.0, 1021.0, 1022.0, 1021.0, 1022.0, 1020.0, 1019.0, 1022.0, 1022.0, 1023.0, 1021.0, 1023.0, 1023.0, 1023.0, 1023.0, 1021.0, 1023.0, 1021.0, 1023.0, 1023.0, 1021.0, 1017.0, 1021.0, 1021.0, 1023.0, 1021.0, 1023.0, 1023.0, 1021.0]
Is bad individual winner: 0
Real fitness of best good: 1022.0
Noisy fitness of best good: -1
Real fitness of best bad: -1
Noisy fitness of best bad: 1022.0

l: 94
Real fitness of mutation winner: 931.0
Noisy fitness of mutation winner: 931.0
Crossover offspring real fitness: [1022.0, 1023.0, 1023.0, 1022.0, 1022.0, 1023.0, 1023.0, 1022.0, 1022.0, 1023.0, 1022.0, 1021.0, 1021.0, 1023.0, 1021.0, 1022.0, 1023.0, 1021.0, 1023.0, 1022.0, 1023.0, 1023.0, 1021.0, 1023.0, 1023.0, 1022.0, 1023.0, 1023.0, 1022.0, 1020.0, 1023.0, 1022.0, 1023.0, 1023.0, 1023.0, 1022.0, 1023.0, 1020.0, 1022.0, 1023.0, 1021.0, 1022.0, 1022.0, 1023.0, 1022.0, 1022.0, 1023.0, 1023.0, 1023.0, 1022.0, 1023.0, 1022.0, 1021.0, 1022.0, 1022.0, 1020.0, 1022.0, 1023.0, 1023.0, 1019.0, 1022.0, 1020.0, 1022.0, 1021.0, 1021.0, 1022.0, 1023.0, 1022.0, 1023.0, 1023.0, 1023.0, 1022.0, 1023.0, 1023.0, 1020.0, 1023.0, 1022.0, 1022.0, 1021.0, 1022.0, 1021.0, 1022.0, 1023.0, 1023.0, 1021.0, 1021.0, 1023.0, 1022.0, 1022.0, 1022.0, 1020.0, 1022.0, 1022.0, 1023.0, 1023.0, 1022.0, 1023.0, 1021.0, 1023.0, 1022.0, 1023.0]
Crossover offspring noisy fitness: [1022.0, 1023.0, 1023.0, 1022.0, 1022.0, 1023.0, 1022.0, 1022.0, 1022.0, 1023.0, 1022.0, 1021.0, 1021.0, 1023.0, 1021.0, 1022.0, 1023.0, 1021.0, 1023.0, 1022.0, 1023.0, 1023.0, 1021.0, 1023.0, 1023.0, 1022.0, 1023.0, 1023.0, 1022.0, 1020.0, 1021.0, 1021.0, 1023.0, 1023.0, 1023.0, 1021.0, 1023.0, 1020.0, 1022.0, 1023.0, 1021.0, 1022.0, 1022.0, 1023.0, 1022.0, 1022.0, 1022.0, 1023.0, 1023.0, 1022.0, 1023.0, 1022.0, 1021.0, 1022.0, 1022.0, 1020.0, 1022.0, 1023.0, 1023.0, 1019.0, 1022.0, 1020.0, 1022.0, 1021.0, 1020.0, 1022.0, 1023.0, 1022.0, 1023.0, 1023.0, 1023.0, 1022.0, 1023.0, 1023.0, 1020.0, 1023.0, 1022.0, 1022.0, 1021.0, 1022.0, 1020.0, 1021.0, 1023.0, 1023.0, 1020.0, 1021.0, 1023.0, 1022.0, 1022.0, 1022.0, 1020.0, 1022.0, 1021.0, 1023.0, 1021.0, 1022.0, 1023.0, 1021.0, 1022.0, 1022.0, 1023.0]
Is bad individual winner: 0
Real fitness of best good: 1022.0
Noisy fitness of best good: -1
Real fitness of best bad: -1
Noisy fitness of best bad: 1022.0

l: 116
Real fitness of mutation winner: 909.0
Noisy fitness of mutation winner: 909.0
Crossover offspring real fitness: [1023.0, 1023.0, 1019.0, 1019.0, 1022.0, 1022.0, 1022.0, 1022.0, 1022.0, 1021.0, 1021.0, 1020.0, 1023.0, 1022.0, 1023.0, 1023.0, 1023.0, 1022.0, 1022.0, 1023.0, 1023.0, 1021.0, 1022.0, 1022.0, 1022.0, 1023.0, 1022.0, 1020.0, 1023.0, 1022.0, 1021.0, 1017.0, 1023.0, 1023.0, 1022.0, 1022.0, 1022.0, 1023.0, 1023.0, 1022.0, 1021.0, 1023.0, 1021.0, 1021.0, 1020.0, 1022.0, 1022.0, 1022.0, 1023.0, 1022.0, 1022.0, 1022.0, 1023.0, 1021.0, 1019.0, 1023.0, 1023.0, 1022.0, 1023.0, 1021.0, 1021.0, 1022.0, 1022.0, 1023.0, 1023.0, 1020.0, 1023.0, 1021.0, 1021.0, 1020.0, 1023.0, 1022.0, 1023.0, 1022.0, 1020.0, 1022.0, 1022.0, 1023.0, 1022.0, 1020.0, 1021.0, 1023.0, 1021.0, 1021.0, 1022.0, 1023.0, 1022.0, 1021.0, 1020.0, 1023.0, 1021.0, 1020.0, 1023.0, 1023.0, 1022.0, 1023.0, 1021.0, 1023.0, 1023.0, 1022.0, 1023.0]
Crossover offspring noisy fitness: [1023.0, 1023.0, 1019.0, 1019.0, 1021.0, 1022.0, 1022.0, 1022.0, 1021.0, 1021.0, 1021.0, 1020.0, 1023.0, 1022.0, 1023.0, 1023.0, 1023.0, 1022.0, 1022.0, 1023.0, 1023.0, 1021.0, 1022.0, 1022.0, 1022.0, 1023.0, 1022.0, 1020.0, 1023.0, 1022.0, 1021.0, 1017.0, 1023.0, 1023.0, 1022.0, 1022.0, 1022.0, 1023.0, 1023.0, 1021.0, 1021.0, 1023.0, 1021.0, 1021.0, 1020.0, 1022.0, 1022.0, 1022.0, 1023.0, 1022.0, 1022.0, 1022.0, 1023.0, 1021.0, 1019.0, 1023.0, 1023.0, 1022.0, 1023.0, 1021.0, 1021.0, 1022.0, 1022.0, 1023.0, 1023.0, 1020.0, 1023.0, 1021.0, 1021.0, 1020.0, 1023.0, 1022.0, 1022.0, 1021.0, 1020.0, 1022.0, 1022.0, 1023.0, 1022.0, 1020.0, 1021.0, 1023.0, 1021.0, 1021.0, 1020.0, 1023.0, 1022.0, 1021.0, 1020.0, 1023.0, 1021.0, 1019.0, 1023.0, 1023.0, 1022.0, 1023.0, 1021.0, 1023.0, 1023.0, 1022.0, 1023.0]
Is bad individual winner: 0
Real fitness of best good: 1022.0
Noisy fitness of best good: -1
Real fitness of best bad: -1
Noisy fitness of best bad: 1022.0

l: 83
Real fitness of mutation winner: 942.0
Noisy fitness of mutation winner: 942.0
Crossover offspring real fitness: [1022.0, 1021.0, 1022.0, 1022.0, 1022.0, 1022.0, 1022.0, 1022.0, 1023.0, 1021.0, 1022.0, 1022.0, 1023.0, 1021.0, 1021.0, 1021.0, 1022.0, 1023.0, 1023.0, 1022.0, 1022.0, 1023.0, 1022.0, 1020.0, 1020.0, 1022.0, 1021.0, 1021.0, 1021.0, 1022.0, 1023.0, 1022.0, 1023.0, 1023.0, 1022.0, 1022.0, 1023.0, 1023.0, 1022.0, 1023.0, 1023.0, 1022.0, 1019.0, 1023.0, 1022.0, 1023.0, 1022.0, 1021.0, 1023.0, 1022.0, 1023.0, 1023.0, 1023.0, 1023.0, 1022.0, 1022.0, 1023.0, 1023.0, 1023.0, 1021.0, 1023.0, 1022.0, 1021.0, 1022.0, 1022.0, 1023.0, 1023.0, 1023.0, 1022.0, 1023.0, 1023.0, 1021.0, 1022.0, 1023.0, 1022.0, 1022.0, 1021.0, 1023.0, 1023.0, 1023.0, 1023.0, 1022.0, 1023.0, 1023.0, 1022.0, 1020.0, 1024.0, 1022.0, 1023.0, 1022.0, 1023.0, 1020.0, 1023.0, 1022.0, 1023.0, 1022.0, 1022.0, 1022.0, 1023.0, 1022.0, 1023.0]
Crossover offspring noisy fitness: [1022.0, 1021.0, 1022.0, 1022.0, 1022.0, 1022.0, 1022.0, 1021.0, 1023.0, 1021.0, 1021.0, 1022.0, 1023.0, 1021.0, 1021.0, 1021.0, 1021.0, 1023.0, 1023.0, 1022.0, 1022.0, 1023.0, 1022.0, 1020.0, 1020.0, 1022.0, 1021.0, 1021.0, 1021.0, 1022.0, 1023.0, 1022.0, 1023.0, 1023.0, 1022.0, 1022.0, 1023.0, 1022.0, 1022.0, 1023.0, 1023.0, 1022.0, 1019.0, 1023.0, 1021.0, 1023.0, 1022.0, 1021.0, 1023.0, 1022.0, 1023.0, 1023.0, 1023.0, 1023.0, 1022.0, 1022.0, 1022.0, 1023.0, 1023.0, 1021.0, 1022.0, 1022.0, 1021.0, 1021.0, 1022.0, 1023.0, 1023.0, 1023.0, 1022.0, 1023.0, 1023.0, 1021.0, 1022.0, 1023.0, 1022.0, 1021.0, 1021.0, 1022.0, 1023.0, 1023.0, 1023.0, 1022.0, 1023.0, 1023.0, 1022.0, 1019.0, 1024.0, 1022.0, 1023.0, 1022.0, 1023.0, 1020.0, 1023.0, 1021.0, 1023.0, 1020.0, 1022.0, 1022.0, 1023.0, 1021.0, 1023.0]
Is bad individual winner: 0
Real fitness of best good: 1022.0
Noisy fitness of best good: -1
Real fitness of best bad: -1
Noisy fitness of best bad: 1022.0

l: 98
Real fitness of mutation winner: 927.0
Noisy fitness of mutation winner: 927.0
Crossover offspring real fitness: [1022.0, 1022.0, 1022.0, 1023.0, 1021.0, 1023.0, 1023.0, 1023.0, 1022.0, 1022.0, 1022.0, 1023.0, 1021.0, 1022.0, 1022.0, 1022.0, 1023.0, 1021.0, 1020.0, 1023.0, 1023.0, 1023.0, 1022.0, 1022.0, 1020.0, 1022.0, 1019.0, 1022.0, 1021.0, 1022.0, 1021.0, 1023.0, 1022.0, 1023.0, 1022.0, 1023.0, 1021.0, 1023.0, 1021.0, 1023.0, 1023.0, 1023.0, 1022.0, 1021.0, 1023.0, 1021.0, 1023.0, 1021.0, 1022.0, 1022.0, 1023.0, 1022.0, 1023.0, 1023.0, 1023.0, 1021.0, 1021.0, 1022.0, 1023.0, 1022.0, 1021.0, 1023.0, 1023.0, 1021.0, 1022.0, 1022.0, 1022.0, 1023.0, 1022.0, 1021.0, 1022.0, 1023.0, 1023.0, 1021.0, 1023.0, 1023.0, 1022.0, 1022.0, 1021.0, 1022.0, 1021.0, 1022.0, 1023.0, 1022.0, 1022.0, 1022.0, 1022.0, 1022.0, 1021.0, 1022.0, 1023.0, 1023.0, 1023.0, 1023.0, 1020.0, 1021.0, 1020.0, 1023.0, 1022.0, 1022.0, 1022.0]
Crossover offspring noisy fitness: [1022.0, 1022.0, 1022.0, 1023.0, 1021.0, 1023.0, 1023.0, 1023.0, 1022.0, 1022.0, 1022.0, 1023.0, 1021.0, 1022.0, 1022.0, 1022.0, 1023.0, 1021.0, 1020.0, 1023.0, 1023.0, 1023.0, 1022.0, 1022.0, 1019.0, 1022.0, 1019.0, 1022.0, 1021.0, 1022.0, 1021.0, 1023.0, 1022.0, 1023.0, 1021.0, 1023.0, 1021.0, 1023.0, 1021.0, 1023.0, 1023.0, 1023.0, 1022.0, 1021.0, 1023.0, 1021.0, 1023.0, 1021.0, 1022.0, 1022.0, 1023.0, 1022.0, 1023.0, 1023.0, 1023.0, 1021.0, 1021.0, 1022.0, 1023.0, 1022.0, 1021.0, 1023.0, 1023.0, 1021.0, 1022.0, 1022.0, 1022.0, 1023.0, 1022.0, 1021.0, 1022.0, 1023.0, 1023.0, 1021.0, 1023.0, 1023.0, 1022.0, 1022.0, 1021.0, 1022.0, 1020.0, 1022.0, 1023.0, 1022.0, 1021.0, 1022.0, 1022.0, 1022.0, 1021.0, 1022.0, 1023.0, 1023.0, 1023.0, 1023.0, 1020.0, 1021.0, 1020.0, 1023.0, 1022.0, 1022.0, 1022.0]
Is bad individual winner: 0
Real fitness of best good: 1022.0
Noisy fitness of best good: -1
Real fitness of best bad: -1
Noisy fitness of best bad: 1022.0

l: 99
Real fitness of mutation winner: 926.0
Noisy fitness of mutation winner: 926.0
Crossover offspring real fitness: [1022.0, 1021.0, 1022.0, 1022.0, 1021.0, 1020.0, 1021.0, 1020.0, 1022.0, 1023.0, 1023.0, 1016.0, 1022.0, 1023.0, 1021.0, 1022.0, 1023.0, 1022.0, 1021.0, 1022.0, 1022.0, 1020.0, 1023.0, 1023.0, 1022.0, 1021.0, 1023.0, 1023.0, 1023.0, 1021.0, 1021.0, 1022.0, 1022.0, 1021.0, 1022.0, 1023.0, 1022.0, 1021.0, 1019.0, 1022.0, 1022.0, 1023.0, 1021.0, 1022.0, 1022.0, 1023.0, 1018.0, 1023.0, 1021.0, 1022.0, 1023.0, 1021.0, 1022.0, 1020.0, 1020.0, 1023.0, 1022.0, 1021.0, 1023.0, 1023.0, 1023.0, 1023.0, 1021.0, 1022.0, 1020.0, 1022.0, 1023.0, 1021.0, 1023.0, 1023.0, 1023.0, 1022.0, 1023.0, 1021.0, 1023.0, 1022.0, 1023.0, 1022.0, 1021.0, 1023.0, 1023.0, 1020.0, 1022.0, 1023.0, 1022.0, 1018.0, 1022.0, 1023.0, 1023.0, 1022.0, 1023.0, 1021.0, 1022.0, 1022.0, 1022.0, 1022.0, 1023.0, 1022.0, 1021.0, 1023.0, 1023.0]
Crossover offspring noisy fitness: [1021.0, 1021.0, 1022.0, 1022.0, 1021.0, 1020.0, 1021.0, 1020.0, 1022.0, 1022.0, 1023.0, 1016.0, 1021.0, 1023.0, 1021.0, 1022.0, 1023.0, 1022.0, 1021.0, 1022.0, 1022.0, 1020.0, 1023.0, 1023.0, 1022.0, 1021.0, 1023.0, 1023.0, 1023.0, 1021.0, 1021.0, 1022.0, 1022.0, 1021.0, 1022.0, 1023.0, 1022.0, 1020.0, 1019.0, 1022.0, 1022.0, 1023.0, 1021.0, 1022.0, 1022.0, 1023.0, 1018.0, 1023.0, 1021.0, 1022.0, 1023.0, 1021.0, 1022.0, 1020.0, 1020.0, 1023.0, 1022.0, 1021.0, 1023.0, 1023.0, 1023.0, 1023.0, 1021.0, 1022.0, 1020.0, 1021.0, 1023.0, 1021.0, 1023.0, 1023.0, 1023.0, 1022.0, 1022.0, 1021.0, 1023.0, 1022.0, 1023.0, 1022.0, 1021.0, 1023.0, 1023.0, 1020.0, 1022.0, 1023.0, 1022.0, 1018.0, 1022.0, 1023.0, 1023.0, 1022.0, 1023.0, 1021.0, 1022.0, 1022.0, 1022.0, 1022.0, 1023.0, 1022.0, 1021.0, 1023.0, 1023.0]
Is bad individual winner: 0
Real fitness of best good: 1022.0
Noisy fitness of best good: -1
Real fitness of best bad: -1
Noisy fitness of best bad: 1022.0

l: 97
Real fitness of mutation winner: 928.0
Noisy fitness of mutation winner: 928.0
Crossover offspring real fitness: [1021.0, 1022.0, 1023.0, 1023.0, 1022.0, 1023.0, 1023.0, 1023.0, 1023.0, 1022.0, 1022.0, 1021.0, 1022.0, 1022.0, 1020.0, 1021.0, 1023.0, 1022.0, 1023.0, 1022.0, 1022.0, 1021.0, 1021.0, 1022.0, 1022.0, 1020.0, 1021.0, 1022.0, 1022.0, 1020.0, 1019.0, 1022.0, 1022.0, 1021.0, 1023.0, 1023.0, 1023.0, 1023.0, 1023.0, 1023.0, 1023.0, 1022.0, 1022.0, 1021.0, 1021.0, 1023.0, 1022.0, 1023.0, 1023.0, 1023.0, 1023.0, 1023.0, 1018.0, 1022.0, 1022.0, 1023.0, 1022.0, 1022.0, 1022.0, 1023.0, 1021.0, 1022.0, 1022.0, 1023.0, 1022.0, 1021.0, 1022.0, 1022.0, 1022.0, 1022.0, 1023.0, 1022.0, 1023.0, 1023.0, 1020.0, 1023.0, 1020.0, 1023.0, 1022.0, 1022.0, 1022.0, 1021.0, 1023.0, 1023.0, 1021.0, 1021.0, 1022.0, 1022.0, 1021.0, 1023.0, 1022.0, 1022.0, 1022.0, 1023.0, 1023.0, 1023.0, 1021.0, 1022.0, 1019.0, 1023.0, 1021.0]
Crossover offspring noisy fitness: [1021.0, 1022.0, 1023.0, 1023.0, 1022.0, 1023.0, 1022.0, 1023.0, 1023.0, 1022.0, 1021.0, 1021.0, 1022.0, 1022.0, 1020.0, 1020.0, 1023.0, 1022.0, 1023.0, 1022.0, 1022.0, 1021.0, 1021.0, 1022.0, 1022.0, 1020.0, 1021.0, 1022.0, 1022.0, 1020.0, 1019.0, 1022.0, 1022.0, 1020.0, 1023.0, 1023.0, 1023.0, 1023.0, 1023.0, 1023.0, 1023.0, 1022.0, 1022.0, 1021.0, 1021.0, 1023.0, 1021.0, 1023.0, 1023.0, 1023.0, 1023.0, 1023.0, 1018.0, 1022.0, 1022.0, 1023.0, 1022.0, 1022.0, 1021.0, 1023.0, 1021.0, 1022.0, 1021.0, 1022.0, 1022.0, 1021.0, 1022.0, 1022.0, 1022.0, 1022.0, 1023.0, 1022.0, 1023.0, 1023.0, 1020.0, 1023.0, 1020.0, 1024.0, 1022.0, 1022.0, 1022.0, 1021.0, 1023.0, 1023.0, 1021.0, 1020.0, 1022.0, 1022.0, 1021.0, 1023.0, 1022.0, 1022.0, 1022.0, 1022.0, 1023.0, 1023.0, 1021.0, 1022.0, 1019.0, 1023.0, 1021.0]
Is bad individual winner: 0
Real fitness of best good: 1022.0
Noisy fitness of best good: -1
Real fitness of best bad: -1
Noisy fitness of best bad: 1022.0

l: 112
Real fitness of mutation winner: 913.0
Noisy fitness of mutation winner: 913.0
Crossover offspring real fitness: [1019.0, 1022.0, 1022.0, 1023.0, 1023.0, 1023.0, 1023.0, 1023.0, 1023.0, 1022.0, 1022.0, 1023.0, 1022.0, 1023.0, 1021.0, 1022.0, 1023.0, 1023.0, 1019.0, 1023.0, 1022.0, 1022.0, 1023.0, 1022.0, 1023.0, 1021.0, 1023.0, 1023.0, 1021.0, 1022.0, 1020.0, 1022.0, 1023.0, 1023.0, 1019.0, 1021.0, 1019.0, 1023.0, 1022.0, 1023.0, 1020.0, 1022.0, 1023.0, 1021.0, 1023.0, 1023.0, 1022.0, 1022.0, 1021.0, 1017.0, 1023.0, 1023.0, 1020.0, 1023.0, 1022.0, 1021.0, 1023.0, 1022.0, 1022.0, 1019.0, 1022.0, 1021.0, 1022.0, 1022.0, 1020.0, 1022.0, 1023.0, 1023.0, 1022.0, 1021.0, 1022.0, 1021.0, 1021.0, 1020.0, 1023.0, 1020.0, 1021.0, 1022.0, 1022.0, 1023.0, 1023.0, 1022.0, 1023.0, 1023.0, 1023.0, 1022.0, 1021.0, 1023.0, 1022.0, 1023.0, 1022.0, 1023.0, 1023.0, 1018.0, 1022.0, 1022.0, 1023.0, 1023.0, 1020.0, 1019.0, 1022.0]
Crossover offspring noisy fitness: [1019.0, 1022.0, 1022.0, 1023.0, 1023.0, 1023.0, 1023.0, 1023.0, 1023.0, 1022.0, 1022.0, 1023.0, 1022.0, 1023.0, 1021.0, 1022.0, 1023.0, 1023.0, 1019.0, 1023.0, 1022.0, 1022.0, 1023.0, 1022.0, 1023.0, 1021.0, 1022.0, 1023.0, 1021.0, 1021.0, 1020.0, 1022.0, 1023.0, 1023.0, 1018.0, 1021.0, 1019.0, 1023.0, 1022.0, 1023.0, 1020.0, 1022.0, 1022.0, 1021.0, 1023.0, 1023.0, 1022.0, 1022.0, 1021.0, 1017.0, 1023.0, 1023.0, 1020.0, 1023.0, 1022.0, 1021.0, 1023.0, 1022.0, 1022.0, 1019.0, 1022.0, 1021.0, 1022.0, 1022.0, 1020.0, 1022.0, 1023.0, 1023.0, 1022.0, 1021.0, 1022.0, 1021.0, 1021.0, 1020.0, 1023.0, 1019.0, 1021.0, 1022.0, 1022.0, 1023.0, 1023.0, 1022.0, 1023.0, 1023.0, 1023.0, 1022.0, 1021.0, 1023.0, 1022.0, 1023.0, 1022.0, 1023.0, 1023.0, 1018.0, 1022.0, 1022.0, 1023.0, 1023.0, 1020.0, 1019.0, 1022.0]
Is bad individual winner: 0
Real fitness of best good: 1022.0
Noisy fitness of best good: -1
Real fitness of best bad: -1
Noisy fitness of best bad: 1022.0

l: 95
Real fitness of mutation winner: 930.0
Noisy fitness of mutation winner: 930.0
Crossover offspring real fitness: [1023.0, 1023.0, 1022.0, 1023.0, 1023.0, 1022.0, 1021.0, 1023.0, 1022.0, 1023.0, 1023.0, 1022.0, 1023.0, 1022.0, 1023.0, 1021.0, 1021.0, 1020.0, 1022.0, 1022.0, 1022.0, 1022.0, 1023.0, 1023.0, 1023.0, 1022.0, 1023.0, 1023.0, 1022.0, 1022.0, 1022.0, 1022.0, 1023.0, 1022.0, 1023.0, 1020.0, 1022.0, 1023.0, 1023.0, 1023.0, 1023.0, 1022.0, 1023.0, 1022.0, 1021.0, 1022.0, 1022.0, 1020.0, 1022.0, 1023.0, 1023.0, 1021.0, 1022.0, 1021.0, 1023.0, 1022.0, 1021.0, 1023.0, 1022.0, 1022.0, 1021.0, 1022.0, 1022.0, 1021.0, 1022.0, 1023.0, 1022.0, 1023.0, 1021.0, 1022.0, 1021.0, 1023.0, 1021.0, 1022.0, 1023.0, 1021.0, 1021.0, 1022.0, 1022.0, 1020.0, 1021.0, 1021.0, 1022.0, 1022.0, 1023.0, 1022.0, 1021.0, 1022.0, 1020.0, 1023.0, 1023.0, 1022.0, 1021.0, 1021.0, 1021.0, 1023.0, 1023.0, 1023.0, 1021.0, 1021.0, 1019.0]
Crossover offspring noisy fitness: [1023.0, 1023.0, 1022.0, 1022.0, 1023.0, 1022.0, 1021.0, 1023.0, 1022.0, 1022.0, 1023.0, 1022.0, 1023.0, 1022.0, 1023.0, 1021.0, 1021.0, 1020.0, 1022.0, 1021.0, 1022.0, 1022.0, 1023.0, 1023.0, 1023.0, 1022.0, 1023.0, 1023.0, 1022.0, 1022.0, 1022.0, 1022.0, 1023.0, 1022.0, 1023.0, 1020.0, 1022.0, 1023.0, 1023.0, 1023.0, 1023.0, 1021.0, 1023.0, 1022.0, 1021.0, 1022.0, 1022.0, 1020.0, 1022.0, 1023.0, 1023.0, 1021.0, 1022.0, 1021.0, 1022.0, 1022.0, 1021.0, 1023.0, 1022.0, 1022.0, 1021.0, 1022.0, 1022.0, 1020.0, 1022.0, 1023.0, 1022.0, 1023.0, 1021.0, 1022.0, 1021.0, 1023.0, 1021.0, 1022.0, 1023.0, 1021.0, 1021.0, 1022.0, 1022.0, 1020.0, 1021.0, 1021.0, 1022.0, 1022.0, 1023.0, 1022.0, 1021.0, 1022.0, 1020.0, 1023.0, 1023.0, 1022.0, 1021.0, 1021.0, 1021.0, 1022.0, 1023.0, 1023.0, 1021.0, 1021.0, 1019.0]
Is bad individual winner: 0
Real fitness of best good: 1022.0
Noisy fitness of best good: -1
Real fitness of best bad: -1
Noisy fitness of best bad: 1022.0

l: 88
Real fitness of mutation winner: 937.0
Noisy fitness of mutation winner: 937.0
Crossover offspring real fitness: [1023.0, 1022.0, 1021.0, 1020.0, 1021.0, 1022.0, 1023.0, 1021.0, 1022.0, 1023.0, 1021.0, 1022.0, 1022.0, 1022.0, 1023.0, 1021.0, 1022.0, 1022.0, 1022.0, 1022.0, 1022.0, 1023.0, 1023.0, 1022.0, 1021.0, 1023.0, 1023.0, 1021.0, 1023.0, 1021.0, 1022.0, 1023.0, 1022.0, 1021.0, 1023.0, 1022.0, 1022.0, 1023.0, 1023.0, 1023.0, 1023.0, 1020.0, 1023.0, 1021.0, 1022.0, 1023.0, 1023.0, 1022.0, 1023.0, 1023.0, 1023.0, 1022.0, 1022.0, 1022.0, 1021.0, 1021.0, 1023.0, 1022.0, 1023.0, 1023.0, 1022.0, 1022.0, 1023.0, 1023.0, 1021.0, 1022.0, 1023.0, 1023.0, 1022.0, 1023.0, 1021.0, 1023.0, 1023.0, 1021.0, 1023.0, 1023.0, 1022.0, 1022.0, 1022.0, 1024.0, 1022.0, 1021.0, 1022.0, 1022.0, 1023.0, 1023.0, 1022.0, 1022.0, 1023.0, 1022.0, 1023.0, 1023.0, 1023.0, 1021.0, 1023.0, 1022.0, 1023.0, 1023.0, 1023.0, 1023.0, 1021.0]
Crossover offspring noisy fitness: [1023.0, 1022.0, 1021.0, 1020.0, 1021.0, 1022.0, 1023.0, 1021.0, 1022.0, 1023.0, 1021.0, 1022.0, 1022.0, 1022.0, 1023.0, 1021.0, 1021.0, 1022.0, 1022.0, 1022.0, 1022.0, 1023.0, 1023.0, 1022.0, 1021.0, 1023.0, 1023.0, 1021.0, 1023.0, 1021.0, 1022.0, 1023.0, 1022.0, 1021.0, 1022.0, 1022.0, 1022.0, 1023.0, 1023.0, 1023.0, 1023.0, 1020.0, 1023.0, 1021.0, 1022.0, 1023.0, 1023.0, 1022.0, 1023.0, 1023.0, 1023.0, 1022.0, 1022.0, 1022.0, 1021.0, 1021.0, 1023.0, 1022.0, 1023.0, 1022.0, 1022.0, 1022.0, 1023.0, 1023.0, 1021.0, 1022.0, 1023.0, 1023.0, 1021.0, 1023.0, 1021.0, 1023.0, 1023.0, 1021.0, 1023.0, 1023.0, 1022.0, 1022.0, 1022.0, 1024.0, 1022.0, 1020.0, 1022.0, 1022.0, 1023.0, 1023.0, 1022.0, 1022.0, 1023.0, 1022.0, 1023.0, 1023.0, 1023.0, 1021.0, 1023.0, 1022.0, 1023.0, 1023.0, 1022.0, 1023.0, 1020.0]
Is bad individual winner: 0
Real fitness of best good: 1022.0
Noisy fitness of best good: -1
Real fitness of best bad: -1
Noisy fitness of best bad: 1022.0

l: 105
Real fitness of mutation winner: 920.0
Noisy fitness of mutation winner: 920.0
Crossover offspring real fitness: [1022.0, 1020.0, 1022.0, 1022.0, 1022.0, 1023.0, 1021.0, 1022.0, 1020.0, 1023.0, 1022.0, 1021.0, 1022.0, 1021.0, 1021.0, 1022.0, 1020.0, 1021.0, 1023.0, 1021.0, 1023.0, 1022.0, 1023.0, 1019.0, 1023.0, 1021.0, 1021.0, 1021.0, 1023.0, 1021.0, 1021.0, 1022.0, 1022.0, 1022.0, 1023.0, 1021.0, 1023.0, 1023.0, 1023.0, 1022.0, 1022.0, 1023.0, 1023.0, 1022.0, 1022.0, 1023.0, 1022.0, 1021.0, 1022.0, 1023.0, 1023.0, 1023.0, 1022.0, 1022.0, 1022.0, 1020.0, 1021.0, 1022.0, 1019.0, 1021.0, 1023.0, 1022.0, 1023.0, 1023.0, 1023.0, 1021.0, 1021.0, 1023.0, 1023.0, 1022.0, 1022.0, 1021.0, 1023.0, 1022.0, 1023.0, 1022.0, 1022.0, 1023.0, 1023.0, 1023.0, 1023.0, 1023.0, 1023.0, 1022.0, 1023.0, 1022.0, 1023.0, 1021.0, 1021.0, 1021.0, 1023.0, 1021.0, 1023.0, 1022.0, 1022.0, 1021.0, 1022.0, 1020.0, 1018.0, 1021.0, 1023.0]
Crossover offspring noisy fitness: [1022.0, 1020.0, 1022.0, 1022.0, 1022.0, 1023.0, 1021.0, 1022.0, 1020.0, 1023.0, 1022.0, 1021.0, 1022.0, 1021.0, 1021.0, 1022.0, 1020.0, 1021.0, 1023.0, 1021.0, 1023.0, 1022.0, 1023.0, 1019.0, 1022.0, 1021.0, 1021.0, 1021.0, 1023.0, 1021.0, 1021.0, 1022.0, 1022.0, 1022.0, 1023.0, 1021.0, 1023.0, 1023.0, 1023.0, 1022.0, 1022.0, 1023.0, 1023.0, 1022.0, 1022.0, 1023.0, 1022.0, 1021.0, 1022.0, 1023.0, 1023.0, 1023.0, 1022.0, 1022.0, 1022.0, 1020.0, 1021.0, 1022.0, 1018.0, 1021.0, 1023.0, 1022.0, 1023.0, 1023.0, 1023.0, 1021.0, 1021.0, 1023.0, 1023.0, 1022.0, 1022.0, 1021.0, 1023.0, 1022.0, 1023.0, 1022.0, 1022.0, 1023.0, 1023.0, 1023.0, 1023.0, 1023.0, 1023.0, 1022.0, 1023.0, 1022.0, 1023.0, 1021.0, 1021.0, 1021.0, 1023.0, 1021.0, 1023.0, 1022.0, 1022.0, 1021.0, 1022.0, 1020.0, 1018.0, 1020.0, 1023.0]
Is bad individual winner: 0
Real fitness of best good: 1022.0
Noisy fitness of best good: -1
Real fitness of best bad: -1
Noisy fitness of best bad: 1022.0

l: 95
Real fitness of mutation winner: 930.0
Noisy fitness of mutation winner: 930.0
Crossover offspring real fitness: [1020.0, 1022.0, 1023.0, 1021.0, 1022.0, 1021.0, 1023.0, 1023.0, 1023.0, 1023.0, 1022.0, 1022.0, 1021.0, 1023.0, 1023.0, 1021.0, 1022.0, 1022.0, 1020.0, 1023.0, 1021.0, 1022.0, 1023.0, 1023.0, 1023.0, 1022.0, 1022.0, 1022.0, 1023.0, 1023.0, 1023.0, 1022.0, 1023.0, 1022.0, 1023.0, 1021.0, 1022.0, 1021.0, 1023.0, 1024.0, 1023.0, 1022.0, 1022.0, 1022.0, 1022.0, 1023.0, 1021.0, 1022.0, 1022.0, 1023.0, 1020.0, 1023.0, 1022.0, 1022.0, 1023.0, 1022.0, 1022.0, 1023.0, 1022.0, 1023.0, 1022.0, 1023.0, 1023.0, 1020.0, 1023.0, 1022.0, 1022.0, 1023.0, 1019.0, 1022.0, 1022.0, 1021.0, 1021.0, 1021.0, 1024.0, 1022.0, 1021.0, 1022.0, 1022.0, 1023.0, 1022.0, 1023.0, 1022.0, 1021.0, 1022.0, 1021.0, 1022.0, 1023.0, 1023.0, 1021.0, 1023.0, 1022.0, 1023.0, 1022.0, 1023.0, 1022.0, 1022.0, 1020.0, 1023.0, 1023.0, 1020.0]
Crossover offspring noisy fitness: [1020.0, 1021.0, 1023.0, 1021.0, 1022.0, 1021.0, 1023.0, 1023.0, 1023.0, 1022.0, 1022.0, 1022.0, 1021.0, 1023.0, 1023.0, 1021.0, 1021.0, 1022.0, 1020.0, 1023.0, 1021.0, 1022.0, 1023.0, 1023.0, 1023.0, 1022.0, 1022.0, 1022.0, 1023.0, 1023.0, 1023.0, 1022.0, 1023.0, 1022.0, 1023.0, 1021.0, 1022.0, 1021.0, 1023.0, 1024.0, 1023.0, 1022.0, 1021.0, 1022.0, 1022.0, 1023.0, 1021.0, 1022.0, 1022.0, 1023.0, 1020.0, 1023.0, 1022.0, 1022.0, 1023.0, 1022.0, 1022.0, 1023.0, 1022.0, 1023.0, 1022.0, 1023.0, 1023.0, 1020.0, 1023.0, 1022.0, 1022.0, 1023.0, 1019.0, 1022.0, 1022.0, 1021.0, 1020.0, 1021.0, 1024.0, 1022.0, 1021.0, 1022.0, 1022.0, 1023.0, 1022.0, 1023.0, 1022.0, 1021.0, 1022.0, 1021.0, 1022.0, 1023.0, 1023.0, 1021.0, 1023.0, 1022.0, 1023.0, 1022.0, 1023.0, 1022.0, 1022.0, 1020.0, 1023.0, 1023.0, 1020.0]
Is bad individual winner: 0
Real fitness of best good: 1022.0
Noisy fitness of best good: -1
Real fitness of best bad: -1
Noisy fitness of best bad: 1022.0

l: 98
Real fitness of mutation winner: 927.0
Noisy fitness of mutation winner: 927.0
Crossover offspring real fitness: [1023.0, 1022.0, 1022.0, 1022.0, 1022.0, 1023.0, 1022.0, 1023.0, 1022.0, 1022.0, 1023.0, 1021.0, 1021.0, 1022.0, 1022.0, 1023.0, 1023.0, 1021.0, 1023.0, 1023.0, 1023.0, 1020.0, 1023.0, 1022.0, 1023.0, 1023.0, 1022.0, 1023.0, 1023.0, 1023.0, 1022.0, 1022.0, 1022.0, 1021.0, 1022.0, 1020.0, 1021.0, 1022.0, 1023.0, 1022.0, 1023.0, 1023.0, 1022.0, 1021.0, 1022.0, 1023.0, 1020.0, 1023.0, 1022.0, 1023.0, 1021.0, 1022.0, 1021.0, 1022.0, 1023.0, 1021.0, 1021.0, 1022.0, 1022.0, 1023.0, 1021.0, 1020.0, 1021.0, 1022.0, 1022.0, 1021.0, 1022.0, 1023.0, 1022.0, 1021.0, 1023.0, 1022.0, 1023.0, 1021.0, 1023.0, 1023.0, 1022.0, 1022.0, 1023.0, 1022.0, 1022.0, 1023.0, 1022.0, 1024.0, 1021.0, 1022.0, 1023.0, 1020.0, 1023.0, 1022.0, 1020.0, 1022.0, 1023.0, 1023.0, 1022.0, 1020.0, 1023.0, 1022.0, 1023.0, 1023.0, 1023.0]
Crossover offspring noisy fitness: [1023.0, 1022.0, 1022.0, 1022.0, 1022.0, 1023.0, 1022.0, 1023.0, 1022.0, 1022.0, 1023.0, 1021.0, 1021.0, 1022.0, 1022.0, 1023.0, 1023.0, 1020.0, 1022.0, 1023.0, 1023.0, 1020.0, 1023.0, 1022.0, 1023.0, 1023.0, 1022.0, 1023.0, 1023.0, 1023.0, 1022.0, 1022.0, 1022.0, 1021.0, 1022.0, 1020.0, 1021.0, 1022.0, 1023.0, 1021.0, 1023.0, 1023.0, 1022.0, 1021.0, 1022.0, 1023.0, 1020.0, 1023.0, 1022.0, 1023.0, 1021.0, 1022.0, 1021.0, 1022.0, 1023.0, 1021.0, 1021.0, 1022.0, 1022.0, 1022.0, 1021.0, 1020.0, 1021.0, 1022.0, 1022.0, 1021.0, 1022.0, 1023.0, 1021.0, 1021.0, 1023.0, 1022.0, 1023.0, 1021.0, 1023.0, 1023.0, 1022.0, 1022.0, 1023.0, 1022.0, 1022.0, 1023.0, 1022.0, 1024.0, 1021.0, 1022.0, 1023.0, 1020.0, 1023.0, 1022.0, 1020.0, 1022.0, 1023.0, 1022.0, 1022.0, 1020.0, 1023.0, 1022.0, 1023.0, 1023.0, 1023.0]
Is bad individual winner: 0
Real fitness of best good: 1022.0
Noisy fitness of best good: -1
Real fitness of best bad: -1
Noisy fitness of best bad: 1022.0

l: 110
Real fitness of mutation winner: 915.0
Noisy fitness of mutation winner: 915.0
Crossover offspring real fitness: [1022.0, 1022.0, 1022.0, 1021.0, 1020.0, 1022.0, 1023.0, 1019.0, 1022.0, 1023.0, 1020.0, 1022.0, 1023.0, 1022.0, 1022.0, 1020.0, 1022.0, 1021.0, 1021.0, 1021.0, 1021.0, 1023.0, 1023.0, 1021.0, 1023.0, 1023.0, 1022.0, 1022.0, 1019.0, 1023.0, 1020.0, 1022.0, 1022.0, 1023.0, 1022.0, 1023.0, 1023.0, 1021.0, 1021.0, 1023.0, 1022.0, 1021.0, 1022.0, 1023.0, 1022.0, 1023.0, 1023.0, 1023.0, 1022.0, 1022.0, 1022.0, 1023.0, 1022.0, 1021.0, 1021.0, 1021.0, 1020.0, 1021.0, 1022.0, 1021.0, 1021.0, 1021.0, 1023.0, 1023.0, 1023.0, 1023.0, 1021.0, 1023.0, 1022.0, 1022.0, 1020.0, 1021.0, 1020.0, 1023.0, 1023.0, 1023.0, 1021.0, 1022.0, 1022.0, 1023.0, 1022.0, 1022.0, 1023.0, 1022.0, 1022.0, 1023.0, 1023.0, 1022.0, 1022.0, 1021.0, 1022.0, 1022.0, 1023.0, 1022.0, 1022.0, 1023.0, 1022.0, 1020.0, 1021.0, 1021.0, 1022.0]
Crossover offspring noisy fitness: [1022.0, 1022.0, 1022.0, 1021.0, 1020.0, 1022.0, 1023.0, 1019.0, 1022.0, 1023.0, 1020.0, 1022.0, 1023.0, 1022.0, 1022.0, 1020.0, 1022.0, 1021.0, 1021.0, 1021.0, 1021.0, 1023.0, 1023.0, 1021.0, 1023.0, 1023.0, 1022.0, 1022.0, 1019.0, 1023.0, 1020.0, 1022.0, 1022.0, 1023.0, 1022.0, 1023.0, 1023.0, 1021.0, 1021.0, 1023.0, 1022.0, 1021.0, 1022.0, 1022.0, 1022.0, 1023.0, 1023.0, 1023.0, 1021.0, 1021.0, 1021.0, 1023.0, 1022.0, 1021.0, 1021.0, 1021.0, 1020.0, 1021.0, 1022.0, 1021.0, 1021.0, 1021.0, 1023.0, 1023.0, 1023.0, 1023.0, 1021.0, 1023.0, 1022.0, 1022.0, 1020.0, 1021.0, 1020.0, 1023.0, 1023.0, 1023.0, 1021.0, 1022.0, 1022.0, 1023.0, 1021.0, 1022.0, 1023.0, 1022.0, 1021.0, 1022.0, 1023.0, 1022.0, 1022.0, 1021.0, 1022.0, 1022.0, 1023.0, 1022.0, 1022.0, 1023.0, 1022.0, 1020.0, 1021.0, 1021.0, 1022.0]
Is bad individual winner: 0
Real fitness of best good: 1022.0
Noisy fitness of best good: -1
Real fitness of best bad: -1
Noisy fitness of best bad: 1022.0

