l: 63
Real fitness of mutation winner: 450.0
Noisy fitness of mutation winner: 451.0
Crossover offspring real fitness: [510.0, 508.0, 510.0, 511.0, 509.0, 511.0, 511.0, 511.0, 511.0, 509.0, 510.0, 511.0, 509.0, 511.0, 511.0, 511.0, 510.0, 510.0, 511.0, 511.0, 509.0, 511.0, 509.0, 511.0, 510.0, 509.0, 510.0, 511.0, 511.0, 511.0, 510.0, 510.0, 510.0, 510.0, 510.0, 511.0, 510.0, 510.0, 508.0, 510.0, 509.0, 511.0, 511.0, 511.0, 510.0, 511.0, 510.0, 510.0, 509.0, 509.0, 510.0, 508.0, 511.0, 511.0, 510.0, 509.0, 511.0, 511.0, 509.0, 509.0, 508.0, 508.0, 511.0]
Crossover offspring noisy fitness: [510.0, 508.0, 510.0, 511.0, 509.0, 511.0, 511.0, 511.0, 511.0, 509.0, 510.0, 511.0, 509.0, 511.0, 511.0, 511.0, 510.0, 510.0, 511.0, 511.0, 509.0, 510.0, 509.0, 511.0, 510.0, 509.0, 510.0, 511.0, 511.0, 511.0, 510.0, 510.0, 510.0, 510.0, 510.0, 511.0, 510.0, 510.0, 508.0, 510.0, 509.0, 511.0, 511.0, 511.0, 510.0, 511.0, 510.0, 510.0, 509.0, 509.0, 510.0, 508.0, 511.0, 511.0, 510.0, 509.0, 511.0, 511.0, 509.0, 509.0, 508.0, 508.0, 511.0]
Is bad individual winner: 0
Real fitness of best good: 510.0
Noisy fitness of best good: -1
Real fitness of best bad: -1
Noisy fitness of best bad: 510.0

l: 73
Real fitness of mutation winner: 440.0
Noisy fitness of mutation winner: 440.0
Crossover offspring real fitness: [511.0, 511.0, 510.0, 511.0, 510.0, 511.0, 510.0, 509.0, 508.0, 508.0, 511.0, 509.0, 508.0, 509.0, 510.0, 511.0, 508.0, 509.0, 511.0, 510.0, 510.0, 511.0, 510.0, 508.0, 511.0, 509.0, 509.0, 510.0, 511.0, 510.0, 509.0, 509.0, 511.0, 510.0, 510.0, 508.0, 510.0, 509.0, 508.0, 509.0, 511.0, 510.0, 509.0, 511.0, 510.0, 510.0, 509.0, 511.0, 509.0, 509.0, 509.0, 511.0, 511.0, 509.0, 511.0, 510.0, 510.0, 509.0, 510.0, 510.0, 510.0, 511.0, 510.0]
Crossover offspring noisy fitness: [511.0, 511.0, 510.0, 511.0, 510.0, 511.0, 510.0, 509.0, 508.0, 508.0, 511.0, 509.0, 508.0, 509.0, 510.0, 511.0, 508.0, 509.0, 511.0, 510.0, 510.0, 511.0, 510.0, 508.0, 511.0, 509.0, 509.0, 510.0, 511.0, 510.0, 509.0, 509.0, 511.0, 510.0, 510.0, 508.0, 510.0, 508.0, 508.0, 509.0, 510.0, 510.0, 509.0, 511.0, 510.0, 510.0, 509.0, 511.0, 509.0, 509.0, 509.0, 511.0, 511.0, 509.0, 511.0, 510.0, 510.0, 509.0, 510.0, 510.0, 510.0, 511.0, 510.0]
Is bad individual winner: 0
Real fitness of best good: 510.0
Noisy fitness of best good: -1
Real fitness of best bad: -1
Noisy fitness of best bad: 510.0

l: 61
Real fitness of mutation winner: 452.0
Noisy fitness of mutation winner: 452.0
Crossover offspring real fitness: [511.0, 512.0, 511.0, 507.0, 511.0, 510.0, 511.0, 511.0, 511.0, 510.0, 510.0, 510.0, 509.0, 510.0, 510.0, 509.0, 511.0, 510.0, 510.0, 511.0, 511.0, 510.0, 511.0, 511.0, 509.0, 509.0, 507.0, 509.0, 508.0, 510.0, 510.0, 512.0, 512.0, 511.0, 510.0, 511.0, 510.0, 510.0, 509.0, 508.0, 511.0, 510.0, 510.0, 511.0, 511.0, 510.0, 510.0, 511.0, 510.0, 511.0, 511.0, 509.0, 510.0, 511.0, 511.0, 511.0, 509.0, 510.0, 508.0, 510.0, 510.0, 511.0, 511.0]
Crossover offspring noisy fitness: [511.0, 512.0, 511.0, 507.0, 511.0, 510.0, 511.0, 511.0, 511.0, 510.0, 510.0, 510.0, 509.0, 510.0, 510.0, 509.0, 511.0, 510.0, 510.0, 511.0, 511.0, 510.0, 511.0, 511.0, 509.0, 509.0, 507.0, 509.0, 508.0, 510.0, 510.0, 512.0, 512.0, 510.0, 510.0, 511.0, 510.0, 510.0, 509.0, 508.0, 511.0, 510.0, 510.0, 511.0, 511.0, 510.0, 510.0, 511.0, 510.0, 511.0, 511.0, 509.0, 510.0, 511.0, 511.0, 511.0, 508.0, 510.0, 508.0, 510.0, 510.0, 511.0, 511.0]
Is bad individual winner: 0
Real fitness of best good: 510.0
Noisy fitness of best good: -1
Real fitness of best bad: -1
Noisy fitness of best bad: 510.0

l: 56
Real fitness of mutation winner: 457.0
Noisy fitness of mutation winner: 457.0
Crossover offspring real fitness: [508.0, 509.0, 511.0, 508.0, 510.0, 510.0, 510.0, 511.0, 508.0, 510.0, 511.0, 510.0, 511.0, 510.0, 510.0, 510.0, 511.0, 511.0, 511.0, 511.0, 511.0, 510.0, 511.0, 511.0, 510.0, 511.0, 508.0, 510.0, 511.0, 509.0, 508.0, 511.0, 510.0, 506.0, 510.0, 510.0, 510.0, 510.0, 511.0, 511.0, 511.0, 510.0, 510.0, 511.0, 509.0, 510.0, 511.0, 510.0, 508.0, 511.0, 510.0, 511.0, 511.0, 509.0, 508.0, 511.0, 509.0, 510.0, 511.0, 511.0, 510.0, 511.0, 509.0]
Crossover offspring noisy fitness: [508.0, 509.0, 511.0, 508.0, 510.0, 510.0, 510.0, 511.0, 508.0, 509.0, 511.0, 510.0, 511.0, 510.0, 510.0, 510.0, 511.0, 511.0, 511.0, 511.0, 511.0, 510.0, 511.0, 511.0, 509.0, 511.0, 508.0, 510.0, 509.0, 509.0, 508.0, 511.0, 510.0, 506.0, 510.0, 509.0, 510.0, 510.0, 511.0, 511.0, 511.0, 510.0, 510.0, 511.0, 509.0, 510.0, 511.0, 510.0, 508.0, 511.0, 510.0, 511.0, 511.0, 509.0, 508.0, 511.0, 509.0, 510.0, 511.0, 511.0, 510.0, 511.0, 509.0]
Is bad individual winner: 0
Real fitness of best good: 510.0
Noisy fitness of best good: -1
Real fitness of best bad: -1
Noisy fitness of best bad: 510.0

l: 56
Real fitness of mutation winner: 457.0
Noisy fitness of mutation winner: 457.0
Crossover offspring real fitness: [510.0, 510.0, 510.0, 509.0, 511.0, 511.0, 510.0, 511.0, 509.0, 511.0, 511.0, 511.0, 509.0, 511.0, 511.0, 510.0, 510.0, 510.0, 509.0, 509.0, 509.0, 511.0, 509.0, 508.0, 509.0, 509.0, 511.0, 508.0, 509.0, 510.0, 511.0, 511.0, 510.0, 511.0, 511.0, 510.0, 510.0, 510.0, 509.0, 510.0, 509.0, 510.0, 510.0, 508.0, 511.0, 511.0, 511.0, 511.0, 510.0, 510.0, 509.0, 511.0, 512.0, 510.0, 511.0, 510.0, 510.0, 511.0, 511.0, 510.0, 509.0, 509.0, 511.0]
Crossover offspring noisy fitness: [510.0, 510.0, 510.0, 509.0, 511.0, 511.0, 510.0, 511.0, 509.0, 511.0, 511.0, 511.0, 509.0, 511.0, 511.0, 510.0, 510.0, 510.0, 508.0, 508.0, 509.0, 511.0, 509.0, 508.0, 509.0, 509.0, 511.0, 508.0, 509.0, 510.0, 511.0, 510.0, 510.0, 511.0, 511.0, 510.0, 510.0, 510.0, 509.0, 510.0, 509.0, 509.0, 510.0, 508.0, 511.0, 511.0, 511.0, 511.0, 510.0, 510.0, 509.0, 511.0, 512.0, 510.0, 511.0, 510.0, 510.0, 511.0, 511.0, 510.0, 509.0, 509.0, 511.0]
Is bad individual winner: 0
Real fitness of best good: 510.0
Noisy fitness of best good: -1
Real fitness of best bad: -1
Noisy fitness of best bad: 510.0

l: 61
Real fitness of mutation winner: 452.0
Noisy fitness of mutation winner: 452.0
Crossover offspring real fitness: [511.0, 511.0, 511.0, 508.0, 510.0, 509.0, 511.0, 511.0, 508.0, 510.0, 509.0, 510.0, 511.0, 510.0, 511.0, 510.0, 508.0, 511.0, 511.0, 509.0, 511.0, 508.0, 509.0, 509.0, 510.0, 510.0, 509.0, 508.0, 509.0, 510.0, 511.0, 510.0, 508.0, 511.0, 511.0, 510.0, 511.0, 510.0, 510.0, 511.0, 510.0, 510.0, 510.0, 511.0, 511.0, 510.0, 510.0, 509.0, 508.0, 510.0, 508.0, 511.0, 507.0, 509.0, 511.0, 506.0, 507.0, 508.0, 511.0, 510.0, 510.0, 511.0, 511.0]
Crossover offspring noisy fitness: [511.0, 511.0, 511.0, 508.0, 510.0, 509.0, 511.0, 511.0, 508.0, 510.0, 509.0, 510.0, 511.0, 510.0, 510.0, 510.0, 508.0, 511.0, 511.0, 509.0, 511.0, 508.0, 509.0, 509.0, 510.0, 510.0, 509.0, 508.0, 509.0, 510.0, 511.0, 510.0, 508.0, 511.0, 511.0, 510.0, 511.0, 510.0, 510.0, 511.0, 509.0, 510.0, 510.0, 511.0, 511.0, 510.0, 510.0, 509.0, 508.0, 510.0, 508.0, 511.0, 507.0, 509.0, 511.0, 506.0, 507.0, 508.0, 511.0, 510.0, 510.0, 511.0, 511.0]
Is bad individual winner: 0
Real fitness of best good: 510.0
Noisy fitness of best good: -1
Real fitness of best bad: -1
Noisy fitness of best bad: 510.0

l: 60
Real fitness of mutation winner: 453.0
Noisy fitness of mutation winner: 453.0
Crossover offspring real fitness: [512.0, 510.0, 511.0, 509.0, 511.0, 509.0, 510.0, 511.0, 510.0, 509.0, 509.0, 510.0, 511.0, 511.0, 509.0, 510.0, 510.0, 508.0, 511.0, 511.0, 511.0, 511.0, 511.0, 511.0, 509.0, 510.0, 510.0, 510.0, 511.0, 510.0, 510.0, 511.0, 511.0, 510.0, 510.0, 511.0, 511.0, 509.0, 510.0, 511.0, 510.0, 509.0, 509.0, 511.0, 510.0, 510.0, 511.0, 511.0, 511.0, 509.0, 510.0, 511.0, 510.0, 510.0, 511.0, 510.0, 510.0, 510.0, 510.0, 511.0, 511.0, 511.0, 510.0]
Crossover offspring noisy fitness: [512.0, 510.0, 511.0, 509.0, 511.0, 508.0, 510.0, 511.0, 510.0, 509.0, 509.0, 509.0, 511.0, 511.0, 509.0, 510.0, 510.0, 508.0, 511.0, 511.0, 511.0, 511.0, 511.0, 511.0, 509.0, 510.0, 510.0, 510.0, 511.0, 510.0, 510.0, 511.0, 511.0, 510.0, 510.0, 511.0, 511.0, 509.0, 510.0, 511.0, 510.0, 509.0, 509.0, 511.0, 510.0, 509.0, 511.0, 511.0, 511.0, 509.0, 510.0, 511.0, 510.0, 510.0, 511.0, 510.0, 510.0, 510.0, 510.0, 511.0, 511.0, 511.0, 510.0]
Is bad individual winner: 0
Real fitness of best good: 510.0
Noisy fitness of best good: -1
Real fitness of best bad: -1
Noisy fitness of best bad: 510.0

l: 65
Real fitness of mutation winner: 448.0
Noisy fitness of mutation winner: 448.0
Crossover offspring real fitness: [511.0, 510.0, 508.0, 511.0, 510.0, 511.0, 511.0, 511.0, 509.0, 510.0, 509.0, 510.0, 511.0, 511.0, 510.0, 510.0, 511.0, 509.0, 509.0, 509.0, 511.0, 509.0, 511.0, 510.0, 509.0, 510.0, 511.0, 509.0, 511.0, 511.0, 511.0, 510.0, 509.0, 511.0, 511.0, 510.0, 509.0, 509.0, 511.0, 509.0, 511.0, 511.0, 509.0, 511.0, 508.0, 508.0, 510.0, 511.0, 511.0, 511.0, 509.0, 511.0, 511.0, 508.0, 510.0, 511.0, 510.0, 510.0, 510.0, 510.0, 510.0, 510.0, 509.0]
Crossover offspring noisy fitness: [511.0, 510.0, 508.0, 511.0, 510.0, 511.0, 511.0, 511.0, 509.0, 510.0, 509.0, 510.0, 511.0, 511.0, 510.0, 510.0, 511.0, 509.0, 509.0, 509.0, 511.0, 509.0, 511.0, 510.0, 509.0, 510.0, 511.0, 509.0, 511.0, 510.0, 511.0, 510.0, 509.0, 511.0, 511.0, 510.0, 508.0, 509.0, 511.0, 509.0, 511.0, 511.0, 509.0, 511.0, 508.0, 508.0, 510.0, 511.0, 511.0, 511.0, 509.0, 511.0, 511.0, 507.0, 510.0, 511.0, 510.0, 510.0, 510.0, 510.0, 510.0, 510.0, 509.0]
Is bad individual winner: 0
Real fitness of best good: 510.0
Noisy fitness of best good: -1
Real fitness of best bad: -1
Noisy fitness of best bad: 510.0

l: 59
Real fitness of mutation winner: 454.0
Noisy fitness of mutation winner: 454.0
Crossover offspring real fitness: [511.0, 511.0, 510.0, 508.0, 511.0, 511.0, 510.0, 511.0, 510.0, 510.0, 511.0, 511.0, 510.0, 510.0, 508.0, 508.0, 509.0, 510.0, 511.0, 511.0, 510.0, 509.0, 509.0, 509.0, 511.0, 511.0, 511.0, 508.0, 511.0, 511.0, 511.0, 509.0, 509.0, 511.0, 509.0, 511.0, 509.0, 510.0, 511.0, 511.0, 510.0, 509.0, 511.0, 511.0, 511.0, 509.0, 511.0, 510.0, 509.0, 507.0, 509.0, 510.0, 509.0, 511.0, 510.0, 508.0, 510.0, 511.0, 511.0, 511.0, 512.0, 510.0, 510.0]
Crossover offspring noisy fitness: [511.0, 511.0, 510.0, 508.0, 511.0, 510.0, 510.0, 511.0, 510.0, 510.0, 511.0, 511.0, 510.0, 510.0, 508.0, 508.0, 509.0, 510.0, 511.0, 511.0, 510.0, 509.0, 509.0, 509.0, 511.0, 511.0, 511.0, 508.0, 511.0, 511.0, 511.0, 509.0, 509.0, 511.0, 509.0, 511.0, 509.0, 510.0, 511.0, 511.0, 510.0, 509.0, 511.0, 511.0, 511.0, 509.0, 511.0, 510.0, 509.0, 507.0, 509.0, 510.0, 509.0, 511.0, 510.0, 508.0, 510.0, 511.0, 511.0, 511.0, 512.0, 510.0, 510.0]
Is bad individual winner: 0
Real fitness of best good: 510.0
Noisy fitness of best good: -1
Real fitness of best bad: -1
Noisy fitness of best bad: 510.0

l: 80
Real fitness of mutation winner: 433.0
Noisy fitness of mutation winner: 433.0
Crossover offspring real fitness: [510.0, 511.0, 511.0, 510.0, 508.0, 510.0, 510.0, 508.0, 509.0, 511.0, 511.0, 510.0, 509.0, 510.0, 510.0, 510.0, 511.0, 509.0, 510.0, 511.0, 511.0, 511.0, 511.0, 508.0, 511.0, 511.0, 511.0, 511.0, 511.0, 511.0, 511.0, 509.0, 510.0, 510.0, 510.0, 509.0, 509.0, 510.0, 511.0, 511.0, 511.0, 510.0, 510.0, 510.0, 508.0, 511.0, 511.0, 509.0, 511.0, 510.0, 510.0, 510.0, 510.0, 507.0, 511.0, 510.0, 509.0, 510.0, 510.0, 510.0, 511.0, 510.0, 510.0]
Crossover offspring noisy fitness: [510.0, 511.0, 511.0, 510.0, 508.0, 510.0, 510.0, 507.0, 509.0, 511.0, 511.0, 510.0, 509.0, 510.0, 510.0, 510.0, 511.0, 509.0, 510.0, 511.0, 510.0, 511.0, 511.0, 508.0, 511.0, 511.0, 511.0, 511.0, 511.0, 511.0, 511.0, 508.0, 510.0, 510.0, 510.0, 509.0, 509.0, 510.0, 511.0, 511.0, 511.0, 510.0, 510.0, 510.0, 508.0, 511.0, 511.0, 509.0, 511.0, 510.0, 510.0, 510.0, 510.0, 506.0, 510.0, 510.0, 508.0, 510.0, 510.0, 510.0, 511.0, 510.0, 510.0]
Is bad individual winner: 0
Real fitness of best good: 510.0
Noisy fitness of best good: -1
Real fitness of best bad: -1
Noisy fitness of best bad: 510.0

l: 65
Real fitness of mutation winner: 448.0
Noisy fitness of mutation winner: 448.0
Crossover offspring real fitness: [511.0, 510.0, 510.0, 508.0, 510.0, 508.0, 510.0, 510.0, 511.0, 508.0, 511.0, 511.0, 509.0, 508.0, 508.0, 510.0, 510.0, 511.0, 511.0, 510.0, 510.0, 508.0, 511.0, 510.0, 510.0, 510.0, 511.0, 510.0, 511.0, 509.0, 510.0, 508.0, 511.0, 510.0, 510.0, 511.0, 508.0, 509.0, 509.0, 511.0, 510.0, 511.0, 511.0, 511.0, 510.0, 510.0, 511.0, 510.0, 509.0, 510.0, 509.0, 509.0, 510.0, 511.0, 511.0, 511.0, 509.0, 510.0, 508.0, 510.0, 510.0, 511.0, 511.0]
Crossover offspring noisy fitness: [511.0, 510.0, 510.0, 508.0, 510.0, 508.0, 510.0, 510.0, 511.0, 507.0, 511.0, 511.0, 509.0, 508.0, 508.0, 510.0, 510.0, 511.0, 511.0, 510.0, 510.0, 508.0, 511.0, 510.0, 510.0, 509.0, 511.0, 510.0, 511.0, 509.0, 510.0, 508.0, 511.0, 509.0, 510.0, 511.0, 508.0, 509.0, 509.0, 510.0, 510.0, 511.0, 511.0, 511.0, 510.0, 510.0, 511.0, 509.0, 509.0, 510.0, 509.0, 509.0, 510.0, 511.0, 511.0, 511.0, 509.0, 510.0, 508.0, 510.0, 510.0, 511.0, 511.0]
Is bad individual winner: 0
Real fitness of best good: 510.0
Noisy fitness of best good: -1
Real fitness of best bad: -1
Noisy fitness of best bad: 510.0

l: 63
Real fitness of mutation winner: 450.0
Noisy fitness of mutation winner: 450.0
Crossover offspring real fitness: [510.0, 510.0, 511.0, 511.0, 511.0, 510.0, 511.0, 510.0, 511.0, 511.0, 510.0, 510.0, 511.0, 509.0, 509.0, 508.0, 511.0, 510.0, 510.0, 511.0, 511.0, 511.0, 511.0, 510.0, 511.0, 511.0, 511.0, 509.0, 509.0, 508.0, 510.0, 509.0, 511.0, 510.0, 510.0, 510.0, 511.0, 512.0, 511.0, 510.0, 508.0, 510.0, 510.0, 510.0, 511.0, 509.0, 510.0, 508.0, 510.0, 511.0, 509.0, 511.0, 511.0, 510.0, 511.0, 509.0, 509.0, 510.0, 508.0, 511.0, 511.0, 510.0, 511.0]
Crossover offspring noisy fitness: [510.0, 510.0, 511.0, 511.0, 511.0, 510.0, 511.0, 510.0, 511.0, 511.0, 510.0, 510.0, 511.0, 509.0, 509.0, 508.0, 511.0, 510.0, 510.0, 511.0, 511.0, 511.0, 511.0, 510.0, 511.0, 511.0, 511.0, 508.0, 509.0, 508.0, 510.0, 509.0, 511.0, 510.0, 510.0, 510.0, 511.0, 512.0, 511.0, 510.0, 508.0, 510.0, 510.0, 510.0, 511.0, 508.0, 510.0, 508.0, 509.0, 511.0, 509.0, 511.0, 511.0, 510.0, 511.0, 508.0, 508.0, 510.0, 508.0, 511.0, 511.0, 510.0, 511.0]
Is bad individual winner: 0
Real fitness of best good: 510.0
Noisy fitness of best good: -1
Real fitness of best bad: -1
Noisy fitness of best bad: 510.0

l: 51
Real fitness of mutation winner: 462.0
Noisy fitness of mutation winner: 462.0
Crossover offspring real fitness: [509.0, 511.0, 511.0, 509.0, 511.0, 511.0, 510.0, 510.0, 511.0, 510.0, 509.0, 511.0, 511.0, 510.0, 511.0, 511.0, 511.0, 509.0, 511.0, 511.0, 511.0, 510.0, 511.0, 511.0, 511.0, 510.0, 510.0, 509.0, 509.0, 510.0, 510.0, 511.0, 511.0, 509.0, 511.0, 511.0, 511.0, 511.0, 509.0, 510.0, 511.0, 510.0, 511.0, 511.0, 511.0, 511.0, 511.0, 511.0, 511.0, 510.0, 511.0, 510.0, 509.0, 510.0, 509.0, 511.0, 510.0, 509.0, 512.0, 511.0, 510.0, 510.0, 510.0]
Crossover offspring noisy fitness: [509.0, 511.0, 510.0, 509.0, 511.0, 511.0, 510.0, 510.0, 511.0, 510.0, 509.0, 511.0, 511.0, 510.0, 511.0, 511.0, 511.0, 509.0, 510.0, 511.0, 511.0, 510.0, 511.0, 511.0, 511.0, 510.0, 510.0, 509.0, 509.0, 509.0, 510.0, 511.0, 511.0, 509.0, 511.0, 511.0, 511.0, 511.0, 509.0, 510.0, 511.0, 510.0, 511.0, 511.0, 511.0, 510.0, 511.0, 511.0, 511.0, 510.0, 511.0, 510.0, 509.0, 510.0, 509.0, 511.0, 510.0, 509.0, 512.0, 511.0, 510.0, 510.0, 510.0]
Is bad individual winner: 0
Real fitness of best good: 510.0
Noisy fitness of best good: -1
Real fitness of best bad: -1
Noisy fitness of best bad: 510.0

l: 73
Real fitness of mutation winner: 440.0
Noisy fitness of mutation winner: 440.0
Crossover offspring real fitness: [511.0, 509.0, 510.0, 511.0, 510.0, 511.0, 507.0, 510.0, 511.0, 511.0, 511.0, 510.0, 509.0, 508.0, 511.0, 509.0, 511.0, 511.0, 510.0, 511.0, 511.0, 510.0, 510.0, 510.0, 510.0, 509.0, 511.0, 508.0, 510.0, 511.0, 509.0, 511.0, 508.0, 510.0, 511.0, 510.0, 510.0, 510.0, 508.0, 510.0, 511.0, 509.0, 510.0, 509.0, 510.0, 511.0, 508.0, 510.0, 511.0, 511.0, 511.0, 510.0, 511.0, 511.0, 510.0, 511.0, 510.0, 510.0, 511.0, 510.0, 509.0, 509.0, 510.0]
Crossover offspring noisy fitness: [511.0, 508.0, 509.0, 511.0, 510.0, 511.0, 507.0, 510.0, 511.0, 511.0, 511.0, 510.0, 509.0, 507.0, 511.0, 509.0, 510.0, 511.0, 510.0, 511.0, 511.0, 510.0, 510.0, 510.0, 510.0, 508.0, 511.0, 508.0, 510.0, 511.0, 509.0, 511.0, 508.0, 510.0, 511.0, 510.0, 510.0, 510.0, 508.0, 509.0, 511.0, 509.0, 510.0, 509.0, 510.0, 511.0, 507.0, 510.0, 511.0, 511.0, 511.0, 510.0, 510.0, 510.0, 510.0, 511.0, 510.0, 510.0, 511.0, 510.0, 509.0, 509.0, 510.0]
Is bad individual winner: 0
Real fitness of best good: 510.0
Noisy fitness of best good: -1
Real fitness of best bad: -1
Noisy fitness of best bad: 510.0

l: 79
Real fitness of mutation winner: 434.0
Noisy fitness of mutation winner: 434.0
Crossover offspring real fitness: [510.0, 509.0, 510.0, 510.0, 509.0, 511.0, 507.0, 508.0, 511.0, 511.0, 510.0, 511.0, 509.0, 509.0, 511.0, 508.0, 510.0, 509.0, 510.0, 507.0, 509.0, 510.0, 510.0, 509.0, 510.0, 511.0, 511.0, 510.0, 510.0, 510.0, 511.0, 511.0, 508.0, 511.0, 509.0, 510.0, 511.0, 511.0, 509.0, 510.0, 510.0, 510.0, 509.0, 511.0, 509.0, 508.0, 509.0, 509.0, 511.0, 511.0, 511.0, 510.0, 510.0, 509.0, 510.0, 511.0, 510.0, 511.0, 510.0, 511.0, 510.0, 511.0, 509.0]
Crossover offspring noisy fitness: [510.0, 509.0, 510.0, 510.0, 509.0, 511.0, 507.0, 508.0, 511.0, 511.0, 510.0, 511.0, 509.0, 509.0, 511.0, 508.0, 510.0, 509.0, 510.0, 507.0, 509.0, 510.0, 510.0, 509.0, 510.0, 511.0, 511.0, 510.0, 510.0, 510.0, 511.0, 511.0, 507.0, 511.0, 509.0, 510.0, 511.0, 510.0, 509.0, 510.0, 510.0, 510.0, 509.0, 511.0, 509.0, 508.0, 509.0, 509.0, 511.0, 511.0, 511.0, 510.0, 510.0, 509.0, 510.0, 511.0, 510.0, 511.0, 510.0, 511.0, 510.0, 511.0, 509.0]
Is bad individual winner: 0
Real fitness of best good: 510.0
Noisy fitness of best good: -1
Real fitness of best bad: -1
Noisy fitness of best bad: 510.0

l: 57
Real fitness of mutation winner: 456.0
Noisy fitness of mutation winner: 456.0
Crossover offspring real fitness: [511.0, 510.0, 511.0, 512.0, 509.0, 511.0, 511.0, 510.0, 510.0, 509.0, 510.0, 511.0, 510.0, 511.0, 510.0, 510.0, 511.0, 509.0, 510.0, 511.0, 509.0, 510.0, 511.0, 510.0, 511.0, 510.0, 510.0, 511.0, 510.0, 509.0, 510.0, 510.0, 509.0, 510.0, 509.0, 510.0, 509.0, 511.0, 509.0, 509.0, 510.0, 510.0, 510.0, 510.0, 509.0, 510.0, 511.0, 511.0, 510.0, 511.0, 510.0, 509.0, 510.0, 506.0, 509.0, 509.0, 511.0, 510.0, 511.0, 509.0, 511.0, 510.0, 508.0]
Crossover offspring noisy fitness: [511.0, 510.0, 511.0, 512.0, 509.0, 511.0, 511.0, 510.0, 510.0, 509.0, 510.0, 511.0, 510.0, 511.0, 510.0, 510.0, 511.0, 509.0, 510.0, 511.0, 509.0, 510.0, 511.0, 510.0, 511.0, 510.0, 510.0, 510.0, 510.0, 509.0, 510.0, 510.0, 509.0, 510.0, 509.0, 510.0, 509.0, 511.0, 509.0, 509.0, 510.0, 510.0, 510.0, 510.0, 509.0, 510.0, 511.0, 511.0, 510.0, 511.0, 510.0, 509.0, 510.0, 505.0, 509.0, 509.0, 511.0, 510.0, 511.0, 509.0, 511.0, 510.0, 508.0]
Is bad individual winner: 0
Real fitness of best good: 510.0
Noisy fitness of best good: -1
Real fitness of best bad: -1
Noisy fitness of best bad: 510.0

l: 56
Real fitness of mutation winner: 457.0
Noisy fitness of mutation winner: 457.0
Crossover offspring real fitness: [511.0, 510.0, 511.0, 511.0, 509.0, 510.0, 511.0, 510.0, 511.0, 510.0, 511.0, 509.0, 511.0, 510.0, 510.0, 511.0, 511.0, 511.0, 511.0, 508.0, 511.0, 510.0, 509.0, 509.0, 511.0, 510.0, 511.0, 511.0, 509.0, 509.0, 511.0, 510.0, 509.0, 511.0, 509.0, 511.0, 510.0, 511.0, 511.0, 511.0, 509.0, 510.0, 511.0, 509.0, 511.0, 511.0, 509.0, 510.0, 510.0, 509.0, 510.0, 511.0, 509.0, 510.0, 511.0, 511.0, 510.0, 510.0, 510.0, 508.0, 510.0, 511.0, 511.0]
Crossover offspring noisy fitness: [511.0, 510.0, 511.0, 511.0, 509.0, 510.0, 511.0, 510.0, 511.0, 510.0, 511.0, 509.0, 511.0, 510.0, 510.0, 511.0, 511.0, 510.0, 510.0, 508.0, 511.0, 510.0, 509.0, 509.0, 511.0, 510.0, 511.0, 511.0, 509.0, 509.0, 511.0, 510.0, 509.0, 511.0, 509.0, 511.0, 510.0, 511.0, 511.0, 511.0, 509.0, 510.0, 511.0, 509.0, 511.0, 511.0, 509.0, 510.0, 510.0, 509.0, 510.0, 511.0, 509.0, 510.0, 511.0, 511.0, 510.0, 510.0, 510.0, 508.0, 510.0, 511.0, 511.0]
Is bad individual winner: 0
Real fitness of best good: 510.0
Noisy fitness of best good: -1
Real fitness of best bad: -1
Noisy fitness of best bad: 510.0

l: 63
Real fitness of mutation winner: 450.0
Noisy fitness of mutation winner: 450.0
Crossover offspring real fitness: [511.0, 508.0, 510.0, 508.0, 510.0, 510.0, 511.0, 511.0, 510.0, 511.0, 510.0, 509.0, 510.0, 510.0, 510.0, 511.0, 510.0, 511.0, 511.0, 510.0, 511.0, 512.0, 511.0, 510.0, 510.0, 510.0, 510.0, 508.0, 507.0, 510.0, 511.0, 509.0, 511.0, 511.0, 510.0, 510.0, 510.0, 511.0, 509.0, 509.0, 508.0, 512.0, 508.0, 509.0, 510.0, 511.0, 510.0, 511.0, 510.0, 510.0, 510.0, 511.0, 511.0, 509.0, 511.0, 510.0, 510.0, 509.0, 511.0, 511.0, 510.0, 510.0, 509.0]
Crossover offspring noisy fitness: [511.0, 508.0, 510.0, 508.0, 510.0, 510.0, 511.0, 511.0, 510.0, 511.0, 510.0, 509.0, 510.0, 510.0, 509.0, 511.0, 510.0, 511.0, 511.0, 510.0, 511.0, 512.0, 511.0, 510.0, 510.0, 510.0, 510.0, 508.0, 507.0, 510.0, 511.0, 509.0, 510.0, 511.0, 510.0, 510.0, 510.0, 511.0, 509.0, 508.0, 508.0, 512.0, 507.0, 509.0, 510.0, 510.0, 510.0, 511.0, 510.0, 510.0, 510.0, 511.0, 511.0, 509.0, 511.0, 510.0, 510.0, 509.0, 511.0, 511.0, 510.0, 510.0, 509.0]
Is bad individual winner: 0
Real fitness of best good: 510.0
Noisy fitness of best good: -1
Real fitness of best bad: -1
Noisy fitness of best bad: 510.0

l: 57
Real fitness of mutation winner: 456.0
Noisy fitness of mutation winner: 456.0
Crossover offspring real fitness: [510.0, 510.0, 511.0, 510.0, 510.0, 511.0, 511.0, 509.0, 511.0, 511.0, 510.0, 508.0, 511.0, 511.0, 510.0, 510.0, 511.0, 511.0, 511.0, 511.0, 510.0, 510.0, 510.0, 509.0, 510.0, 510.0, 511.0, 511.0, 511.0, 510.0, 510.0, 510.0, 509.0, 510.0, 511.0, 511.0, 510.0, 509.0, 510.0, 511.0, 509.0, 510.0, 510.0, 511.0, 511.0, 511.0, 511.0, 511.0, 511.0, 511.0, 511.0, 512.0, 511.0, 510.0, 511.0, 511.0, 510.0, 510.0, 512.0, 508.0, 510.0, 510.0, 508.0]
Crossover offspring noisy fitness: [510.0, 510.0, 511.0, 510.0, 510.0, 511.0, 511.0, 509.0, 511.0, 511.0, 510.0, 508.0, 510.0, 511.0, 509.0, 509.0, 511.0, 511.0, 511.0, 511.0, 510.0, 510.0, 510.0, 509.0, 510.0, 510.0, 511.0, 511.0, 511.0, 510.0, 510.0, 510.0, 509.0, 510.0, 511.0, 511.0, 510.0, 509.0, 509.0, 511.0, 509.0, 510.0, 510.0, 511.0, 511.0, 511.0, 511.0, 511.0, 511.0, 511.0, 511.0, 512.0, 511.0, 510.0, 511.0, 511.0, 510.0, 510.0, 511.0, 508.0, 510.0, 510.0, 508.0]
Is bad individual winner: 0
Real fitness of best good: 510.0
Noisy fitness of best good: -1
Real fitness of best bad: -1
Noisy fitness of best bad: 510.0

l: 78
Real fitness of mutation winner: 435.0
Noisy fitness of mutation winner: 435.0
Crossover offspring real fitness: [510.0, 509.0, 508.0, 510.0, 511.0, 509.0, 509.0, 510.0, 511.0, 510.0, 509.0, 509.0, 509.0, 510.0, 510.0, 511.0, 509.0, 509.0, 510.0, 511.0, 511.0, 511.0, 510.0, 511.0, 508.0, 511.0, 510.0, 508.0, 508.0, 510.0, 510.0, 510.0, 510.0, 511.0, 510.0, 510.0, 511.0, 508.0, 509.0, 510.0, 511.0, 511.0, 511.0, 509.0, 510.0, 510.0, 511.0, 511.0, 510.0, 508.0, 509.0, 510.0, 510.0, 511.0, 509.0, 509.0, 509.0, 510.0, 510.0, 510.0, 510.0, 506.0, 510.0]
Crossover offspring noisy fitness: [510.0, 509.0, 508.0, 509.0, 511.0, 509.0, 509.0, 510.0, 511.0, 510.0, 509.0, 509.0, 509.0, 510.0, 510.0, 510.0, 509.0, 509.0, 510.0, 511.0, 511.0, 511.0, 510.0, 511.0, 508.0, 511.0, 510.0, 508.0, 508.0, 510.0, 509.0, 510.0, 510.0, 511.0, 510.0, 510.0, 511.0, 508.0, 509.0, 510.0, 511.0, 511.0, 511.0, 509.0, 510.0, 510.0, 511.0, 511.0, 510.0, 508.0, 509.0, 510.0, 510.0, 511.0, 509.0, 509.0, 509.0, 510.0, 510.0, 510.0, 510.0, 506.0, 510.0]
Is bad individual winner: 0
Real fitness of best good: 510.0
Noisy fitness of best good: -1
Real fitness of best bad: -1
Noisy fitness of best bad: 510.0

l: 70
Real fitness of mutation winner: 443.0
Noisy fitness of mutation winner: 443.0
Crossover offspring real fitness: [511.0, 511.0, 510.0, 509.0, 510.0, 511.0, 511.0, 510.0, 509.0, 510.0, 510.0, 511.0, 511.0, 508.0, 509.0, 510.0, 509.0, 510.0, 509.0, 511.0, 510.0, 508.0, 508.0, 509.0, 510.0, 511.0, 509.0, 509.0, 510.0, 509.0, 511.0, 511.0, 509.0, 508.0, 512.0, 510.0, 510.0, 511.0, 510.0, 511.0, 510.0, 510.0, 511.0, 509.0, 509.0, 512.0, 509.0, 510.0, 511.0, 510.0, 509.0, 508.0, 511.0, 509.0, 508.0, 509.0, 510.0, 509.0, 510.0, 508.0, 508.0, 510.0, 511.0]
Crossover offspring noisy fitness: [511.0, 511.0, 510.0, 509.0, 510.0, 511.0, 511.0, 509.0, 509.0, 510.0, 510.0, 511.0, 511.0, 508.0, 509.0, 510.0, 509.0, 510.0, 509.0, 511.0, 510.0, 508.0, 508.0, 509.0, 510.0, 511.0, 509.0, 508.0, 510.0, 509.0, 511.0, 511.0, 509.0, 508.0, 512.0, 510.0, 510.0, 510.0, 510.0, 511.0, 510.0, 510.0, 511.0, 509.0, 509.0, 512.0, 509.0, 510.0, 511.0, 510.0, 509.0, 508.0, 511.0, 509.0, 508.0, 509.0, 510.0, 509.0, 510.0, 508.0, 508.0, 510.0, 511.0]
Is bad individual winner: 0
Real fitness of best good: 510.0
Noisy fitness of best good: -1
Real fitness of best bad: -1
Noisy fitness of best bad: 510.0

l: 48
Real fitness of mutation winner: 465.0
Noisy fitness of mutation winner: 465.0
Crossover offspring real fitness: [509.0, 510.0, 510.0, 511.0, 511.0, 510.0, 508.0, 511.0, 510.0, 510.0, 510.0, 509.0, 511.0, 511.0, 510.0, 510.0, 511.0, 511.0, 509.0, 511.0, 509.0, 510.0, 510.0, 511.0, 510.0, 510.0, 510.0, 511.0, 511.0, 512.0, 510.0, 510.0, 510.0, 510.0, 508.0, 510.0, 510.0, 511.0, 511.0, 509.0, 509.0, 510.0, 511.0, 511.0, 510.0, 511.0, 510.0, 510.0, 511.0, 510.0, 511.0, 510.0, 511.0, 510.0, 510.0, 511.0, 508.0, 509.0, 511.0, 511.0, 511.0, 510.0, 509.0]
Crossover offspring noisy fitness: [509.0, 510.0, 510.0, 511.0, 511.0, 510.0, 508.0, 511.0, 510.0, 510.0, 510.0, 509.0, 511.0, 511.0, 510.0, 510.0, 511.0, 511.0, 509.0, 511.0, 509.0, 510.0, 510.0, 511.0, 510.0, 510.0, 510.0, 511.0, 511.0, 512.0, 509.0, 510.0, 510.0, 510.0, 508.0, 510.0, 510.0, 511.0, 511.0, 509.0, 509.0, 510.0, 511.0, 511.0, 510.0, 511.0, 510.0, 509.0, 511.0, 510.0, 511.0, 510.0, 511.0, 510.0, 510.0, 511.0, 508.0, 509.0, 511.0, 511.0, 511.0, 510.0, 509.0]
Is bad individual winner: 0
Real fitness of best good: 510.0
Noisy fitness of best good: -1
Real fitness of best bad: -1
Noisy fitness of best bad: 510.0

l: 59
Real fitness of mutation winner: 454.0
Noisy fitness of mutation winner: 454.0
Crossover offspring real fitness: [510.0, 510.0, 510.0, 511.0, 511.0, 510.0, 511.0, 511.0, 510.0, 510.0, 511.0, 509.0, 509.0, 510.0, 511.0, 510.0, 511.0, 510.0, 511.0, 511.0, 508.0, 508.0, 511.0, 511.0, 509.0, 510.0, 510.0, 510.0, 510.0, 508.0, 511.0, 510.0, 510.0, 511.0, 510.0, 509.0, 510.0, 511.0, 510.0, 511.0, 511.0, 509.0, 508.0, 510.0, 511.0, 510.0, 510.0, 509.0, 511.0, 510.0, 509.0, 510.0, 511.0, 511.0, 510.0, 510.0, 510.0, 508.0, 509.0, 511.0, 510.0, 511.0, 508.0]
Crossover offspring noisy fitness: [510.0, 510.0, 510.0, 511.0, 511.0, 510.0, 511.0, 511.0, 510.0, 510.0, 511.0, 509.0, 508.0, 510.0, 511.0, 510.0, 511.0, 510.0, 511.0, 511.0, 508.0, 508.0, 511.0, 511.0, 509.0, 510.0, 510.0, 510.0, 510.0, 507.0, 511.0, 510.0, 510.0, 511.0, 510.0, 509.0, 510.0, 511.0, 510.0, 511.0, 511.0, 509.0, 508.0, 510.0, 511.0, 510.0, 510.0, 509.0, 511.0, 510.0, 509.0, 510.0, 511.0, 511.0, 510.0, 510.0, 510.0, 508.0, 509.0, 511.0, 510.0, 510.0, 508.0]
Is bad individual winner: 0
Real fitness of best good: 510.0
Noisy fitness of best good: -1
Real fitness of best bad: -1
Noisy fitness of best bad: 510.0

l: 67
Real fitness of mutation winner: 446.0
Noisy fitness of mutation winner: 447.0
Crossover offspring real fitness: [509.0, 509.0, 510.0, 511.0, 510.0, 511.0, 510.0, 511.0, 509.0, 511.0, 510.0, 509.0, 510.0, 511.0, 510.0, 509.0, 511.0, 511.0, 509.0, 510.0, 510.0, 511.0, 510.0, 509.0, 510.0, 511.0, 509.0, 511.0, 509.0, 510.0, 510.0, 510.0, 508.0, 508.0, 509.0, 508.0, 510.0, 510.0, 510.0, 511.0, 511.0, 509.0, 511.0, 511.0, 511.0, 511.0, 510.0, 511.0, 509.0, 508.0, 511.0, 508.0, 511.0, 509.0, 510.0, 510.0, 510.0, 511.0, 510.0, 511.0, 510.0, 510.0, 510.0]
Crossover offspring noisy fitness: [509.0, 509.0, 510.0, 511.0, 510.0, 511.0, 510.0, 511.0, 509.0, 511.0, 510.0, 509.0, 510.0, 511.0, 510.0, 509.0, 511.0, 511.0, 509.0, 510.0, 510.0, 511.0, 510.0, 509.0, 510.0, 511.0, 508.0, 511.0, 509.0, 509.0, 510.0, 509.0, 508.0, 508.0, 509.0, 508.0, 510.0, 510.0, 510.0, 511.0, 511.0, 509.0, 511.0, 511.0, 511.0, 511.0, 510.0, 511.0, 509.0, 508.0, 511.0, 508.0, 511.0, 509.0, 510.0, 510.0, 510.0, 511.0, 510.0, 511.0, 510.0, 510.0, 510.0]
Is bad individual winner: 0
Real fitness of best good: 510.0
Noisy fitness of best good: -1
Real fitness of best bad: -1
Noisy fitness of best bad: 510.0

l: 59
Real fitness of mutation winner: 454.0
Noisy fitness of mutation winner: 454.0
Crossover offspring real fitness: [511.0, 509.0, 510.0, 511.0, 511.0, 510.0, 510.0, 508.0, 511.0, 510.0, 509.0, 511.0, 510.0, 508.0, 510.0, 511.0, 511.0, 510.0, 510.0, 511.0, 511.0, 511.0, 509.0, 511.0, 509.0, 511.0, 511.0, 509.0, 510.0, 511.0, 511.0, 510.0, 509.0, 509.0, 511.0, 511.0, 510.0, 511.0, 511.0, 510.0, 511.0, 510.0, 509.0, 510.0, 511.0, 508.0, 509.0, 511.0, 510.0, 510.0, 510.0, 510.0, 511.0, 510.0, 510.0, 509.0, 510.0, 510.0, 508.0, 511.0, 510.0, 508.0, 510.0]
Crossover offspring noisy fitness: [511.0, 509.0, 510.0, 511.0, 511.0, 510.0, 510.0, 508.0, 511.0, 510.0, 508.0, 511.0, 510.0, 508.0, 510.0, 510.0, 510.0, 510.0, 510.0, 510.0, 511.0, 511.0, 509.0, 511.0, 509.0, 511.0, 511.0, 509.0, 510.0, 511.0, 511.0, 510.0, 509.0, 509.0, 511.0, 511.0, 510.0, 511.0, 511.0, 510.0, 511.0, 510.0, 509.0, 510.0, 511.0, 508.0, 509.0, 511.0, 510.0, 510.0, 510.0, 510.0, 511.0, 510.0, 510.0, 509.0, 510.0, 510.0, 508.0, 511.0, 510.0, 508.0, 510.0]
Is bad individual winner: 0
Real fitness of best good: 510.0
Noisy fitness of best good: -1
Real fitness of best bad: -1
Noisy fitness of best bad: 510.0

l: 69
Real fitness of mutation winner: 444.0
Noisy fitness of mutation winner: 444.0
Crossover offspring real fitness: [509.0, 510.0, 509.0, 508.0, 510.0, 510.0, 511.0, 510.0, 509.0, 507.0, 510.0, 511.0, 510.0, 511.0, 510.0, 511.0, 510.0, 510.0, 511.0, 510.0, 509.0, 510.0, 509.0, 509.0, 509.0, 510.0, 510.0, 509.0, 511.0, 511.0, 509.0, 510.0, 511.0, 511.0, 507.0, 511.0, 510.0, 510.0, 510.0, 510.0, 510.0, 510.0, 511.0, 511.0, 510.0, 511.0, 511.0, 510.0, 510.0, 511.0, 510.0, 510.0, 511.0, 511.0, 509.0, 509.0, 510.0, 511.0, 510.0, 511.0, 511.0, 510.0, 508.0]
Crossover offspring noisy fitness: [509.0, 510.0, 509.0, 508.0, 510.0, 510.0, 511.0, 510.0, 509.0, 507.0, 510.0, 511.0, 510.0, 511.0, 510.0, 511.0, 510.0, 510.0, 511.0, 510.0, 509.0, 510.0, 509.0, 509.0, 509.0, 510.0, 510.0, 509.0, 511.0, 511.0, 509.0, 510.0, 511.0, 511.0, 507.0, 511.0, 510.0, 510.0, 510.0, 510.0, 510.0, 510.0, 511.0, 511.0, 510.0, 511.0, 511.0, 510.0, 510.0, 511.0, 510.0, 509.0, 511.0, 511.0, 509.0, 509.0, 510.0, 511.0, 510.0, 511.0, 511.0, 510.0, 508.0]
Is bad individual winner: 0
Real fitness of best good: 510.0
Noisy fitness of best good: -1
Real fitness of best bad: -1
Noisy fitness of best bad: 510.0

l: 67
Real fitness of mutation winner: 446.0
Noisy fitness of mutation winner: 446.0
Crossover offspring real fitness: [510.0, 511.0, 511.0, 509.0, 510.0, 510.0, 511.0, 509.0, 511.0, 511.0, 511.0, 509.0, 510.0, 509.0, 510.0, 511.0, 511.0, 510.0, 510.0, 511.0, 511.0, 510.0, 509.0, 510.0, 511.0, 509.0, 511.0, 510.0, 509.0, 511.0, 507.0, 510.0, 509.0, 509.0, 511.0, 509.0, 511.0, 510.0, 511.0, 510.0, 508.0, 511.0, 511.0, 509.0, 510.0, 510.0, 511.0, 509.0, 508.0, 511.0, 511.0, 510.0, 509.0, 510.0, 510.0, 509.0, 508.0, 509.0, 509.0, 510.0, 510.0, 508.0, 509.0]
Crossover offspring noisy fitness: [510.0, 511.0, 511.0, 509.0, 510.0, 510.0, 511.0, 509.0, 511.0, 511.0, 511.0, 509.0, 510.0, 509.0, 510.0, 511.0, 511.0, 510.0, 509.0, 511.0, 511.0, 510.0, 508.0, 510.0, 511.0, 509.0, 511.0, 510.0, 509.0, 511.0, 507.0, 510.0, 509.0, 509.0, 511.0, 509.0, 511.0, 510.0, 511.0, 510.0, 508.0, 511.0, 511.0, 509.0, 509.0, 510.0, 511.0, 509.0, 508.0, 511.0, 511.0, 510.0, 509.0, 510.0, 510.0, 509.0, 508.0, 509.0, 509.0, 510.0, 510.0, 508.0, 509.0]
Is bad individual winner: 0
Real fitness of best good: 510.0
Noisy fitness of best good: -1
Real fitness of best bad: -1
Noisy fitness of best bad: 510.0

l: 57
Real fitness of mutation winner: 456.0
Noisy fitness of mutation winner: 457.0
Crossover offspring real fitness: [510.0, 511.0, 510.0, 511.0, 511.0, 510.0, 511.0, 510.0, 511.0, 508.0, 510.0, 509.0, 510.0, 510.0, 510.0, 510.0, 511.0, 510.0, 510.0, 509.0, 508.0, 510.0, 511.0, 508.0, 511.0, 510.0, 511.0, 510.0, 510.0, 510.0, 510.0, 511.0, 509.0, 510.0, 510.0, 509.0, 511.0, 511.0, 510.0, 510.0, 509.0, 511.0, 511.0, 510.0, 511.0, 511.0, 509.0, 509.0, 510.0, 510.0, 510.0, 510.0, 510.0, 510.0, 507.0, 510.0, 511.0, 511.0, 510.0, 509.0, 510.0, 511.0, 511.0]
Crossover offspring noisy fitness: [510.0, 511.0, 510.0, 511.0, 511.0, 510.0, 511.0, 510.0, 511.0, 507.0, 510.0, 509.0, 510.0, 510.0, 510.0, 510.0, 511.0, 510.0, 510.0, 509.0, 508.0, 510.0, 511.0, 508.0, 511.0, 510.0, 511.0, 510.0, 510.0, 510.0, 510.0, 511.0, 509.0, 510.0, 510.0, 509.0, 511.0, 511.0, 510.0, 510.0, 509.0, 511.0, 510.0, 510.0, 511.0, 511.0, 509.0, 509.0, 510.0, 509.0, 510.0, 510.0, 510.0, 510.0, 507.0, 510.0, 511.0, 511.0, 510.0, 509.0, 510.0, 511.0, 511.0]
Is bad individual winner: 0
Real fitness of best good: 510.0
Noisy fitness of best good: -1
Real fitness of best bad: -1
Noisy fitness of best bad: 510.0

l: 60
Real fitness of mutation winner: 453.0
Noisy fitness of mutation winner: 453.0
Crossover offspring real fitness: [511.0, 511.0, 511.0, 509.0, 511.0, 511.0, 510.0, 509.0, 509.0, 511.0, 511.0, 508.0, 511.0, 511.0, 509.0, 510.0, 509.0, 509.0, 508.0, 511.0, 509.0, 509.0, 511.0, 510.0, 510.0, 510.0, 511.0, 511.0, 510.0, 510.0, 511.0, 510.0, 509.0, 510.0, 509.0, 509.0, 509.0, 511.0, 509.0, 508.0, 510.0, 509.0, 509.0, 510.0, 510.0, 510.0, 509.0, 510.0, 510.0, 509.0, 510.0, 511.0, 510.0, 510.0, 510.0, 511.0, 510.0, 511.0, 510.0, 510.0, 510.0, 509.0, 511.0]
Crossover offspring noisy fitness: [511.0, 511.0, 511.0, 509.0, 511.0, 511.0, 510.0, 509.0, 509.0, 511.0, 511.0, 508.0, 511.0, 511.0, 509.0, 510.0, 509.0, 509.0, 508.0, 511.0, 509.0, 509.0, 511.0, 510.0, 510.0, 510.0, 511.0, 511.0, 510.0, 510.0, 510.0, 510.0, 509.0, 510.0, 509.0, 509.0, 509.0, 511.0, 508.0, 508.0, 509.0, 508.0, 509.0, 510.0, 510.0, 510.0, 509.0, 509.0, 510.0, 509.0, 510.0, 511.0, 510.0, 510.0, 510.0, 511.0, 510.0, 511.0, 510.0, 510.0, 510.0, 509.0, 511.0]
Is bad individual winner: 0
Real fitness of best good: 510.0
Noisy fitness of best good: -1
Real fitness of best bad: -1
Noisy fitness of best bad: 510.0

l: 64
Real fitness of mutation winner: 449.0
Noisy fitness of mutation winner: 449.0
Crossover offspring real fitness: [509.0, 511.0, 509.0, 508.0, 511.0, 511.0, 511.0, 510.0, 511.0, 511.0, 509.0, 510.0, 509.0, 509.0, 510.0, 511.0, 509.0, 510.0, 509.0, 508.0, 510.0, 511.0, 510.0, 511.0, 510.0, 511.0, 510.0, 511.0, 509.0, 511.0, 511.0, 511.0, 510.0, 510.0, 509.0, 511.0, 511.0, 511.0, 511.0, 510.0, 511.0, 509.0, 509.0, 510.0, 509.0, 510.0, 511.0, 511.0, 509.0, 508.0, 509.0, 509.0, 509.0, 508.0, 511.0, 510.0, 509.0, 510.0, 511.0, 508.0, 511.0, 511.0, 510.0]
Crossover offspring noisy fitness: [509.0, 511.0, 509.0, 508.0, 511.0, 511.0, 511.0, 510.0, 511.0, 511.0, 509.0, 510.0, 509.0, 509.0, 510.0, 511.0, 509.0, 510.0, 509.0, 508.0, 510.0, 511.0, 510.0, 511.0, 510.0, 511.0, 510.0, 511.0, 509.0, 511.0, 511.0, 511.0, 509.0, 510.0, 509.0, 511.0, 511.0, 511.0, 511.0, 510.0, 511.0, 509.0, 509.0, 510.0, 509.0, 509.0, 511.0, 511.0, 509.0, 508.0, 509.0, 509.0, 509.0, 508.0, 511.0, 510.0, 509.0, 510.0, 511.0, 507.0, 511.0, 511.0, 510.0]
Is bad individual winner: 0
Real fitness of best good: 510.0
Noisy fitness of best good: -1
Real fitness of best bad: -1
Noisy fitness of best bad: 510.0

l: 62
Real fitness of mutation winner: 451.0
Noisy fitness of mutation winner: 451.0
Crossover offspring real fitness: [509.0, 508.0, 511.0, 510.0, 510.0, 510.0, 511.0, 508.0, 510.0, 510.0, 510.0, 511.0, 507.0, 511.0, 511.0, 509.0, 509.0, 511.0, 510.0, 510.0, 509.0, 511.0, 510.0, 511.0, 511.0, 509.0, 510.0, 511.0, 509.0, 511.0, 511.0, 511.0, 511.0, 511.0, 509.0, 509.0, 509.0, 510.0, 510.0, 511.0, 511.0, 510.0, 509.0, 509.0, 510.0, 509.0, 506.0, 510.0, 509.0, 510.0, 509.0, 510.0, 509.0, 508.0, 509.0, 511.0, 509.0, 511.0, 510.0, 511.0, 510.0, 510.0, 511.0]
Crossover offspring noisy fitness: [509.0, 508.0, 511.0, 510.0, 510.0, 510.0, 511.0, 508.0, 510.0, 510.0, 510.0, 511.0, 507.0, 511.0, 510.0, 509.0, 509.0, 511.0, 510.0, 510.0, 509.0, 511.0, 510.0, 511.0, 511.0, 509.0, 510.0, 510.0, 509.0, 509.0, 511.0, 511.0, 511.0, 511.0, 509.0, 509.0, 509.0, 510.0, 510.0, 511.0, 511.0, 510.0, 509.0, 509.0, 510.0, 509.0, 506.0, 510.0, 509.0, 510.0, 509.0, 510.0, 509.0, 508.0, 509.0, 511.0, 509.0, 511.0, 510.0, 511.0, 510.0, 510.0, 510.0]
Is bad individual winner: 0
Real fitness of best good: 510.0
Noisy fitness of best good: -1
Real fitness of best bad: -1
Noisy fitness of best bad: 510.0

l: 56
Real fitness of mutation winner: 457.0
Noisy fitness of mutation winner: 457.0
Crossover offspring real fitness: [510.0, 510.0, 510.0, 512.0, 509.0, 510.0, 508.0, 510.0, 510.0, 510.0, 508.0, 509.0, 510.0, 511.0, 511.0, 511.0, 509.0, 511.0, 510.0, 511.0, 509.0, 511.0, 511.0, 510.0, 509.0, 509.0, 510.0, 511.0, 511.0, 509.0, 511.0, 511.0, 511.0, 510.0, 509.0, 511.0, 511.0, 510.0, 510.0, 510.0, 511.0, 510.0, 509.0, 509.0, 510.0, 510.0, 510.0, 510.0, 510.0, 510.0, 511.0, 511.0, 510.0, 511.0, 510.0, 510.0, 510.0, 510.0, 511.0, 511.0, 510.0, 510.0, 511.0]
Crossover offspring noisy fitness: [510.0, 510.0, 510.0, 512.0, 509.0, 510.0, 508.0, 510.0, 510.0, 510.0, 508.0, 509.0, 510.0, 511.0, 511.0, 511.0, 509.0, 510.0, 510.0, 511.0, 509.0, 511.0, 511.0, 510.0, 509.0, 509.0, 510.0, 511.0, 511.0, 509.0, 511.0, 511.0, 511.0, 510.0, 509.0, 511.0, 511.0, 510.0, 510.0, 510.0, 511.0, 510.0, 509.0, 509.0, 510.0, 510.0, 510.0, 510.0, 510.0, 510.0, 511.0, 511.0, 510.0, 511.0, 510.0, 510.0, 510.0, 510.0, 511.0, 511.0, 510.0, 510.0, 511.0]
Is bad individual winner: 0
Real fitness of best good: 510.0
Noisy fitness of best good: -1
Real fitness of best bad: -1
Noisy fitness of best bad: 510.0

