l: 93
Real fitness of mutation winner: 932.0
Noisy fitness of mutation winner: 932.0
Crossover offspring real fitness: [1023.0, 1021.0, 1021.0, 1021.0, 1022.0, 1023.0, 1021.0, 1022.0, 1022.0, 1022.0, 1021.0, 1022.0, 1023.0, 1022.0, 1023.0, 1023.0, 1022.0, 1022.0, 1023.0, 1023.0, 1022.0, 1023.0, 1022.0, 1022.0, 1023.0, 1023.0, 1022.0, 1023.0, 1023.0, 1022.0, 1023.0, 1023.0, 1020.0, 1022.0, 1022.0, 1023.0, 1023.0, 1021.0, 1023.0, 1023.0, 1021.0, 1022.0, 1022.0, 1020.0, 1023.0, 1022.0, 1023.0, 1021.0, 1023.0, 1023.0, 1023.0, 1022.0, 1022.0, 1023.0, 1023.0, 1023.0, 1022.0, 1022.0, 1023.0, 1022.0, 1023.0, 1023.0, 1023.0, 1022.0, 1022.0, 1023.0, 1023.0, 1023.0, 1021.0, 1021.0, 1023.0, 1022.0, 1022.0, 1021.0, 1023.0, 1022.0, 1022.0, 1022.0, 1022.0, 1023.0, 1020.0, 1022.0, 1022.0, 1023.0, 1022.0, 1021.0, 1021.0, 1023.0, 1023.0, 1023.0, 1022.0, 1023.0, 1023.0, 1022.0, 1023.0, 1023.0, 1022.0, 1022.0, 1022.0, 1022.0, 1021.0]
Crossover offspring noisy fitness: [1022.0, 1021.0, 1021.0, 1021.0, 1022.0, 1022.0, 1021.0, 1022.0, 1021.0, 1022.0, 1021.0, 1022.0, 1022.0, 1021.0, 1022.0, 1023.0, 1022.0, 1022.0, 1023.0, 1023.0, 1022.0, 1023.0, 1022.0, 1022.0, 1023.0, 1023.0, 1022.0, 1023.0, 1023.0, 1022.0, 1023.0, 1023.0, 1020.0, 1022.0, 1022.0, 1023.0, 1023.0, 1021.0, 1023.0, 1022.0, 1021.0, 1022.0, 1022.0, 1019.0, 1023.0, 1022.0, 1023.0, 1021.0, 1023.0, 1023.0, 1023.0, 1022.0, 1021.0, 1023.0, 1023.0, 1023.0, 1022.0, 1022.0, 1023.0, 1022.0, 1023.0, 1023.0, 1023.0, 1022.0, 1022.0, 1023.0, 1023.0, 1023.0, 1021.0, 1021.0, 1023.0, 1022.0, 1022.0, 1021.0, 1023.0, 1021.0, 1022.0, 1022.0, 1022.0, 1023.0, 1020.0, 1022.0, 1022.0, 1023.0, 1022.0, 1021.0, 1021.0, 1023.0, 1023.0, 1023.0, 1022.0, 1023.0, 1023.0, 1022.0, 1023.0, 1023.0, 1022.0, 1022.0, 1022.0, 1022.0, 1021.0]
Is bad individual winner: 0
Real fitness of best good: 1022.0
Noisy fitness of best good: -1
Real fitness of best bad: -1
Noisy fitness of best bad: 1022.0

l: 90
Real fitness of mutation winner: 935.0
Noisy fitness of mutation winner: 935.0
Crossover offspring real fitness: [1020.0, 1022.0, 1022.0, 1023.0, 1023.0, 1023.0, 1021.0, 1022.0, 1021.0, 1022.0, 1022.0, 1023.0, 1023.0, 1022.0, 1023.0, 1022.0, 1023.0, 1023.0, 1023.0, 1023.0, 1022.0, 1023.0, 1021.0, 1023.0, 1023.0, 1022.0, 1021.0, 1021.0, 1022.0, 1023.0, 1023.0, 1020.0, 1023.0, 1023.0, 1023.0, 1023.0, 1023.0, 1022.0, 1023.0, 1021.0, 1021.0, 1022.0, 1023.0, 1023.0, 1022.0, 1022.0, 1022.0, 1021.0, 1021.0, 1022.0, 1023.0, 1021.0, 1022.0, 1022.0, 1022.0, 1023.0, 1023.0, 1023.0, 1022.0, 1022.0, 1023.0, 1023.0, 1022.0, 1022.0, 1023.0, 1021.0, 1023.0, 1023.0, 1023.0, 1022.0, 1022.0, 1023.0, 1023.0, 1023.0, 1023.0, 1022.0, 1021.0, 1023.0, 1023.0, 1022.0, 1023.0, 1023.0, 1021.0, 1023.0, 1023.0, 1022.0, 1023.0, 1021.0, 1022.0, 1022.0, 1023.0, 1022.0, 1022.0, 1020.0, 1023.0, 1023.0, 1018.0, 1022.0, 1022.0, 1022.0, 1022.0]
Crossover offspring noisy fitness: [1020.0, 1022.0, 1022.0, 1023.0, 1023.0, 1023.0, 1021.0, 1022.0, 1021.0, 1022.0, 1022.0, 1023.0, 1023.0, 1022.0, 1023.0, 1022.0, 1023.0, 1023.0, 1023.0, 1023.0, 1022.0, 1023.0, 1021.0, 1023.0, 1023.0, 1022.0, 1021.0, 1021.0, 1022.0, 1023.0, 1023.0, 1020.0, 1023.0, 1023.0, 1023.0, 1023.0, 1023.0, 1022.0, 1023.0, 1021.0, 1021.0, 1022.0, 1023.0, 1023.0, 1022.0, 1022.0, 1022.0, 1021.0, 1021.0, 1022.0, 1023.0, 1021.0, 1022.0, 1022.0, 1022.0, 1023.0, 1023.0, 1023.0, 1022.0, 1022.0, 1022.0, 1023.0, 1022.0, 1021.0, 1023.0, 1021.0, 1023.0, 1023.0, 1023.0, 1022.0, 1022.0, 1023.0, 1022.0, 1023.0, 1023.0, 1022.0, 1021.0, 1023.0, 1023.0, 1022.0, 1023.0, 1023.0, 1021.0, 1023.0, 1023.0, 1021.0, 1023.0, 1021.0, 1022.0, 1022.0, 1023.0, 1022.0, 1022.0, 1020.0, 1023.0, 1023.0, 1018.0, 1022.0, 1022.0, 1022.0, 1022.0]
Is bad individual winner: 0
Real fitness of best good: 1022.0
Noisy fitness of best good: -1
Real fitness of best bad: -1
Noisy fitness of best bad: 1022.0

l: 102
Real fitness of mutation winner: 923.0
Noisy fitness of mutation winner: 923.0
Crossover offspring real fitness: [1022.0, 1023.0, 1021.0, 1018.0, 1023.0, 1020.0, 1023.0, 1023.0, 1023.0, 1022.0, 1022.0, 1023.0, 1023.0, 1022.0, 1021.0, 1023.0, 1022.0, 1021.0, 1022.0, 1022.0, 1023.0, 1022.0, 1021.0, 1022.0, 1023.0, 1023.0, 1022.0, 1021.0, 1023.0, 1023.0, 1023.0, 1023.0, 1023.0, 1022.0, 1023.0, 1021.0, 1021.0, 1022.0, 1022.0, 1022.0, 1020.0, 1023.0, 1023.0, 1023.0, 1023.0, 1022.0, 1023.0, 1023.0, 1023.0, 1023.0, 1021.0, 1022.0, 1023.0, 1020.0, 1021.0, 1022.0, 1022.0, 1023.0, 1023.0, 1023.0, 1023.0, 1022.0, 1020.0, 1021.0, 1023.0, 1021.0, 1022.0, 1022.0, 1023.0, 1022.0, 1022.0, 1023.0, 1023.0, 1023.0, 1022.0, 1022.0, 1022.0, 1021.0, 1023.0, 1022.0, 1022.0, 1022.0, 1022.0, 1022.0, 1018.0, 1022.0, 1021.0, 1021.0, 1022.0, 1023.0, 1021.0, 1022.0, 1022.0, 1021.0, 1020.0, 1023.0, 1021.0, 1022.0, 1022.0, 1023.0, 1023.0]
Crossover offspring noisy fitness: [1022.0, 1023.0, 1021.0, 1018.0, 1023.0, 1020.0, 1023.0, 1023.0, 1023.0, 1022.0, 1022.0, 1023.0, 1023.0, 1022.0, 1021.0, 1023.0, 1022.0, 1021.0, 1022.0, 1022.0, 1023.0, 1021.0, 1021.0, 1022.0, 1023.0, 1022.0, 1022.0, 1021.0, 1023.0, 1023.0, 1023.0, 1023.0, 1023.0, 1022.0, 1023.0, 1021.0, 1021.0, 1022.0, 1022.0, 1021.0, 1020.0, 1023.0, 1023.0, 1023.0, 1023.0, 1022.0, 1022.0, 1022.0, 1023.0, 1023.0, 1021.0, 1022.0, 1023.0, 1020.0, 1021.0, 1022.0, 1022.0, 1022.0, 1023.0, 1023.0, 1023.0, 1022.0, 1020.0, 1021.0, 1023.0, 1021.0, 1022.0, 1022.0, 1023.0, 1022.0, 1022.0, 1023.0, 1023.0, 1023.0, 1022.0, 1022.0, 1022.0, 1021.0, 1023.0, 1022.0, 1022.0, 1022.0, 1022.0, 1021.0, 1018.0, 1022.0, 1021.0, 1021.0, 1022.0, 1023.0, 1021.0, 1022.0, 1022.0, 1020.0, 1020.0, 1023.0, 1021.0, 1022.0, 1022.0, 1023.0, 1023.0]
Is bad individual winner: 0
Real fitness of best good: 1022.0
Noisy fitness of best good: -1
Real fitness of best bad: -1
Noisy fitness of best bad: 1022.0

l: 99
Real fitness of mutation winner: 926.0
Noisy fitness of mutation winner: 926.0
Crossover offspring real fitness: [1023.0, 1022.0, 1023.0, 1021.0, 1023.0, 1023.0, 1022.0, 1023.0, 1023.0, 1023.0, 1021.0, 1022.0, 1022.0, 1023.0, 1023.0, 1023.0, 1022.0, 1020.0, 1023.0, 1021.0, 1022.0, 1023.0, 1022.0, 1022.0, 1022.0, 1022.0, 1021.0, 1021.0, 1023.0, 1022.0, 1022.0, 1021.0, 1023.0, 1023.0, 1023.0, 1022.0, 1021.0, 1022.0, 1019.0, 1023.0, 1023.0, 1023.0, 1023.0, 1022.0, 1021.0, 1022.0, 1023.0, 1023.0, 1022.0, 1020.0, 1023.0, 1023.0, 1020.0, 1023.0, 1022.0, 1023.0, 1022.0, 1023.0, 1023.0, 1022.0, 1022.0, 1022.0, 1022.0, 1022.0, 1023.0, 1022.0, 1022.0, 1023.0, 1022.0, 1020.0, 1022.0, 1021.0, 1023.0, 1022.0, 1021.0, 1022.0, 1023.0, 1020.0, 1023.0, 1023.0, 1023.0, 1022.0, 1020.0, 1022.0, 1022.0, 1022.0, 1023.0, 1021.0, 1022.0, 1021.0, 1023.0, 1021.0, 1023.0, 1022.0, 1020.0, 1022.0, 1023.0, 1022.0, 1022.0, 1023.0, 1021.0]
Crossover offspring noisy fitness: [1023.0, 1022.0, 1023.0, 1021.0, 1023.0, 1023.0, 1022.0, 1022.0, 1023.0, 1022.0, 1021.0, 1022.0, 1022.0, 1023.0, 1023.0, 1023.0, 1020.0, 1020.0, 1023.0, 1021.0, 1022.0, 1023.0, 1022.0, 1022.0, 1022.0, 1022.0, 1021.0, 1021.0, 1023.0, 1022.0, 1022.0, 1021.0, 1023.0, 1023.0, 1023.0, 1022.0, 1021.0, 1021.0, 1019.0, 1023.0, 1023.0, 1023.0, 1023.0, 1022.0, 1021.0, 1022.0, 1023.0, 1023.0, 1022.0, 1020.0, 1023.0, 1023.0, 1020.0, 1023.0, 1022.0, 1023.0, 1022.0, 1023.0, 1023.0, 1022.0, 1022.0, 1022.0, 1022.0, 1022.0, 1023.0, 1022.0, 1022.0, 1023.0, 1022.0, 1020.0, 1022.0, 1021.0, 1023.0, 1022.0, 1021.0, 1022.0, 1023.0, 1020.0, 1023.0, 1023.0, 1022.0, 1022.0, 1020.0, 1022.0, 1022.0, 1022.0, 1023.0, 1021.0, 1022.0, 1021.0, 1023.0, 1021.0, 1023.0, 1022.0, 1020.0, 1022.0, 1023.0, 1022.0, 1022.0, 1023.0, 1021.0]
Is bad individual winner: 0
Real fitness of best good: 1022.0
Noisy fitness of best good: -1
Real fitness of best bad: -1
Noisy fitness of best bad: 1022.0

l: 100
Real fitness of mutation winner: 925.0
Noisy fitness of mutation winner: 925.0
Crossover offspring real fitness: [1023.0, 1022.0, 1022.0, 1022.0, 1023.0, 1023.0, 1023.0, 1022.0, 1020.0, 1022.0, 1022.0, 1022.0, 1021.0, 1023.0, 1020.0, 1023.0, 1023.0, 1021.0, 1020.0, 1023.0, 1023.0, 1022.0, 1023.0, 1020.0, 1023.0, 1022.0, 1021.0, 1021.0, 1023.0, 1020.0, 1023.0, 1023.0, 1021.0, 1023.0, 1022.0, 1021.0, 1021.0, 1022.0, 1023.0, 1023.0, 1021.0, 1021.0, 1023.0, 1023.0, 1022.0, 1023.0, 1021.0, 1023.0, 1023.0, 1023.0, 1023.0, 1022.0, 1022.0, 1022.0, 1022.0, 1023.0, 1021.0, 1022.0, 1022.0, 1023.0, 1021.0, 1023.0, 1023.0, 1023.0, 1023.0, 1021.0, 1021.0, 1023.0, 1023.0, 1022.0, 1022.0, 1022.0, 1022.0, 1023.0, 1023.0, 1023.0, 1021.0, 1022.0, 1022.0, 1021.0, 1021.0, 1022.0, 1022.0, 1023.0, 1023.0, 1023.0, 1023.0, 1022.0, 1023.0, 1023.0, 1021.0, 1023.0, 1022.0, 1023.0, 1020.0, 1023.0, 1023.0, 1023.0, 1022.0, 1021.0, 1023.0]
Crossover offspring noisy fitness: [1023.0, 1022.0, 1022.0, 1023.0, 1023.0, 1023.0, 1023.0, 1022.0, 1020.0, 1022.0, 1022.0, 1022.0, 1021.0, 1023.0, 1020.0, 1023.0, 1023.0, 1021.0, 1020.0, 1023.0, 1022.0, 1022.0, 1022.0, 1020.0, 1023.0, 1022.0, 1021.0, 1021.0, 1022.0, 1020.0, 1023.0, 1023.0, 1021.0, 1023.0, 1022.0, 1021.0, 1021.0, 1022.0, 1023.0, 1023.0, 1021.0, 1021.0, 1023.0, 1023.0, 1022.0, 1023.0, 1021.0, 1023.0, 1023.0, 1023.0, 1022.0, 1022.0, 1022.0, 1022.0, 1022.0, 1023.0, 1021.0, 1022.0, 1022.0, 1023.0, 1021.0, 1023.0, 1023.0, 1023.0, 1023.0, 1021.0, 1021.0, 1023.0, 1023.0, 1022.0, 1022.0, 1022.0, 1022.0, 1023.0, 1023.0, 1023.0, 1021.0, 1021.0, 1022.0, 1021.0, 1020.0, 1022.0, 1022.0, 1023.0, 1023.0, 1023.0, 1023.0, 1022.0, 1023.0, 1023.0, 1021.0, 1023.0, 1022.0, 1023.0, 1020.0, 1023.0, 1023.0, 1023.0, 1022.0, 1021.0, 1023.0]
Is bad individual winner: 0
Real fitness of best good: 1022.0
Noisy fitness of best good: -1
Real fitness of best bad: -1
Noisy fitness of best bad: 1023.0

l: 99
Real fitness of mutation winner: 926.0
Noisy fitness of mutation winner: 926.0
Crossover offspring real fitness: [1020.0, 1021.0, 1022.0, 1021.0, 1022.0, 1023.0, 1022.0, 1021.0, 1022.0, 1021.0, 1023.0, 1022.0, 1023.0, 1022.0, 1022.0, 1022.0, 1022.0, 1022.0, 1021.0, 1022.0, 1022.0, 1022.0, 1022.0, 1022.0, 1021.0, 1022.0, 1022.0, 1022.0, 1023.0, 1022.0, 1023.0, 1023.0, 1023.0, 1023.0, 1022.0, 1021.0, 1022.0, 1021.0, 1022.0, 1023.0, 1022.0, 1021.0, 1022.0, 1023.0, 1019.0, 1023.0, 1023.0, 1023.0, 1023.0, 1024.0, 1022.0, 1022.0, 1023.0, 1023.0, 1021.0, 1020.0, 1023.0, 1023.0, 1022.0, 1022.0, 1021.0, 1022.0, 1023.0, 1022.0, 1021.0, 1022.0, 1021.0, 1022.0, 1023.0, 1022.0, 1023.0, 1022.0, 1021.0, 1023.0, 1022.0, 1022.0, 1022.0, 1023.0, 1022.0, 1023.0, 1022.0, 1023.0, 1021.0, 1022.0, 1021.0, 1022.0, 1022.0, 1020.0, 1023.0, 1021.0, 1021.0, 1023.0, 1023.0, 1022.0, 1020.0, 1023.0, 1022.0, 1023.0, 1020.0, 1020.0, 1022.0]
Crossover offspring noisy fitness: [1020.0, 1021.0, 1022.0, 1021.0, 1022.0, 1023.0, 1022.0, 1021.0, 1022.0, 1021.0, 1023.0, 1022.0, 1023.0, 1022.0, 1021.0, 1022.0, 1022.0, 1020.0, 1021.0, 1022.0, 1022.0, 1022.0, 1022.0, 1022.0, 1021.0, 1022.0, 1022.0, 1022.0, 1023.0, 1022.0, 1023.0, 1023.0, 1023.0, 1023.0, 1022.0, 1021.0, 1022.0, 1021.0, 1021.0, 1022.0, 1022.0, 1021.0, 1022.0, 1023.0, 1019.0, 1023.0, 1023.0, 1023.0, 1023.0, 1024.0, 1022.0, 1022.0, 1023.0, 1023.0, 1021.0, 1020.0, 1023.0, 1023.0, 1022.0, 1022.0, 1021.0, 1022.0, 1023.0, 1022.0, 1021.0, 1022.0, 1021.0, 1022.0, 1023.0, 1022.0, 1023.0, 1021.0, 1021.0, 1023.0, 1022.0, 1022.0, 1022.0, 1023.0, 1022.0, 1023.0, 1022.0, 1023.0, 1021.0, 1022.0, 1021.0, 1022.0, 1022.0, 1020.0, 1023.0, 1021.0, 1021.0, 1023.0, 1023.0, 1022.0, 1020.0, 1023.0, 1022.0, 1023.0, 1020.0, 1020.0, 1021.0]
Is bad individual winner: 0
Real fitness of best good: 1022.0
Noisy fitness of best good: -1
Real fitness of best bad: -1
Noisy fitness of best bad: 1022.0

l: 83
Real fitness of mutation winner: 942.0
Noisy fitness of mutation winner: 942.0
Crossover offspring real fitness: [1023.0, 1023.0, 1021.0, 1022.0, 1022.0, 1022.0, 1021.0, 1023.0, 1023.0, 1021.0, 1024.0, 1023.0, 1023.0, 1023.0, 1023.0, 1021.0, 1022.0, 1023.0, 1023.0, 1020.0, 1020.0, 1023.0, 1022.0, 1022.0, 1023.0, 1023.0, 1023.0, 1023.0, 1023.0, 1023.0, 1023.0, 1022.0, 1021.0, 1023.0, 1021.0, 1023.0, 1021.0, 1023.0, 1020.0, 1023.0, 1023.0, 1023.0, 1023.0, 1022.0, 1023.0, 1023.0, 1023.0, 1022.0, 1023.0, 1023.0, 1021.0, 1023.0, 1023.0, 1022.0, 1021.0, 1023.0, 1021.0, 1022.0, 1022.0, 1023.0, 1023.0, 1022.0, 1023.0, 1022.0, 1022.0, 1023.0, 1023.0, 1021.0, 1021.0, 1020.0, 1021.0, 1022.0, 1022.0, 1023.0, 1022.0, 1023.0, 1022.0, 1022.0, 1021.0, 1023.0, 1022.0, 1022.0, 1023.0, 1023.0, 1022.0, 1023.0, 1022.0, 1022.0, 1023.0, 1022.0, 1023.0, 1021.0, 1022.0, 1022.0, 1022.0, 1021.0, 1022.0, 1021.0, 1022.0, 1021.0, 1023.0]
Crossover offspring noisy fitness: [1023.0, 1023.0, 1021.0, 1022.0, 1022.0, 1022.0, 1020.0, 1023.0, 1023.0, 1021.0, 1024.0, 1023.0, 1023.0, 1023.0, 1023.0, 1021.0, 1022.0, 1023.0, 1023.0, 1020.0, 1020.0, 1023.0, 1022.0, 1022.0, 1023.0, 1023.0, 1022.0, 1023.0, 1023.0, 1023.0, 1023.0, 1022.0, 1021.0, 1023.0, 1021.0, 1023.0, 1021.0, 1023.0, 1020.0, 1023.0, 1023.0, 1023.0, 1023.0, 1022.0, 1023.0, 1023.0, 1023.0, 1022.0, 1023.0, 1023.0, 1021.0, 1023.0, 1023.0, 1022.0, 1021.0, 1023.0, 1021.0, 1022.0, 1022.0, 1023.0, 1023.0, 1022.0, 1023.0, 1022.0, 1022.0, 1023.0, 1023.0, 1021.0, 1020.0, 1020.0, 1021.0, 1021.0, 1022.0, 1023.0, 1022.0, 1023.0, 1022.0, 1022.0, 1021.0, 1023.0, 1022.0, 1022.0, 1023.0, 1023.0, 1022.0, 1023.0, 1022.0, 1022.0, 1023.0, 1021.0, 1023.0, 1021.0, 1022.0, 1022.0, 1022.0, 1021.0, 1022.0, 1021.0, 1022.0, 1021.0, 1023.0]
Is bad individual winner: 0
Real fitness of best good: 1022.0
Noisy fitness of best good: -1
Real fitness of best bad: -1
Noisy fitness of best bad: 1022.0

l: 103
Real fitness of mutation winner: 922.0
Noisy fitness of mutation winner: 922.0
Crossover offspring real fitness: [1020.0, 1021.0, 1022.0, 1023.0, 1020.0, 1023.0, 1020.0, 1023.0, 1023.0, 1023.0, 1023.0, 1021.0, 1020.0, 1022.0, 1023.0, 1022.0, 1023.0, 1019.0, 1023.0, 1023.0, 1022.0, 1023.0, 1022.0, 1022.0, 1021.0, 1023.0, 1021.0, 1022.0, 1022.0, 1023.0, 1022.0, 1023.0, 1022.0, 1019.0, 1021.0, 1021.0, 1020.0, 1023.0, 1023.0, 1023.0, 1022.0, 1022.0, 1022.0, 1023.0, 1020.0, 1022.0, 1021.0, 1022.0, 1020.0, 1021.0, 1023.0, 1022.0, 1022.0, 1023.0, 1023.0, 1022.0, 1022.0, 1021.0, 1023.0, 1022.0, 1023.0, 1021.0, 1021.0, 1023.0, 1022.0, 1022.0, 1022.0, 1022.0, 1020.0, 1022.0, 1021.0, 1022.0, 1023.0, 1022.0, 1021.0, 1023.0, 1023.0, 1020.0, 1022.0, 1023.0, 1022.0, 1022.0, 1023.0, 1020.0, 1023.0, 1023.0, 1017.0, 1023.0, 1022.0, 1022.0, 1023.0, 1023.0, 1023.0, 1023.0, 1022.0, 1023.0, 1023.0, 1022.0, 1020.0, 1023.0, 1023.0]
Crossover offspring noisy fitness: [1020.0, 1021.0, 1022.0, 1023.0, 1020.0, 1023.0, 1020.0, 1023.0, 1023.0, 1023.0, 1023.0, 1021.0, 1019.0, 1022.0, 1023.0, 1022.0, 1023.0, 1019.0, 1023.0, 1023.0, 1022.0, 1023.0, 1022.0, 1022.0, 1021.0, 1023.0, 1021.0, 1022.0, 1022.0, 1023.0, 1022.0, 1022.0, 1022.0, 1019.0, 1021.0, 1021.0, 1020.0, 1023.0, 1023.0, 1023.0, 1022.0, 1022.0, 1021.0, 1023.0, 1020.0, 1022.0, 1021.0, 1022.0, 1020.0, 1021.0, 1023.0, 1022.0, 1022.0, 1023.0, 1023.0, 1022.0, 1022.0, 1021.0, 1023.0, 1022.0, 1022.0, 1021.0, 1021.0, 1023.0, 1022.0, 1022.0, 1022.0, 1022.0, 1020.0, 1022.0, 1021.0, 1022.0, 1023.0, 1022.0, 1021.0, 1022.0, 1023.0, 1020.0, 1022.0, 1023.0, 1022.0, 1022.0, 1023.0, 1020.0, 1023.0, 1023.0, 1017.0, 1023.0, 1022.0, 1022.0, 1023.0, 1023.0, 1023.0, 1023.0, 1022.0, 1023.0, 1023.0, 1022.0, 1020.0, 1023.0, 1023.0]
Is bad individual winner: 0
Real fitness of best good: 1022.0
Noisy fitness of best good: -1
Real fitness of best bad: -1
Noisy fitness of best bad: 1022.0

l: 106
Real fitness of mutation winner: 919.0
Noisy fitness of mutation winner: 919.0
Crossover offspring real fitness: [1021.0, 1021.0, 1022.0, 1023.0, 1023.0, 1023.0, 1023.0, 1021.0, 1022.0, 1022.0, 1022.0, 1022.0, 1023.0, 1022.0, 1023.0, 1023.0, 1022.0, 1022.0, 1022.0, 1022.0, 1022.0, 1021.0, 1019.0, 1022.0, 1022.0, 1022.0, 1023.0, 1022.0, 1023.0, 1023.0, 1021.0, 1022.0, 1022.0, 1022.0, 1022.0, 1021.0, 1023.0, 1022.0, 1022.0, 1022.0, 1022.0, 1021.0, 1022.0, 1022.0, 1021.0, 1022.0, 1023.0, 1021.0, 1021.0, 1022.0, 1021.0, 1022.0, 1022.0, 1023.0, 1021.0, 1023.0, 1022.0, 1021.0, 1021.0, 1022.0, 1022.0, 1023.0, 1023.0, 1023.0, 1022.0, 1023.0, 1022.0, 1022.0, 1022.0, 1023.0, 1023.0, 1023.0, 1022.0, 1023.0, 1021.0, 1023.0, 1021.0, 1022.0, 1023.0, 1021.0, 1022.0, 1019.0, 1023.0, 1022.0, 1022.0, 1022.0, 1021.0, 1023.0, 1022.0, 1021.0, 1022.0, 1023.0, 1018.0, 1022.0, 1021.0, 1021.0, 1022.0, 1023.0, 1023.0, 1021.0, 1023.0]
Crossover offspring noisy fitness: [1021.0, 1021.0, 1022.0, 1023.0, 1023.0, 1023.0, 1023.0, 1021.0, 1022.0, 1022.0, 1022.0, 1022.0, 1023.0, 1022.0, 1022.0, 1023.0, 1022.0, 1022.0, 1022.0, 1022.0, 1022.0, 1021.0, 1019.0, 1022.0, 1022.0, 1022.0, 1023.0, 1022.0, 1023.0, 1023.0, 1021.0, 1022.0, 1022.0, 1022.0, 1022.0, 1021.0, 1023.0, 1022.0, 1022.0, 1022.0, 1022.0, 1021.0, 1022.0, 1022.0, 1021.0, 1022.0, 1023.0, 1021.0, 1021.0, 1022.0, 1021.0, 1022.0, 1022.0, 1023.0, 1021.0, 1023.0, 1022.0, 1021.0, 1021.0, 1022.0, 1022.0, 1023.0, 1023.0, 1023.0, 1022.0, 1023.0, 1022.0, 1022.0, 1022.0, 1023.0, 1023.0, 1023.0, 1022.0, 1023.0, 1021.0, 1023.0, 1020.0, 1022.0, 1023.0, 1021.0, 1022.0, 1019.0, 1023.0, 1022.0, 1022.0, 1022.0, 1021.0, 1023.0, 1022.0, 1021.0, 1022.0, 1023.0, 1018.0, 1022.0, 1021.0, 1021.0, 1022.0, 1023.0, 1023.0, 1021.0, 1023.0]
Is bad individual winner: 0
Real fitness of best good: 1022.0
Noisy fitness of best good: -1
Real fitness of best bad: -1
Noisy fitness of best bad: 1022.0

l: 100
Real fitness of mutation winner: 925.0
Noisy fitness of mutation winner: 925.0
Crossover offspring real fitness: [1022.0, 1021.0, 1023.0, 1022.0, 1022.0, 1022.0, 1021.0, 1022.0, 1023.0, 1022.0, 1023.0, 1022.0, 1022.0, 1020.0, 1021.0, 1023.0, 1023.0, 1022.0, 1023.0, 1023.0, 1022.0, 1022.0, 1021.0, 1022.0, 1022.0, 1022.0, 1023.0, 1021.0, 1022.0, 1023.0, 1020.0, 1021.0, 1023.0, 1023.0, 1022.0, 1022.0, 1022.0, 1023.0, 1023.0, 1022.0, 1021.0, 1022.0, 1022.0, 1021.0, 1022.0, 1021.0, 1022.0, 1023.0, 1022.0, 1021.0, 1022.0, 1023.0, 1022.0, 1023.0, 1022.0, 1023.0, 1023.0, 1023.0, 1023.0, 1022.0, 1022.0, 1023.0, 1022.0, 1022.0, 1021.0, 1023.0, 1023.0, 1022.0, 1021.0, 1022.0, 1023.0, 1021.0, 1022.0, 1023.0, 1022.0, 1021.0, 1022.0, 1022.0, 1023.0, 1021.0, 1022.0, 1022.0, 1022.0, 1021.0, 1022.0, 1022.0, 1022.0, 1022.0, 1023.0, 1023.0, 1022.0, 1022.0, 1022.0, 1023.0, 1023.0, 1021.0, 1023.0, 1023.0, 1023.0, 1020.0, 1022.0]
Crossover offspring noisy fitness: [1022.0, 1021.0, 1023.0, 1022.0, 1022.0, 1022.0, 1021.0, 1022.0, 1023.0, 1022.0, 1023.0, 1022.0, 1021.0, 1020.0, 1021.0, 1023.0, 1022.0, 1022.0, 1023.0, 1023.0, 1022.0, 1022.0, 1021.0, 1022.0, 1022.0, 1022.0, 1023.0, 1021.0, 1022.0, 1023.0, 1020.0, 1021.0, 1023.0, 1023.0, 1022.0, 1022.0, 1022.0, 1023.0, 1023.0, 1022.0, 1021.0, 1022.0, 1022.0, 1021.0, 1022.0, 1021.0, 1022.0, 1023.0, 1022.0, 1021.0, 1022.0, 1023.0, 1022.0, 1023.0, 1022.0, 1023.0, 1023.0, 1023.0, 1023.0, 1022.0, 1022.0, 1023.0, 1022.0, 1022.0, 1021.0, 1022.0, 1023.0, 1022.0, 1021.0, 1022.0, 1022.0, 1020.0, 1022.0, 1023.0, 1022.0, 1021.0, 1022.0, 1021.0, 1023.0, 1021.0, 1022.0, 1022.0, 1022.0, 1021.0, 1022.0, 1022.0, 1022.0, 1022.0, 1023.0, 1023.0, 1022.0, 1022.0, 1022.0, 1023.0, 1022.0, 1021.0, 1023.0, 1023.0, 1023.0, 1020.0, 1022.0]
Is bad individual winner: 0
Real fitness of best good: 1022.0
Noisy fitness of best good: -1
Real fitness of best bad: -1
Noisy fitness of best bad: 1022.0

l: 101
Real fitness of mutation winner: 924.0
Noisy fitness of mutation winner: 924.0
Crossover offspring real fitness: [1020.0, 1022.0, 1022.0, 1023.0, 1023.0, 1022.0, 1023.0, 1020.0, 1023.0, 1021.0, 1021.0, 1023.0, 1020.0, 1021.0, 1022.0, 1020.0, 1022.0, 1022.0, 1021.0, 1022.0, 1022.0, 1022.0, 1021.0, 1022.0, 1023.0, 1023.0, 1023.0, 1021.0, 1021.0, 1022.0, 1021.0, 1023.0, 1022.0, 1023.0, 1023.0, 1019.0, 1022.0, 1023.0, 1022.0, 1022.0, 1023.0, 1023.0, 1021.0, 1022.0, 1022.0, 1023.0, 1023.0, 1022.0, 1023.0, 1022.0, 1022.0, 1021.0, 1022.0, 1023.0, 1022.0, 1021.0, 1021.0, 1022.0, 1021.0, 1023.0, 1022.0, 1023.0, 1022.0, 1022.0, 1021.0, 1021.0, 1020.0, 1021.0, 1022.0, 1023.0, 1023.0, 1023.0, 1023.0, 1023.0, 1022.0, 1022.0, 1021.0, 1022.0, 1022.0, 1022.0, 1021.0, 1020.0, 1021.0, 1022.0, 1022.0, 1022.0, 1022.0, 1021.0, 1022.0, 1020.0, 1023.0, 1022.0, 1021.0, 1021.0, 1023.0, 1021.0, 1021.0, 1023.0, 1022.0, 1022.0, 1020.0]
Crossover offspring noisy fitness: [1020.0, 1022.0, 1022.0, 1023.0, 1023.0, 1021.0, 1023.0, 1020.0, 1023.0, 1021.0, 1021.0, 1023.0, 1020.0, 1021.0, 1022.0, 1020.0, 1022.0, 1022.0, 1020.0, 1022.0, 1022.0, 1022.0, 1021.0, 1022.0, 1023.0, 1023.0, 1023.0, 1021.0, 1021.0, 1022.0, 1021.0, 1023.0, 1022.0, 1023.0, 1023.0, 1019.0, 1022.0, 1023.0, 1022.0, 1021.0, 1023.0, 1023.0, 1021.0, 1022.0, 1022.0, 1023.0, 1023.0, 1022.0, 1023.0, 1022.0, 1022.0, 1021.0, 1022.0, 1023.0, 1022.0, 1021.0, 1021.0, 1022.0, 1021.0, 1023.0, 1022.0, 1023.0, 1022.0, 1022.0, 1021.0, 1021.0, 1020.0, 1021.0, 1022.0, 1023.0, 1023.0, 1023.0, 1023.0, 1023.0, 1022.0, 1022.0, 1021.0, 1022.0, 1022.0, 1022.0, 1021.0, 1020.0, 1021.0, 1021.0, 1021.0, 1022.0, 1022.0, 1020.0, 1021.0, 1019.0, 1022.0, 1022.0, 1021.0, 1021.0, 1023.0, 1021.0, 1021.0, 1023.0, 1022.0, 1022.0, 1020.0]
Is bad individual winner: 0
Real fitness of best good: 1022.0
Noisy fitness of best good: -1
Real fitness of best bad: -1
Noisy fitness of best bad: 1022.0

l: 110
Real fitness of mutation winner: 915.0
Noisy fitness of mutation winner: 915.0
Crossover offspring real fitness: [1023.0, 1020.0, 1022.0, 1023.0, 1023.0, 1023.0, 1023.0, 1023.0, 1021.0, 1022.0, 1023.0, 1020.0, 1022.0, 1022.0, 1020.0, 1023.0, 1021.0, 1022.0, 1023.0, 1022.0, 1022.0, 1022.0, 1023.0, 1023.0, 1021.0, 1022.0, 1022.0, 1022.0, 1019.0, 1023.0, 1022.0, 1023.0, 1021.0, 1023.0, 1021.0, 1021.0, 1021.0, 1022.0, 1023.0, 1023.0, 1022.0, 1022.0, 1023.0, 1023.0, 1022.0, 1022.0, 1020.0, 1022.0, 1021.0, 1019.0, 1023.0, 1021.0, 1023.0, 1022.0, 1023.0, 1022.0, 1023.0, 1023.0, 1021.0, 1021.0, 1022.0, 1023.0, 1022.0, 1023.0, 1022.0, 1022.0, 1021.0, 1021.0, 1023.0, 1021.0, 1023.0, 1023.0, 1022.0, 1023.0, 1023.0, 1022.0, 1021.0, 1021.0, 1021.0, 1021.0, 1022.0, 1023.0, 1022.0, 1022.0, 1021.0, 1022.0, 1022.0, 1022.0, 1022.0, 1022.0, 1023.0, 1021.0, 1021.0, 1023.0, 1023.0, 1022.0, 1022.0, 1021.0, 1021.0, 1022.0, 1021.0]
Crossover offspring noisy fitness: [1023.0, 1020.0, 1022.0, 1023.0, 1023.0, 1023.0, 1023.0, 1023.0, 1021.0, 1022.0, 1023.0, 1019.0, 1022.0, 1022.0, 1020.0, 1023.0, 1021.0, 1022.0, 1023.0, 1022.0, 1022.0, 1022.0, 1023.0, 1023.0, 1021.0, 1022.0, 1022.0, 1021.0, 1019.0, 1023.0, 1022.0, 1023.0, 1021.0, 1023.0, 1021.0, 1021.0, 1021.0, 1021.0, 1023.0, 1023.0, 1022.0, 1022.0, 1023.0, 1023.0, 1022.0, 1022.0, 1019.0, 1022.0, 1021.0, 1019.0, 1023.0, 1021.0, 1023.0, 1022.0, 1023.0, 1022.0, 1023.0, 1023.0, 1021.0, 1021.0, 1022.0, 1023.0, 1022.0, 1023.0, 1021.0, 1022.0, 1021.0, 1021.0, 1023.0, 1021.0, 1023.0, 1022.0, 1022.0, 1023.0, 1023.0, 1022.0, 1021.0, 1021.0, 1021.0, 1021.0, 1022.0, 1023.0, 1022.0, 1022.0, 1020.0, 1022.0, 1022.0, 1022.0, 1022.0, 1022.0, 1023.0, 1021.0, 1021.0, 1023.0, 1023.0, 1022.0, 1022.0, 1021.0, 1021.0, 1022.0, 1021.0]
Is bad individual winner: 0
Real fitness of best good: 1022.0
Noisy fitness of best good: -1
Real fitness of best bad: -1
Noisy fitness of best bad: 1022.0

l: 97
Real fitness of mutation winner: 928.0
Noisy fitness of mutation winner: 928.0
Crossover offspring real fitness: [1021.0, 1022.0, 1023.0, 1023.0, 1020.0, 1022.0, 1020.0, 1022.0, 1022.0, 1022.0, 1021.0, 1021.0, 1022.0, 1022.0, 1023.0, 1021.0, 1022.0, 1023.0, 1023.0, 1021.0, 1022.0, 1023.0, 1023.0, 1022.0, 1022.0, 1021.0, 1023.0, 1023.0, 1023.0, 1023.0, 1023.0, 1022.0, 1021.0, 1023.0, 1021.0, 1023.0, 1022.0, 1023.0, 1023.0, 1021.0, 1023.0, 1022.0, 1022.0, 1021.0, 1023.0, 1023.0, 1022.0, 1022.0, 1022.0, 1023.0, 1021.0, 1021.0, 1022.0, 1023.0, 1023.0, 1023.0, 1023.0, 1022.0, 1021.0, 1023.0, 1023.0, 1023.0, 1020.0, 1023.0, 1023.0, 1021.0, 1023.0, 1023.0, 1023.0, 1022.0, 1020.0, 1020.0, 1022.0, 1023.0, 1023.0, 1023.0, 1019.0, 1023.0, 1022.0, 1021.0, 1023.0, 1023.0, 1022.0, 1022.0, 1023.0, 1023.0, 1021.0, 1021.0, 1022.0, 1023.0, 1018.0, 1021.0, 1021.0, 1023.0, 1023.0, 1022.0, 1023.0, 1022.0, 1023.0, 1022.0, 1023.0]
Crossover offspring noisy fitness: [1021.0, 1022.0, 1023.0, 1023.0, 1020.0, 1022.0, 1020.0, 1022.0, 1022.0, 1022.0, 1021.0, 1021.0, 1022.0, 1022.0, 1023.0, 1021.0, 1022.0, 1023.0, 1023.0, 1021.0, 1022.0, 1023.0, 1023.0, 1022.0, 1022.0, 1021.0, 1023.0, 1023.0, 1023.0, 1023.0, 1023.0, 1022.0, 1021.0, 1022.0, 1021.0, 1023.0, 1020.0, 1023.0, 1022.0, 1021.0, 1023.0, 1022.0, 1022.0, 1021.0, 1023.0, 1023.0, 1022.0, 1022.0, 1022.0, 1023.0, 1021.0, 1021.0, 1022.0, 1023.0, 1023.0, 1023.0, 1023.0, 1022.0, 1021.0, 1022.0, 1023.0, 1023.0, 1020.0, 1023.0, 1023.0, 1021.0, 1023.0, 1023.0, 1023.0, 1022.0, 1020.0, 1019.0, 1022.0, 1023.0, 1023.0, 1023.0, 1019.0, 1023.0, 1022.0, 1021.0, 1023.0, 1023.0, 1022.0, 1022.0, 1023.0, 1023.0, 1021.0, 1021.0, 1022.0, 1023.0, 1018.0, 1021.0, 1021.0, 1023.0, 1023.0, 1022.0, 1023.0, 1022.0, 1023.0, 1022.0, 1023.0]
Is bad individual winner: 0
Real fitness of best good: 1022.0
Noisy fitness of best good: -1
Real fitness of best bad: -1
Noisy fitness of best bad: 1022.0

l: 87
Real fitness of mutation winner: 938.0
Noisy fitness of mutation winner: 938.0
Crossover offspring real fitness: [1022.0, 1023.0, 1023.0, 1023.0, 1019.0, 1021.0, 1023.0, 1023.0, 1022.0, 1023.0, 1022.0, 1022.0, 1023.0, 1022.0, 1023.0, 1023.0, 1023.0, 1021.0, 1023.0, 1023.0, 1023.0, 1023.0, 1023.0, 1022.0, 1023.0, 1023.0, 1021.0, 1023.0, 1021.0, 1023.0, 1022.0, 1021.0, 1023.0, 1021.0, 1023.0, 1023.0, 1021.0, 1021.0, 1019.0, 1023.0, 1022.0, 1022.0, 1023.0, 1021.0, 1023.0, 1023.0, 1022.0, 1021.0, 1022.0, 1023.0, 1023.0, 1020.0, 1021.0, 1019.0, 1023.0, 1022.0, 1022.0, 1023.0, 1023.0, 1022.0, 1023.0, 1022.0, 1022.0, 1023.0, 1023.0, 1023.0, 1023.0, 1022.0, 1022.0, 1023.0, 1022.0, 1023.0, 1019.0, 1023.0, 1023.0, 1022.0, 1022.0, 1021.0, 1022.0, 1023.0, 1023.0, 1022.0, 1022.0, 1023.0, 1023.0, 1022.0, 1022.0, 1021.0, 1023.0, 1023.0, 1021.0, 1022.0, 1023.0, 1021.0, 1023.0, 1022.0, 1022.0, 1022.0, 1021.0, 1023.0, 1021.0]
Crossover offspring noisy fitness: [1022.0, 1023.0, 1023.0, 1023.0, 1019.0, 1021.0, 1023.0, 1023.0, 1022.0, 1023.0, 1022.0, 1022.0, 1023.0, 1022.0, 1023.0, 1022.0, 1023.0, 1021.0, 1023.0, 1023.0, 1023.0, 1023.0, 1023.0, 1022.0, 1023.0, 1023.0, 1021.0, 1023.0, 1021.0, 1023.0, 1022.0, 1021.0, 1023.0, 1020.0, 1023.0, 1023.0, 1021.0, 1021.0, 1019.0, 1023.0, 1022.0, 1022.0, 1023.0, 1021.0, 1023.0, 1023.0, 1022.0, 1021.0, 1022.0, 1023.0, 1022.0, 1019.0, 1021.0, 1019.0, 1023.0, 1022.0, 1022.0, 1023.0, 1023.0, 1022.0, 1023.0, 1022.0, 1022.0, 1023.0, 1023.0, 1023.0, 1023.0, 1022.0, 1022.0, 1023.0, 1022.0, 1023.0, 1019.0, 1023.0, 1023.0, 1022.0, 1022.0, 1021.0, 1022.0, 1023.0, 1023.0, 1022.0, 1022.0, 1023.0, 1023.0, 1022.0, 1021.0, 1021.0, 1022.0, 1023.0, 1021.0, 1022.0, 1023.0, 1021.0, 1023.0, 1022.0, 1022.0, 1022.0, 1021.0, 1023.0, 1020.0]
Is bad individual winner: 0
Real fitness of best good: 1022.0
Noisy fitness of best good: -1
Real fitness of best bad: -1
Noisy fitness of best bad: 1022.0

l: 101
Real fitness of mutation winner: 924.0
Noisy fitness of mutation winner: 924.0
Crossover offspring real fitness: [1022.0, 1022.0, 1022.0, 1022.0, 1022.0, 1022.0, 1022.0, 1021.0, 1021.0, 1021.0, 1023.0, 1022.0, 1023.0, 1020.0, 1023.0, 1019.0, 1023.0, 1023.0, 1024.0, 1023.0, 1022.0, 1022.0, 1022.0, 1023.0, 1022.0, 1023.0, 1021.0, 1023.0, 1023.0, 1023.0, 1022.0, 1022.0, 1020.0, 1022.0, 1022.0, 1021.0, 1022.0, 1023.0, 1022.0, 1023.0, 1021.0, 1022.0, 1023.0, 1023.0, 1021.0, 1022.0, 1021.0, 1021.0, 1023.0, 1022.0, 1021.0, 1021.0, 1023.0, 1021.0, 1023.0, 1022.0, 1023.0, 1022.0, 1022.0, 1020.0, 1019.0, 1023.0, 1023.0, 1023.0, 1023.0, 1021.0, 1022.0, 1022.0, 1023.0, 1023.0, 1023.0, 1023.0, 1021.0, 1023.0, 1019.0, 1021.0, 1021.0, 1022.0, 1021.0, 1023.0, 1022.0, 1021.0, 1021.0, 1022.0, 1023.0, 1021.0, 1023.0, 1021.0, 1023.0, 1023.0, 1022.0, 1019.0, 1023.0, 1022.0, 1021.0, 1023.0, 1022.0, 1022.0, 1023.0, 1021.0, 1021.0]
Crossover offspring noisy fitness: [1022.0, 1022.0, 1022.0, 1022.0, 1022.0, 1020.0, 1022.0, 1021.0, 1021.0, 1021.0, 1023.0, 1022.0, 1023.0, 1020.0, 1023.0, 1019.0, 1023.0, 1023.0, 1024.0, 1023.0, 1022.0, 1022.0, 1022.0, 1023.0, 1022.0, 1023.0, 1021.0, 1023.0, 1023.0, 1023.0, 1022.0, 1022.0, 1020.0, 1022.0, 1022.0, 1021.0, 1022.0, 1023.0, 1022.0, 1023.0, 1021.0, 1022.0, 1023.0, 1023.0, 1021.0, 1022.0, 1021.0, 1021.0, 1023.0, 1022.0, 1021.0, 1020.0, 1023.0, 1021.0, 1023.0, 1022.0, 1023.0, 1022.0, 1022.0, 1020.0, 1019.0, 1023.0, 1023.0, 1023.0, 1023.0, 1021.0, 1022.0, 1022.0, 1023.0, 1023.0, 1023.0, 1023.0, 1021.0, 1023.0, 1019.0, 1021.0, 1021.0, 1022.0, 1020.0, 1023.0, 1021.0, 1021.0, 1019.0, 1022.0, 1023.0, 1021.0, 1023.0, 1021.0, 1023.0, 1023.0, 1022.0, 1019.0, 1023.0, 1022.0, 1021.0, 1023.0, 1022.0, 1022.0, 1023.0, 1021.0, 1021.0]
Is bad individual winner: 0
Real fitness of best good: 1022.0
Noisy fitness of best good: -1
Real fitness of best bad: -1
Noisy fitness of best bad: 1022.0

l: 99
Real fitness of mutation winner: 926.0
Noisy fitness of mutation winner: 926.0
Crossover offspring real fitness: [1023.0, 1021.0, 1022.0, 1022.0, 1021.0, 1023.0, 1023.0, 1021.0, 1023.0, 1023.0, 1022.0, 1022.0, 1022.0, 1021.0, 1021.0, 1023.0, 1022.0, 1023.0, 1021.0, 1022.0, 1021.0, 1021.0, 1023.0, 1023.0, 1021.0, 1023.0, 1023.0, 1022.0, 1022.0, 1023.0, 1023.0, 1023.0, 1019.0, 1022.0, 1021.0, 1022.0, 1022.0, 1022.0, 1021.0, 1022.0, 1021.0, 1022.0, 1023.0, 1022.0, 1022.0, 1023.0, 1021.0, 1021.0, 1023.0, 1023.0, 1023.0, 1022.0, 1022.0, 1023.0, 1021.0, 1023.0, 1023.0, 1023.0, 1022.0, 1022.0, 1023.0, 1022.0, 1021.0, 1022.0, 1022.0, 1021.0, 1023.0, 1022.0, 1021.0, 1020.0, 1022.0, 1023.0, 1022.0, 1023.0, 1022.0, 1023.0, 1022.0, 1021.0, 1023.0, 1022.0, 1022.0, 1022.0, 1023.0, 1023.0, 1021.0, 1023.0, 1021.0, 1022.0, 1021.0, 1023.0, 1023.0, 1023.0, 1021.0, 1023.0, 1021.0, 1022.0, 1023.0, 1023.0, 1023.0, 1021.0, 1023.0]
Crossover offspring noisy fitness: [1023.0, 1021.0, 1022.0, 1022.0, 1021.0, 1023.0, 1022.0, 1021.0, 1023.0, 1023.0, 1022.0, 1021.0, 1022.0, 1021.0, 1021.0, 1023.0, 1022.0, 1023.0, 1021.0, 1022.0, 1021.0, 1021.0, 1022.0, 1023.0, 1021.0, 1023.0, 1023.0, 1022.0, 1022.0, 1023.0, 1023.0, 1023.0, 1019.0, 1022.0, 1021.0, 1022.0, 1022.0, 1022.0, 1021.0, 1022.0, 1021.0, 1022.0, 1023.0, 1022.0, 1022.0, 1023.0, 1021.0, 1021.0, 1022.0, 1023.0, 1023.0, 1022.0, 1022.0, 1023.0, 1021.0, 1023.0, 1023.0, 1023.0, 1022.0, 1022.0, 1023.0, 1022.0, 1021.0, 1022.0, 1022.0, 1021.0, 1023.0, 1022.0, 1021.0, 1020.0, 1022.0, 1023.0, 1022.0, 1023.0, 1022.0, 1023.0, 1022.0, 1021.0, 1023.0, 1022.0, 1021.0, 1022.0, 1023.0, 1023.0, 1021.0, 1023.0, 1021.0, 1022.0, 1021.0, 1023.0, 1023.0, 1023.0, 1021.0, 1023.0, 1021.0, 1022.0, 1023.0, 1023.0, 1023.0, 1020.0, 1023.0]
Is bad individual winner: 0
Real fitness of best good: 1022.0
Noisy fitness of best good: -1
Real fitness of best bad: -1
Noisy fitness of best bad: 1022.0

l: 107
Real fitness of mutation winner: 918.0
Noisy fitness of mutation winner: 918.0
Crossover offspring real fitness: [1023.0, 1022.0, 1023.0, 1022.0, 1022.0, 1021.0, 1023.0, 1021.0, 1022.0, 1020.0, 1023.0, 1023.0, 1021.0, 1021.0, 1021.0, 1021.0, 1023.0, 1023.0, 1020.0, 1022.0, 1022.0, 1022.0, 1023.0, 1023.0, 1023.0, 1020.0, 1021.0, 1022.0, 1023.0, 1022.0, 1022.0, 1022.0, 1021.0, 1023.0, 1022.0, 1021.0, 1021.0, 1022.0, 1021.0, 1023.0, 1023.0, 1022.0, 1021.0, 1022.0, 1022.0, 1022.0, 1023.0, 1023.0, 1019.0, 1021.0, 1022.0, 1022.0, 1023.0, 1022.0, 1020.0, 1019.0, 1022.0, 1023.0, 1023.0, 1021.0, 1018.0, 1022.0, 1023.0, 1023.0, 1021.0, 1023.0, 1023.0, 1022.0, 1022.0, 1022.0, 1019.0, 1022.0, 1022.0, 1022.0, 1023.0, 1023.0, 1021.0, 1022.0, 1023.0, 1023.0, 1021.0, 1023.0, 1023.0, 1021.0, 1020.0, 1022.0, 1023.0, 1022.0, 1020.0, 1023.0, 1021.0, 1022.0, 1023.0, 1023.0, 1022.0, 1023.0, 1021.0, 1023.0, 1022.0, 1023.0, 1022.0]
Crossover offspring noisy fitness: [1023.0, 1022.0, 1023.0, 1022.0, 1022.0, 1021.0, 1023.0, 1021.0, 1022.0, 1020.0, 1023.0, 1023.0, 1021.0, 1020.0, 1020.0, 1021.0, 1022.0, 1023.0, 1020.0, 1022.0, 1022.0, 1022.0, 1023.0, 1023.0, 1022.0, 1020.0, 1021.0, 1022.0, 1023.0, 1022.0, 1022.0, 1021.0, 1021.0, 1023.0, 1021.0, 1021.0, 1021.0, 1022.0, 1021.0, 1023.0, 1023.0, 1022.0, 1021.0, 1022.0, 1022.0, 1022.0, 1023.0, 1023.0, 1019.0, 1020.0, 1022.0, 1022.0, 1023.0, 1022.0, 1019.0, 1019.0, 1022.0, 1023.0, 1023.0, 1021.0, 1018.0, 1022.0, 1023.0, 1023.0, 1021.0, 1023.0, 1023.0, 1022.0, 1022.0, 1022.0, 1019.0, 1022.0, 1022.0, 1022.0, 1023.0, 1023.0, 1021.0, 1022.0, 1023.0, 1022.0, 1021.0, 1023.0, 1023.0, 1021.0, 1020.0, 1022.0, 1023.0, 1022.0, 1020.0, 1023.0, 1021.0, 1022.0, 1023.0, 1023.0, 1022.0, 1023.0, 1021.0, 1023.0, 1022.0, 1023.0, 1022.0]
Is bad individual winner: 0
Real fitness of best good: 1022.0
Noisy fitness of best good: -1
Real fitness of best bad: -1
Noisy fitness of best bad: 1022.0

l: 102
Real fitness of mutation winner: 923.0
Noisy fitness of mutation winner: 923.0
Crossover offspring real fitness: [1023.0, 1020.0, 1023.0, 1021.0, 1022.0, 1022.0, 1022.0, 1023.0, 1022.0, 1023.0, 1023.0, 1020.0, 1021.0, 1022.0, 1023.0, 1022.0, 1021.0, 1021.0, 1021.0, 1022.0, 1022.0, 1023.0, 1021.0, 1023.0, 1021.0, 1022.0, 1023.0, 1022.0, 1022.0, 1023.0, 1022.0, 1021.0, 1020.0, 1023.0, 1023.0, 1021.0, 1018.0, 1021.0, 1022.0, 1023.0, 1022.0, 1022.0, 1021.0, 1023.0, 1022.0, 1023.0, 1022.0, 1023.0, 1023.0, 1022.0, 1021.0, 1021.0, 1022.0, 1021.0, 1022.0, 1021.0, 1020.0, 1023.0, 1022.0, 1022.0, 1022.0, 1022.0, 1022.0, 1022.0, 1022.0, 1020.0, 1022.0, 1021.0, 1022.0, 1021.0, 1023.0, 1022.0, 1021.0, 1021.0, 1022.0, 1022.0, 1022.0, 1023.0, 1024.0, 1022.0, 1021.0, 1021.0, 1022.0, 1022.0, 1023.0, 1023.0, 1022.0, 1023.0, 1021.0, 1021.0, 1022.0, 1023.0, 1023.0, 1022.0, 1022.0, 1021.0, 1023.0, 1023.0, 1023.0, 1023.0, 1022.0]
Crossover offspring noisy fitness: [1023.0, 1020.0, 1023.0, 1021.0, 1022.0, 1022.0, 1022.0, 1023.0, 1022.0, 1023.0, 1023.0, 1020.0, 1021.0, 1022.0, 1023.0, 1022.0, 1021.0, 1021.0, 1021.0, 1022.0, 1022.0, 1023.0, 1021.0, 1023.0, 1021.0, 1022.0, 1023.0, 1022.0, 1022.0, 1023.0, 1022.0, 1021.0, 1020.0, 1023.0, 1023.0, 1021.0, 1018.0, 1021.0, 1022.0, 1023.0, 1022.0, 1022.0, 1021.0, 1023.0, 1022.0, 1023.0, 1022.0, 1023.0, 1023.0, 1022.0, 1021.0, 1021.0, 1022.0, 1021.0, 1022.0, 1020.0, 1020.0, 1023.0, 1022.0, 1022.0, 1022.0, 1022.0, 1022.0, 1022.0, 1022.0, 1020.0, 1022.0, 1021.0, 1022.0, 1021.0, 1023.0, 1022.0, 1021.0, 1021.0, 1021.0, 1022.0, 1022.0, 1023.0, 1024.0, 1022.0, 1020.0, 1021.0, 1022.0, 1022.0, 1023.0, 1023.0, 1022.0, 1023.0, 1021.0, 1021.0, 1022.0, 1023.0, 1023.0, 1022.0, 1022.0, 1021.0, 1023.0, 1023.0, 1022.0, 1023.0, 1022.0]
Is bad individual winner: 0
Real fitness of best good: 1022.0
Noisy fitness of best good: -1
Real fitness of best bad: -1
Noisy fitness of best bad: 1022.0

l: 103
Real fitness of mutation winner: 922.0
Noisy fitness of mutation winner: 922.0
Crossover offspring real fitness: [1023.0, 1021.0, 1022.0, 1021.0, 1021.0, 1022.0, 1022.0, 1021.0, 1021.0, 1022.0, 1022.0, 1022.0, 1022.0, 1021.0, 1023.0, 1022.0, 1023.0, 1022.0, 1023.0, 1021.0, 1023.0, 1022.0, 1023.0, 1023.0, 1022.0, 1023.0, 1021.0, 1022.0, 1020.0, 1021.0, 1023.0, 1023.0, 1023.0, 1022.0, 1023.0, 1021.0, 1023.0, 1023.0, 1023.0, 1023.0, 1023.0, 1022.0, 1023.0, 1023.0, 1021.0, 1021.0, 1021.0, 1022.0, 1022.0, 1022.0, 1022.0, 1021.0, 1023.0, 1022.0, 1023.0, 1023.0, 1022.0, 1020.0, 1023.0, 1022.0, 1021.0, 1023.0, 1022.0, 1021.0, 1023.0, 1022.0, 1022.0, 1023.0, 1023.0, 1022.0, 1018.0, 1021.0, 1022.0, 1021.0, 1023.0, 1023.0, 1021.0, 1022.0, 1023.0, 1023.0, 1021.0, 1022.0, 1021.0, 1021.0, 1022.0, 1021.0, 1023.0, 1023.0, 1023.0, 1022.0, 1020.0, 1023.0, 1022.0, 1023.0, 1023.0, 1023.0, 1021.0, 1022.0, 1022.0, 1023.0, 1023.0]
Crossover offspring noisy fitness: [1023.0, 1021.0, 1022.0, 1020.0, 1021.0, 1022.0, 1022.0, 1021.0, 1021.0, 1022.0, 1022.0, 1022.0, 1022.0, 1021.0, 1023.0, 1022.0, 1023.0, 1022.0, 1023.0, 1021.0, 1023.0, 1022.0, 1022.0, 1023.0, 1022.0, 1023.0, 1021.0, 1022.0, 1020.0, 1021.0, 1023.0, 1023.0, 1023.0, 1021.0, 1023.0, 1020.0, 1022.0, 1023.0, 1023.0, 1023.0, 1023.0, 1022.0, 1023.0, 1023.0, 1021.0, 1020.0, 1021.0, 1022.0, 1022.0, 1022.0, 1022.0, 1021.0, 1023.0, 1022.0, 1023.0, 1023.0, 1022.0, 1020.0, 1023.0, 1022.0, 1021.0, 1023.0, 1022.0, 1021.0, 1023.0, 1022.0, 1022.0, 1023.0, 1023.0, 1022.0, 1018.0, 1021.0, 1022.0, 1021.0, 1023.0, 1023.0, 1021.0, 1022.0, 1023.0, 1023.0, 1021.0, 1022.0, 1021.0, 1020.0, 1022.0, 1021.0, 1023.0, 1023.0, 1023.0, 1022.0, 1020.0, 1023.0, 1022.0, 1023.0, 1023.0, 1023.0, 1021.0, 1022.0, 1022.0, 1023.0, 1023.0]
Is bad individual winner: 0
Real fitness of best good: 1022.0
Noisy fitness of best good: -1
Real fitness of best bad: -1
Noisy fitness of best bad: 1022.0

l: 130
Real fitness of mutation winner: 895.0
Noisy fitness of mutation winner: 895.0
Crossover offspring real fitness: [1023.0, 1022.0, 1023.0, 1018.0, 1021.0, 1023.0, 1023.0, 1022.0, 1021.0, 1021.0, 1023.0, 1022.0, 1021.0, 1020.0, 1020.0, 1022.0, 1022.0, 1022.0, 1023.0, 1022.0, 1022.0, 1021.0, 1022.0, 1023.0, 1022.0, 1023.0, 1021.0, 1021.0, 1023.0, 1023.0, 1022.0, 1022.0, 1022.0, 1022.0, 1021.0, 1022.0, 1021.0, 1022.0, 1022.0, 1021.0, 1022.0, 1023.0, 1019.0, 1022.0, 1021.0, 1022.0, 1023.0, 1022.0, 1023.0, 1022.0, 1022.0, 1022.0, 1022.0, 1022.0, 1019.0, 1021.0, 1022.0, 1020.0, 1021.0, 1020.0, 1021.0, 1022.0, 1023.0, 1022.0, 1023.0, 1021.0, 1022.0, 1022.0, 1023.0, 1022.0, 1023.0, 1021.0, 1024.0, 1020.0, 1023.0, 1023.0, 1022.0, 1022.0, 1019.0, 1021.0, 1023.0, 1022.0, 1023.0, 1021.0, 1021.0, 1022.0, 1022.0, 1023.0, 1018.0, 1020.0, 1023.0, 1022.0, 1022.0, 1021.0, 1021.0, 1019.0, 1020.0, 1020.0, 1023.0, 1021.0, 1020.0]
Crossover offspring noisy fitness: [1023.0, 1022.0, 1023.0, 1018.0, 1021.0, 1023.0, 1023.0, 1021.0, 1021.0, 1021.0, 1023.0, 1022.0, 1021.0, 1020.0, 1020.0, 1022.0, 1022.0, 1022.0, 1023.0, 1022.0, 1022.0, 1021.0, 1022.0, 1023.0, 1022.0, 1023.0, 1021.0, 1021.0, 1023.0, 1023.0, 1022.0, 1021.0, 1022.0, 1022.0, 1021.0, 1022.0, 1021.0, 1022.0, 1022.0, 1020.0, 1021.0, 1023.0, 1019.0, 1022.0, 1021.0, 1022.0, 1023.0, 1022.0, 1023.0, 1022.0, 1022.0, 1021.0, 1022.0, 1022.0, 1019.0, 1021.0, 1022.0, 1020.0, 1021.0, 1020.0, 1020.0, 1022.0, 1023.0, 1022.0, 1023.0, 1021.0, 1020.0, 1022.0, 1023.0, 1022.0, 1023.0, 1021.0, 1024.0, 1020.0, 1023.0, 1023.0, 1022.0, 1022.0, 1018.0, 1021.0, 1023.0, 1022.0, 1023.0, 1021.0, 1021.0, 1022.0, 1022.0, 1023.0, 1018.0, 1020.0, 1023.0, 1022.0, 1022.0, 1021.0, 1021.0, 1019.0, 1020.0, 1019.0, 1023.0, 1021.0, 1020.0]
Is bad individual winner: 0
Real fitness of best good: 1022.0
Noisy fitness of best good: -1
Real fitness of best bad: -1
Noisy fitness of best bad: 1022.0

l: 99
Real fitness of mutation winner: 926.0
Noisy fitness of mutation winner: 926.0
Crossover offspring real fitness: [1022.0, 1022.0, 1022.0, 1021.0, 1022.0, 1023.0, 1022.0, 1021.0, 1021.0, 1021.0, 1023.0, 1022.0, 1021.0, 1021.0, 1023.0, 1021.0, 1022.0, 1021.0, 1023.0, 1021.0, 1022.0, 1022.0, 1023.0, 1023.0, 1021.0, 1022.0, 1023.0, 1021.0, 1022.0, 1020.0, 1022.0, 1019.0, 1022.0, 1020.0, 1022.0, 1023.0, 1022.0, 1022.0, 1022.0, 1022.0, 1022.0, 1023.0, 1023.0, 1021.0, 1023.0, 1022.0, 1023.0, 1023.0, 1021.0, 1022.0, 1021.0, 1019.0, 1021.0, 1023.0, 1022.0, 1023.0, 1022.0, 1020.0, 1023.0, 1022.0, 1022.0, 1022.0, 1022.0, 1023.0, 1023.0, 1021.0, 1023.0, 1023.0, 1023.0, 1021.0, 1022.0, 1019.0, 1023.0, 1022.0, 1022.0, 1023.0, 1022.0, 1023.0, 1023.0, 1022.0, 1022.0, 1021.0, 1022.0, 1023.0, 1022.0, 1023.0, 1023.0, 1023.0, 1022.0, 1022.0, 1022.0, 1022.0, 1021.0, 1023.0, 1021.0, 1022.0, 1023.0, 1023.0, 1021.0, 1021.0, 1022.0]
Crossover offspring noisy fitness: [1022.0, 1021.0, 1022.0, 1021.0, 1022.0, 1023.0, 1022.0, 1021.0, 1021.0, 1021.0, 1023.0, 1022.0, 1021.0, 1021.0, 1023.0, 1021.0, 1022.0, 1021.0, 1023.0, 1021.0, 1022.0, 1022.0, 1023.0, 1023.0, 1021.0, 1022.0, 1023.0, 1021.0, 1022.0, 1020.0, 1022.0, 1019.0, 1022.0, 1020.0, 1021.0, 1023.0, 1022.0, 1022.0, 1021.0, 1022.0, 1022.0, 1023.0, 1023.0, 1021.0, 1023.0, 1022.0, 1023.0, 1023.0, 1021.0, 1021.0, 1021.0, 1019.0, 1021.0, 1023.0, 1022.0, 1023.0, 1022.0, 1020.0, 1022.0, 1021.0, 1022.0, 1021.0, 1022.0, 1023.0, 1023.0, 1021.0, 1023.0, 1023.0, 1023.0, 1020.0, 1022.0, 1019.0, 1023.0, 1021.0, 1022.0, 1023.0, 1022.0, 1023.0, 1023.0, 1022.0, 1022.0, 1021.0, 1022.0, 1023.0, 1022.0, 1023.0, 1023.0, 1023.0, 1022.0, 1022.0, 1022.0, 1022.0, 1020.0, 1023.0, 1021.0, 1022.0, 1023.0, 1022.0, 1020.0, 1021.0, 1022.0]
Is bad individual winner: 0
Real fitness of best good: 1022.0
Noisy fitness of best good: -1
Real fitness of best bad: -1
Noisy fitness of best bad: 1022.0

l: 116
Real fitness of mutation winner: 909.0
Noisy fitness of mutation winner: 910.0
Crossover offspring real fitness: [1023.0, 1022.0, 1023.0, 1022.0, 1022.0, 1021.0, 1021.0, 1023.0, 1018.0, 1022.0, 1023.0, 1023.0, 1023.0, 1023.0, 1022.0, 1022.0, 1021.0, 1023.0, 1023.0, 1021.0, 1022.0, 1022.0, 1019.0, 1022.0, 1019.0, 1022.0, 1023.0, 1022.0, 1023.0, 1020.0, 1019.0, 1021.0, 1023.0, 1021.0, 1022.0, 1022.0, 1021.0, 1022.0, 1022.0, 1022.0, 1020.0, 1022.0, 1021.0, 1022.0, 1022.0, 1023.0, 1023.0, 1022.0, 1022.0, 1021.0, 1022.0, 1023.0, 1022.0, 1022.0, 1020.0, 1021.0, 1023.0, 1021.0, 1020.0, 1021.0, 1022.0, 1020.0, 1022.0, 1022.0, 1023.0, 1022.0, 1021.0, 1022.0, 1023.0, 1022.0, 1022.0, 1023.0, 1022.0, 1023.0, 1023.0, 1020.0, 1023.0, 1020.0, 1023.0, 1023.0, 1022.0, 1021.0, 1022.0, 1023.0, 1022.0, 1022.0, 1021.0, 1023.0, 1022.0, 1022.0, 1021.0, 1020.0, 1022.0, 1023.0, 1023.0, 1023.0, 1022.0, 1022.0, 1022.0, 1021.0, 1023.0]
Crossover offspring noisy fitness: [1023.0, 1022.0, 1023.0, 1022.0, 1022.0, 1021.0, 1021.0, 1023.0, 1018.0, 1022.0, 1023.0, 1023.0, 1023.0, 1023.0, 1022.0, 1022.0, 1021.0, 1023.0, 1022.0, 1021.0, 1022.0, 1022.0, 1019.0, 1022.0, 1019.0, 1022.0, 1023.0, 1022.0, 1023.0, 1020.0, 1019.0, 1021.0, 1023.0, 1021.0, 1022.0, 1021.0, 1021.0, 1022.0, 1022.0, 1022.0, 1020.0, 1022.0, 1021.0, 1022.0, 1022.0, 1023.0, 1023.0, 1022.0, 1022.0, 1021.0, 1022.0, 1023.0, 1022.0, 1022.0, 1020.0, 1020.0, 1023.0, 1021.0, 1020.0, 1021.0, 1022.0, 1020.0, 1022.0, 1022.0, 1023.0, 1022.0, 1020.0, 1022.0, 1023.0, 1022.0, 1022.0, 1023.0, 1022.0, 1023.0, 1023.0, 1020.0, 1023.0, 1020.0, 1023.0, 1023.0, 1022.0, 1021.0, 1022.0, 1023.0, 1022.0, 1022.0, 1021.0, 1023.0, 1022.0, 1022.0, 1021.0, 1020.0, 1022.0, 1023.0, 1023.0, 1023.0, 1022.0, 1022.0, 1022.0, 1021.0, 1023.0]
Is bad individual winner: 0
Real fitness of best good: 1022.0
Noisy fitness of best good: -1
Real fitness of best bad: -1
Noisy fitness of best bad: 1022.0

l: 114
Real fitness of mutation winner: 911.0
Noisy fitness of mutation winner: 911.0
Crossover offspring real fitness: [1023.0, 1022.0, 1023.0, 1022.0, 1023.0, 1021.0, 1023.0, 1023.0, 1022.0, 1020.0, 1022.0, 1023.0, 1023.0, 1022.0, 1020.0, 1021.0, 1023.0, 1022.0, 1023.0, 1022.0, 1021.0, 1022.0, 1019.0, 1023.0, 1022.0, 1023.0, 1023.0, 1021.0, 1021.0, 1021.0, 1021.0, 1022.0, 1021.0, 1022.0, 1022.0, 1022.0, 1020.0, 1023.0, 1022.0, 1022.0, 1020.0, 1021.0, 1021.0, 1021.0, 1020.0, 1023.0, 1020.0, 1019.0, 1022.0, 1023.0, 1023.0, 1023.0, 1023.0, 1021.0, 1022.0, 1022.0, 1022.0, 1023.0, 1023.0, 1021.0, 1023.0, 1023.0, 1022.0, 1022.0, 1023.0, 1021.0, 1022.0, 1020.0, 1021.0, 1021.0, 1023.0, 1021.0, 1022.0, 1020.0, 1022.0, 1023.0, 1022.0, 1023.0, 1022.0, 1021.0, 1023.0, 1021.0, 1022.0, 1023.0, 1021.0, 1022.0, 1021.0, 1023.0, 1022.0, 1022.0, 1019.0, 1021.0, 1021.0, 1023.0, 1022.0, 1021.0, 1022.0, 1023.0, 1023.0, 1022.0, 1020.0]
Crossover offspring noisy fitness: [1023.0, 1022.0, 1023.0, 1022.0, 1023.0, 1021.0, 1023.0, 1023.0, 1022.0, 1020.0, 1022.0, 1023.0, 1023.0, 1022.0, 1020.0, 1021.0, 1023.0, 1022.0, 1023.0, 1022.0, 1021.0, 1022.0, 1019.0, 1023.0, 1022.0, 1023.0, 1023.0, 1021.0, 1021.0, 1021.0, 1021.0, 1022.0, 1021.0, 1021.0, 1021.0, 1022.0, 1020.0, 1023.0, 1021.0, 1022.0, 1020.0, 1021.0, 1021.0, 1021.0, 1020.0, 1023.0, 1020.0, 1019.0, 1021.0, 1023.0, 1023.0, 1023.0, 1023.0, 1021.0, 1022.0, 1022.0, 1022.0, 1023.0, 1022.0, 1021.0, 1023.0, 1023.0, 1022.0, 1022.0, 1023.0, 1021.0, 1022.0, 1020.0, 1021.0, 1021.0, 1023.0, 1021.0, 1022.0, 1020.0, 1022.0, 1023.0, 1022.0, 1023.0, 1021.0, 1021.0, 1023.0, 1021.0, 1022.0, 1023.0, 1021.0, 1022.0, 1021.0, 1023.0, 1022.0, 1022.0, 1019.0, 1021.0, 1020.0, 1023.0, 1022.0, 1021.0, 1022.0, 1023.0, 1023.0, 1022.0, 1020.0]
Is bad individual winner: 0
Real fitness of best good: 1022.0
Noisy fitness of best good: -1
Real fitness of best bad: -1
Noisy fitness of best bad: 1022.0

l: 102
Real fitness of mutation winner: 923.0
Noisy fitness of mutation winner: 923.0
Crossover offspring real fitness: [1023.0, 1023.0, 1022.0, 1022.0, 1021.0, 1022.0, 1023.0, 1022.0, 1022.0, 1021.0, 1023.0, 1022.0, 1021.0, 1021.0, 1023.0, 1023.0, 1023.0, 1021.0, 1023.0, 1022.0, 1023.0, 1023.0, 1023.0, 1022.0, 1023.0, 1022.0, 1021.0, 1022.0, 1020.0, 1022.0, 1023.0, 1022.0, 1021.0, 1022.0, 1023.0, 1022.0, 1020.0, 1022.0, 1023.0, 1022.0, 1021.0, 1022.0, 1023.0, 1022.0, 1022.0, 1023.0, 1019.0, 1023.0, 1023.0, 1021.0, 1022.0, 1021.0, 1022.0, 1022.0, 1023.0, 1022.0, 1022.0, 1023.0, 1022.0, 1023.0, 1022.0, 1021.0, 1020.0, 1022.0, 1022.0, 1022.0, 1024.0, 1023.0, 1023.0, 1022.0, 1022.0, 1023.0, 1023.0, 1022.0, 1023.0, 1023.0, 1020.0, 1019.0, 1023.0, 1022.0, 1022.0, 1020.0, 1023.0, 1022.0, 1020.0, 1022.0, 1023.0, 1023.0, 1022.0, 1022.0, 1019.0, 1022.0, 1022.0, 1023.0, 1021.0, 1023.0, 1022.0, 1023.0, 1023.0, 1022.0, 1022.0]
Crossover offspring noisy fitness: [1023.0, 1023.0, 1022.0, 1022.0, 1021.0, 1022.0, 1023.0, 1022.0, 1022.0, 1021.0, 1023.0, 1022.0, 1021.0, 1021.0, 1023.0, 1023.0, 1023.0, 1021.0, 1023.0, 1022.0, 1022.0, 1023.0, 1023.0, 1022.0, 1023.0, 1021.0, 1021.0, 1022.0, 1020.0, 1022.0, 1023.0, 1021.0, 1021.0, 1022.0, 1023.0, 1022.0, 1020.0, 1022.0, 1023.0, 1022.0, 1021.0, 1022.0, 1023.0, 1022.0, 1022.0, 1023.0, 1019.0, 1023.0, 1023.0, 1021.0, 1022.0, 1021.0, 1022.0, 1022.0, 1023.0, 1021.0, 1022.0, 1023.0, 1021.0, 1023.0, 1022.0, 1021.0, 1020.0, 1022.0, 1022.0, 1022.0, 1024.0, 1023.0, 1023.0, 1022.0, 1022.0, 1023.0, 1021.0, 1022.0, 1021.0, 1023.0, 1020.0, 1019.0, 1023.0, 1022.0, 1022.0, 1020.0, 1023.0, 1022.0, 1020.0, 1022.0, 1023.0, 1022.0, 1022.0, 1022.0, 1019.0, 1022.0, 1022.0, 1023.0, 1021.0, 1023.0, 1022.0, 1023.0, 1023.0, 1022.0, 1022.0]
Is bad individual winner: 0
Real fitness of best good: 1022.0
Noisy fitness of best good: -1
Real fitness of best bad: -1
Noisy fitness of best bad: 1022.0

l: 99
Real fitness of mutation winner: 926.0
Noisy fitness of mutation winner: 926.0
Crossover offspring real fitness: [1020.0, 1022.0, 1022.0, 1022.0, 1023.0, 1021.0, 1020.0, 1023.0, 1022.0, 1023.0, 1023.0, 1023.0, 1022.0, 1022.0, 1023.0, 1022.0, 1023.0, 1023.0, 1022.0, 1023.0, 1022.0, 1022.0, 1022.0, 1021.0, 1023.0, 1023.0, 1023.0, 1023.0, 1023.0, 1022.0, 1023.0, 1023.0, 1019.0, 1022.0, 1022.0, 1021.0, 1023.0, 1022.0, 1021.0, 1023.0, 1023.0, 1023.0, 1023.0, 1021.0, 1023.0, 1023.0, 1023.0, 1023.0, 1021.0, 1023.0, 1020.0, 1022.0, 1023.0, 1021.0, 1023.0, 1022.0, 1020.0, 1020.0, 1021.0, 1023.0, 1022.0, 1021.0, 1022.0, 1022.0, 1021.0, 1023.0, 1023.0, 1021.0, 1022.0, 1020.0, 1023.0, 1023.0, 1020.0, 1023.0, 1022.0, 1022.0, 1023.0, 1021.0, 1022.0, 1021.0, 1023.0, 1022.0, 1021.0, 1021.0, 1022.0, 1019.0, 1022.0, 1023.0, 1022.0, 1022.0, 1021.0, 1023.0, 1023.0, 1021.0, 1023.0, 1022.0, 1022.0, 1022.0, 1023.0, 1020.0, 1023.0]
Crossover offspring noisy fitness: [1020.0, 1022.0, 1022.0, 1022.0, 1023.0, 1021.0, 1020.0, 1023.0, 1022.0, 1023.0, 1023.0, 1023.0, 1022.0, 1022.0, 1022.0, 1022.0, 1023.0, 1023.0, 1022.0, 1022.0, 1022.0, 1022.0, 1022.0, 1021.0, 1023.0, 1023.0, 1023.0, 1023.0, 1023.0, 1022.0, 1023.0, 1023.0, 1019.0, 1022.0, 1022.0, 1021.0, 1023.0, 1022.0, 1021.0, 1023.0, 1023.0, 1023.0, 1023.0, 1021.0, 1023.0, 1023.0, 1023.0, 1023.0, 1021.0, 1023.0, 1020.0, 1022.0, 1023.0, 1021.0, 1023.0, 1022.0, 1020.0, 1020.0, 1021.0, 1023.0, 1022.0, 1021.0, 1022.0, 1022.0, 1021.0, 1023.0, 1023.0, 1021.0, 1022.0, 1020.0, 1023.0, 1022.0, 1020.0, 1023.0, 1022.0, 1022.0, 1023.0, 1021.0, 1022.0, 1021.0, 1023.0, 1022.0, 1021.0, 1020.0, 1022.0, 1019.0, 1022.0, 1023.0, 1022.0, 1022.0, 1021.0, 1023.0, 1023.0, 1021.0, 1023.0, 1022.0, 1022.0, 1022.0, 1023.0, 1020.0, 1023.0]
Is bad individual winner: 0
Real fitness of best good: 1022.0
Noisy fitness of best good: -1
Real fitness of best bad: -1
Noisy fitness of best bad: 1022.0

l: 114
Real fitness of mutation winner: 911.0
Noisy fitness of mutation winner: 912.0
Crossover offspring real fitness: [1022.0, 1023.0, 1023.0, 1022.0, 1020.0, 1022.0, 1022.0, 1021.0, 1022.0, 1022.0, 1021.0, 1023.0, 1023.0, 1021.0, 1022.0, 1019.0, 1023.0, 1023.0, 1020.0, 1024.0, 1020.0, 1022.0, 1022.0, 1022.0, 1023.0, 1022.0, 1021.0, 1021.0, 1022.0, 1022.0, 1021.0, 1022.0, 1023.0, 1022.0, 1020.0, 1023.0, 1021.0, 1023.0, 1021.0, 1022.0, 1022.0, 1020.0, 1022.0, 1021.0, 1023.0, 1021.0, 1023.0, 1023.0, 1022.0, 1020.0, 1022.0, 1020.0, 1021.0, 1023.0, 1023.0, 1023.0, 1023.0, 1018.0, 1023.0, 1023.0, 1022.0, 1023.0, 1022.0, 1021.0, 1022.0, 1023.0, 1022.0, 1021.0, 1021.0, 1022.0, 1022.0, 1022.0, 1023.0, 1023.0, 1022.0, 1022.0, 1022.0, 1023.0, 1023.0, 1023.0, 1022.0, 1021.0, 1022.0, 1022.0, 1021.0, 1022.0, 1022.0, 1022.0, 1022.0, 1022.0, 1021.0, 1020.0, 1023.0, 1022.0, 1021.0, 1021.0, 1023.0, 1023.0, 1022.0, 1022.0, 1023.0]
Crossover offspring noisy fitness: [1022.0, 1023.0, 1023.0, 1022.0, 1020.0, 1022.0, 1022.0, 1021.0, 1022.0, 1021.0, 1021.0, 1023.0, 1023.0, 1020.0, 1022.0, 1019.0, 1023.0, 1023.0, 1020.0, 1024.0, 1020.0, 1022.0, 1022.0, 1022.0, 1023.0, 1022.0, 1021.0, 1021.0, 1022.0, 1021.0, 1021.0, 1022.0, 1023.0, 1022.0, 1020.0, 1021.0, 1021.0, 1023.0, 1021.0, 1022.0, 1022.0, 1019.0, 1022.0, 1020.0, 1023.0, 1021.0, 1023.0, 1023.0, 1021.0, 1020.0, 1022.0, 1020.0, 1021.0, 1023.0, 1023.0, 1023.0, 1023.0, 1018.0, 1023.0, 1023.0, 1022.0, 1023.0, 1022.0, 1021.0, 1022.0, 1023.0, 1022.0, 1021.0, 1021.0, 1022.0, 1022.0, 1022.0, 1023.0, 1023.0, 1022.0, 1022.0, 1022.0, 1023.0, 1023.0, 1023.0, 1022.0, 1021.0, 1022.0, 1021.0, 1021.0, 1022.0, 1021.0, 1022.0, 1022.0, 1022.0, 1021.0, 1020.0, 1023.0, 1022.0, 1021.0, 1021.0, 1023.0, 1023.0, 1022.0, 1022.0, 1023.0]
Is bad individual winner: 0
Real fitness of best good: 1022.0
Noisy fitness of best good: -1
Real fitness of best bad: -1
Noisy fitness of best bad: 1022.0

l: 120
Real fitness of mutation winner: 905.0
Noisy fitness of mutation winner: 905.0
Crossover offspring real fitness: [1022.0, 1023.0, 1020.0, 1023.0, 1021.0, 1021.0, 1021.0, 1021.0, 1023.0, 1022.0, 1023.0, 1022.0, 1023.0, 1021.0, 1021.0, 1021.0, 1021.0, 1021.0, 1021.0, 1023.0, 1021.0, 1023.0, 1021.0, 1021.0, 1023.0, 1022.0, 1023.0, 1021.0, 1021.0, 1023.0, 1023.0, 1021.0, 1023.0, 1021.0, 1021.0, 1023.0, 1022.0, 1022.0, 1022.0, 1023.0, 1021.0, 1022.0, 1023.0, 1023.0, 1022.0, 1020.0, 1022.0, 1022.0, 1022.0, 1021.0, 1020.0, 1020.0, 1020.0, 1021.0, 1022.0, 1023.0, 1021.0, 1021.0, 1021.0, 1022.0, 1021.0, 1022.0, 1022.0, 1020.0, 1021.0, 1022.0, 1023.0, 1023.0, 1022.0, 1022.0, 1021.0, 1020.0, 1020.0, 1021.0, 1021.0, 1021.0, 1022.0, 1023.0, 1022.0, 1022.0, 1023.0, 1022.0, 1021.0, 1023.0, 1021.0, 1020.0, 1021.0, 1023.0, 1022.0, 1021.0, 1020.0, 1023.0, 1022.0, 1023.0, 1021.0, 1018.0, 1022.0, 1023.0, 1022.0, 1022.0, 1022.0]
Crossover offspring noisy fitness: [1022.0, 1023.0, 1020.0, 1023.0, 1021.0, 1021.0, 1021.0, 1021.0, 1023.0, 1022.0, 1023.0, 1022.0, 1023.0, 1021.0, 1021.0, 1021.0, 1021.0, 1021.0, 1021.0, 1023.0, 1021.0, 1022.0, 1021.0, 1020.0, 1023.0, 1022.0, 1023.0, 1021.0, 1021.0, 1023.0, 1023.0, 1021.0, 1023.0, 1021.0, 1020.0, 1023.0, 1022.0, 1022.0, 1022.0, 1023.0, 1021.0, 1022.0, 1023.0, 1023.0, 1022.0, 1020.0, 1022.0, 1022.0, 1022.0, 1021.0, 1020.0, 1020.0, 1020.0, 1021.0, 1022.0, 1023.0, 1021.0, 1021.0, 1021.0, 1022.0, 1021.0, 1022.0, 1022.0, 1020.0, 1021.0, 1022.0, 1022.0, 1023.0, 1022.0, 1022.0, 1021.0, 1020.0, 1020.0, 1021.0, 1021.0, 1020.0, 1022.0, 1023.0, 1022.0, 1021.0, 1023.0, 1022.0, 1021.0, 1023.0, 1021.0, 1020.0, 1021.0, 1022.0, 1022.0, 1021.0, 1020.0, 1022.0, 1022.0, 1023.0, 1021.0, 1018.0, 1021.0, 1023.0, 1022.0, 1022.0, 1022.0]
Is bad individual winner: 0
Real fitness of best good: 1022.0
Noisy fitness of best good: -1
Real fitness of best bad: -1
Noisy fitness of best bad: 1022.0

l: 104
Real fitness of mutation winner: 921.0
Noisy fitness of mutation winner: 921.0
Crossover offspring real fitness: [1022.0, 1023.0, 1022.0, 1022.0, 1023.0, 1022.0, 1020.0, 1022.0, 1022.0, 1023.0, 1021.0, 1023.0, 1021.0, 1023.0, 1022.0, 1023.0, 1020.0, 1022.0, 1022.0, 1021.0, 1023.0, 1022.0, 1022.0, 1021.0, 1023.0, 1023.0, 1021.0, 1022.0, 1020.0, 1023.0, 1023.0, 1021.0, 1022.0, 1021.0, 1023.0, 1022.0, 1023.0, 1020.0, 1020.0, 1021.0, 1021.0, 1022.0, 1023.0, 1022.0, 1020.0, 1023.0, 1022.0, 1022.0, 1022.0, 1022.0, 1022.0, 1023.0, 1021.0, 1023.0, 1022.0, 1024.0, 1023.0, 1022.0, 1023.0, 1022.0, 1023.0, 1022.0, 1023.0, 1022.0, 1022.0, 1021.0, 1020.0, 1022.0, 1021.0, 1023.0, 1022.0, 1020.0, 1022.0, 1023.0, 1023.0, 1023.0, 1023.0, 1022.0, 1023.0, 1023.0, 1021.0, 1023.0, 1023.0, 1022.0, 1023.0, 1020.0, 1022.0, 1023.0, 1021.0, 1022.0, 1023.0, 1023.0, 1021.0, 1023.0, 1021.0, 1023.0, 1022.0, 1022.0, 1023.0, 1022.0, 1022.0]
Crossover offspring noisy fitness: [1022.0, 1023.0, 1022.0, 1022.0, 1023.0, 1022.0, 1020.0, 1022.0, 1022.0, 1023.0, 1021.0, 1023.0, 1020.0, 1023.0, 1022.0, 1023.0, 1020.0, 1022.0, 1022.0, 1021.0, 1023.0, 1022.0, 1022.0, 1021.0, 1023.0, 1023.0, 1021.0, 1022.0, 1020.0, 1023.0, 1023.0, 1020.0, 1022.0, 1021.0, 1023.0, 1022.0, 1023.0, 1020.0, 1020.0, 1021.0, 1021.0, 1022.0, 1023.0, 1022.0, 1020.0, 1023.0, 1022.0, 1022.0, 1022.0, 1022.0, 1022.0, 1023.0, 1021.0, 1023.0, 1022.0, 1024.0, 1023.0, 1022.0, 1023.0, 1022.0, 1023.0, 1022.0, 1023.0, 1022.0, 1022.0, 1021.0, 1020.0, 1022.0, 1021.0, 1023.0, 1022.0, 1020.0, 1022.0, 1023.0, 1023.0, 1023.0, 1023.0, 1022.0, 1023.0, 1023.0, 1021.0, 1023.0, 1023.0, 1022.0, 1023.0, 1020.0, 1022.0, 1023.0, 1021.0, 1022.0, 1022.0, 1023.0, 1020.0, 1023.0, 1021.0, 1023.0, 1022.0, 1022.0, 1023.0, 1022.0, 1022.0]
Is bad individual winner: 0
Real fitness of best good: 1022.0
Noisy fitness of best good: -1
Real fitness of best bad: -1
Noisy fitness of best bad: 1022.0

l: 103
Real fitness of mutation winner: 922.0
Noisy fitness of mutation winner: 922.0
Crossover offspring real fitness: [1021.0, 1022.0, 1021.0, 1022.0, 1022.0, 1022.0, 1021.0, 1022.0, 1023.0, 1020.0, 1021.0, 1019.0, 1022.0, 1022.0, 1023.0, 1023.0, 1023.0, 1023.0, 1020.0, 1023.0, 1021.0, 1022.0, 1022.0, 1022.0, 1021.0, 1022.0, 1022.0, 1021.0, 1022.0, 1023.0, 1021.0, 1023.0, 1021.0, 1020.0, 1022.0, 1023.0, 1022.0, 1023.0, 1022.0, 1023.0, 1023.0, 1023.0, 1020.0, 1022.0, 1022.0, 1022.0, 1022.0, 1022.0, 1022.0, 1022.0, 1022.0, 1018.0, 1021.0, 1022.0, 1022.0, 1023.0, 1020.0, 1023.0, 1023.0, 1022.0, 1020.0, 1023.0, 1022.0, 1022.0, 1023.0, 1023.0, 1023.0, 1022.0, 1021.0, 1022.0, 1022.0, 1021.0, 1023.0, 1023.0, 1022.0, 1022.0, 1023.0, 1023.0, 1021.0, 1023.0, 1021.0, 1022.0, 1023.0, 1022.0, 1022.0, 1023.0, 1023.0, 1023.0, 1022.0, 1023.0, 1022.0, 1023.0, 1019.0, 1023.0, 1022.0, 1022.0, 1023.0, 1022.0, 1022.0, 1022.0, 1022.0]
Crossover offspring noisy fitness: [1021.0, 1022.0, 1021.0, 1022.0, 1022.0, 1022.0, 1021.0, 1022.0, 1023.0, 1020.0, 1021.0, 1019.0, 1021.0, 1022.0, 1023.0, 1023.0, 1023.0, 1022.0, 1020.0, 1023.0, 1021.0, 1022.0, 1022.0, 1022.0, 1020.0, 1022.0, 1022.0, 1021.0, 1022.0, 1023.0, 1021.0, 1023.0, 1021.0, 1020.0, 1022.0, 1023.0, 1022.0, 1023.0, 1022.0, 1023.0, 1023.0, 1023.0, 1020.0, 1022.0, 1022.0, 1022.0, 1022.0, 1022.0, 1022.0, 1022.0, 1022.0, 1018.0, 1021.0, 1022.0, 1022.0, 1023.0, 1020.0, 1023.0, 1023.0, 1022.0, 1020.0, 1023.0, 1022.0, 1022.0, 1023.0, 1023.0, 1023.0, 1022.0, 1020.0, 1022.0, 1022.0, 1020.0, 1023.0, 1023.0, 1022.0, 1022.0, 1023.0, 1023.0, 1021.0, 1023.0, 1021.0, 1022.0, 1023.0, 1022.0, 1022.0, 1023.0, 1023.0, 1023.0, 1022.0, 1023.0, 1021.0, 1023.0, 1019.0, 1023.0, 1022.0, 1022.0, 1023.0, 1022.0, 1022.0, 1022.0, 1022.0]
Is bad individual winner: 0
Real fitness of best good: 1022.0
Noisy fitness of best good: -1
Real fitness of best bad: -1
Noisy fitness of best bad: 1022.0

l: 122
Real fitness of mutation winner: 903.0
Noisy fitness of mutation winner: 903.0
Crossover offspring real fitness: [1023.0, 1022.0, 1022.0, 1022.0, 1021.0, 1022.0, 1021.0, 1021.0, 1021.0, 1023.0, 1023.0, 1023.0, 1022.0, 1021.0, 1022.0, 1021.0, 1022.0, 1021.0, 1022.0, 1022.0, 1022.0, 1023.0, 1022.0, 1021.0, 1022.0, 1023.0, 1023.0, 1023.0, 1023.0, 1023.0, 1022.0, 1023.0, 1021.0, 1020.0, 1022.0, 1023.0, 1021.0, 1022.0, 1023.0, 1023.0, 1023.0, 1022.0, 1022.0, 1023.0, 1022.0, 1023.0, 1023.0, 1022.0, 1021.0, 1022.0, 1022.0, 1023.0, 1023.0, 1020.0, 1021.0, 1022.0, 1021.0, 1023.0, 1022.0, 1021.0, 1022.0, 1023.0, 1021.0, 1020.0, 1023.0, 1022.0, 1022.0, 1023.0, 1021.0, 1022.0, 1022.0, 1023.0, 1023.0, 1021.0, 1022.0, 1023.0, 1022.0, 1022.0, 1020.0, 1020.0, 1022.0, 1022.0, 1021.0, 1023.0, 1021.0, 1023.0, 1023.0, 1023.0, 1022.0, 1023.0, 1021.0, 1021.0, 1022.0, 1021.0, 1022.0, 1023.0, 1021.0, 1022.0, 1022.0, 1023.0, 1022.0]
Crossover offspring noisy fitness: [1023.0, 1022.0, 1022.0, 1022.0, 1021.0, 1022.0, 1021.0, 1021.0, 1021.0, 1023.0, 1023.0, 1023.0, 1022.0, 1021.0, 1022.0, 1021.0, 1022.0, 1021.0, 1022.0, 1022.0, 1022.0, 1023.0, 1022.0, 1021.0, 1022.0, 1023.0, 1023.0, 1023.0, 1023.0, 1023.0, 1022.0, 1023.0, 1021.0, 1020.0, 1022.0, 1023.0, 1021.0, 1022.0, 1023.0, 1023.0, 1023.0, 1022.0, 1022.0, 1023.0, 1022.0, 1022.0, 1023.0, 1022.0, 1020.0, 1022.0, 1022.0, 1023.0, 1023.0, 1020.0, 1021.0, 1022.0, 1021.0, 1023.0, 1022.0, 1021.0, 1022.0, 1023.0, 1021.0, 1020.0, 1023.0, 1022.0, 1022.0, 1023.0, 1021.0, 1022.0, 1022.0, 1023.0, 1023.0, 1021.0, 1022.0, 1023.0, 1022.0, 1022.0, 1020.0, 1020.0, 1022.0, 1022.0, 1021.0, 1023.0, 1021.0, 1023.0, 1023.0, 1022.0, 1022.0, 1023.0, 1020.0, 1021.0, 1022.0, 1021.0, 1022.0, 1023.0, 1021.0, 1022.0, 1022.0, 1023.0, 1021.0]
Is bad individual winner: 0
Real fitness of best good: 1022.0
Noisy fitness of best good: -1
Real fitness of best bad: -1
Noisy fitness of best bad: 1022.0

l: 99
Real fitness of mutation winner: 926.0
Noisy fitness of mutation winner: 926.0
Crossover offspring real fitness: [1022.0, 1023.0, 1023.0, 1022.0, 1023.0, 1022.0, 1022.0, 1023.0, 1021.0, 1023.0, 1022.0, 1023.0, 1023.0, 1022.0, 1021.0, 1023.0, 1022.0, 1022.0, 1023.0, 1023.0, 1020.0, 1022.0, 1022.0, 1021.0, 1023.0, 1023.0, 1023.0, 1022.0, 1022.0, 1021.0, 1023.0, 1022.0, 1023.0, 1023.0, 1021.0, 1023.0, 1021.0, 1020.0, 1022.0, 1023.0, 1020.0, 1022.0, 1022.0, 1021.0, 1022.0, 1022.0, 1022.0, 1022.0, 1023.0, 1022.0, 1021.0, 1021.0, 1021.0, 1021.0, 1023.0, 1021.0, 1023.0, 1023.0, 1021.0, 1022.0, 1020.0, 1021.0, 1021.0, 1022.0, 1022.0, 1022.0, 1022.0, 1022.0, 1022.0, 1023.0, 1021.0, 1023.0, 1023.0, 1022.0, 1023.0, 1023.0, 1022.0, 1021.0, 1023.0, 1023.0, 1022.0, 1022.0, 1023.0, 1023.0, 1023.0, 1023.0, 1023.0, 1022.0, 1022.0, 1023.0, 1023.0, 1022.0, 1023.0, 1022.0, 1023.0, 1023.0, 1022.0, 1022.0, 1021.0, 1023.0, 1021.0]
Crossover offspring noisy fitness: [1022.0, 1023.0, 1023.0, 1022.0, 1023.0, 1022.0, 1022.0, 1023.0, 1021.0, 1023.0, 1022.0, 1023.0, 1023.0, 1022.0, 1021.0, 1023.0, 1022.0, 1022.0, 1023.0, 1023.0, 1020.0, 1022.0, 1022.0, 1021.0, 1023.0, 1023.0, 1023.0, 1022.0, 1021.0, 1021.0, 1023.0, 1022.0, 1023.0, 1023.0, 1021.0, 1023.0, 1021.0, 1020.0, 1022.0, 1023.0, 1020.0, 1022.0, 1022.0, 1021.0, 1022.0, 1022.0, 1022.0, 1022.0, 1023.0, 1022.0, 1021.0, 1021.0, 1021.0, 1020.0, 1023.0, 1021.0, 1023.0, 1023.0, 1021.0, 1022.0, 1020.0, 1021.0, 1021.0, 1022.0, 1022.0, 1022.0, 1022.0, 1022.0, 1022.0, 1023.0, 1021.0, 1023.0, 1023.0, 1022.0, 1023.0, 1023.0, 1021.0, 1021.0, 1023.0, 1023.0, 1022.0, 1022.0, 1023.0, 1023.0, 1023.0, 1023.0, 1023.0, 1022.0, 1022.0, 1023.0, 1022.0, 1022.0, 1023.0, 1022.0, 1023.0, 1023.0, 1022.0, 1022.0, 1021.0, 1023.0, 1021.0]
Is bad individual winner: 0
Real fitness of best good: 1022.0
Noisy fitness of best good: -1
Real fitness of best bad: -1
Noisy fitness of best bad: 1022.0

l: 118
Real fitness of mutation winner: 907.0
Noisy fitness of mutation winner: 907.0
Crossover offspring real fitness: [1023.0, 1021.0, 1022.0, 1021.0, 1023.0, 1021.0, 1022.0, 1021.0, 1021.0, 1022.0, 1023.0, 1020.0, 1023.0, 1021.0, 1022.0, 1022.0, 1021.0, 1020.0, 1018.0, 1020.0, 1023.0, 1023.0, 1023.0, 1023.0, 1023.0, 1022.0, 1023.0, 1021.0, 1022.0, 1021.0, 1020.0, 1021.0, 1021.0, 1023.0, 1023.0, 1020.0, 1021.0, 1022.0, 1023.0, 1021.0, 1023.0, 1022.0, 1023.0, 1022.0, 1023.0, 1022.0, 1018.0, 1023.0, 1022.0, 1021.0, 1023.0, 1023.0, 1022.0, 1022.0, 1021.0, 1020.0, 1021.0, 1022.0, 1022.0, 1023.0, 1018.0, 1021.0, 1023.0, 1022.0, 1023.0, 1023.0, 1021.0, 1021.0, 1022.0, 1022.0, 1023.0, 1023.0, 1023.0, 1022.0, 1022.0, 1021.0, 1021.0, 1023.0, 1023.0, 1022.0, 1022.0, 1023.0, 1023.0, 1021.0, 1021.0, 1022.0, 1023.0, 1023.0, 1022.0, 1021.0, 1022.0, 1020.0, 1022.0, 1022.0, 1023.0, 1022.0, 1023.0, 1017.0, 1022.0, 1022.0, 1023.0]
Crossover offspring noisy fitness: [1023.0, 1021.0, 1022.0, 1020.0, 1023.0, 1020.0, 1022.0, 1021.0, 1021.0, 1022.0, 1022.0, 1019.0, 1023.0, 1021.0, 1022.0, 1022.0, 1021.0, 1020.0, 1018.0, 1020.0, 1023.0, 1023.0, 1023.0, 1023.0, 1023.0, 1022.0, 1023.0, 1020.0, 1022.0, 1021.0, 1020.0, 1021.0, 1021.0, 1023.0, 1023.0, 1020.0, 1021.0, 1022.0, 1023.0, 1021.0, 1023.0, 1022.0, 1023.0, 1022.0, 1023.0, 1022.0, 1018.0, 1023.0, 1022.0, 1021.0, 1023.0, 1023.0, 1022.0, 1022.0, 1021.0, 1020.0, 1021.0, 1022.0, 1022.0, 1023.0, 1018.0, 1021.0, 1023.0, 1022.0, 1022.0, 1023.0, 1021.0, 1021.0, 1022.0, 1022.0, 1023.0, 1023.0, 1023.0, 1022.0, 1022.0, 1021.0, 1020.0, 1023.0, 1023.0, 1022.0, 1022.0, 1023.0, 1023.0, 1021.0, 1021.0, 1022.0, 1023.0, 1023.0, 1022.0, 1021.0, 1022.0, 1020.0, 1022.0, 1022.0, 1023.0, 1022.0, 1023.0, 1017.0, 1022.0, 1022.0, 1023.0]
Is bad individual winner: 0
Real fitness of best good: 1022.0
Noisy fitness of best good: -1
Real fitness of best bad: -1
Noisy fitness of best bad: 1022.0

