l: 101
Real fitness of mutation winner: 922.0
Noisy fitness of mutation winner: 922.0
Crossover offspring real fitness: [1017.0, 1017.0, 1017.0, 1017.0, 1017.0, 1016.0, 1017.0, 1017.0, 1016.0, 1015.0, 1016.0, 1017.0, 1015.0, 1017.0, 1015.0, 1015.0, 1015.0, 1017.0, 1016.0, 1016.0, 1016.0, 1017.0, 1017.0, 1017.0, 1016.0, 1016.0, 1017.0, 1017.0, 1016.0, 1017.0, 1017.0, 1016.0, 1016.0, 1016.0, 1015.0, 1017.0, 1017.0, 1016.0, 1017.0, 1016.0, 1017.0, 1016.0, 1017.0, 1015.0, 1017.0, 1017.0, 1017.0, 1014.0, 1017.0, 1017.0, 1017.0, 1013.0, 1017.0, 1017.0, 1015.0, 1015.0, 1016.0, 1016.0, 1015.0, 1016.0, 1016.0, 1017.0, 1016.0, 1017.0, 1015.0, 1015.0, 1016.0, 1017.0, 1016.0, 1015.0, 1017.0, 1015.0, 1016.0, 1017.0, 1017.0, 1017.0, 1017.0, 1016.0, 1016.0, 1017.0, 1017.0, 1017.0, 1016.0, 1016.0, 1017.0, 1017.0, 1015.0, 1017.0, 1016.0, 1017.0, 1016.0, 1017.0, 1016.0, 1016.0, 1015.0, 1017.0, 1016.0, 1017.0, 1014.0, 1017.0, 1014.0]
Crossover offspring noisy fitness: [1017.0, 1017.0, 1017.0, 1017.0, 1017.0, 1015.0, 1017.0, 1017.0, 1016.0, 1014.0, 1016.0, 1017.0, 1015.0, 1017.0, 1015.0, 1015.0, 1015.0, 1017.0, 1016.0, 1016.0, 1016.0, 1017.0, 1017.0, 1017.0, 1016.0, 1016.0, 1017.0, 1016.0, 1016.0, 1016.0, 1017.0, 1016.0, 1016.0, 1016.0, 1015.0, 1017.0, 1017.0, 1016.0, 1017.0, 1016.0, 1016.0, 1016.0, 1017.0, 1015.0, 1017.0, 1017.0, 1017.0, 1014.0, 1017.0, 1017.0, 1017.0, 1013.0, 1017.0, 1017.0, 1015.0, 1015.0, 1016.0, 1016.0, 1015.0, 1016.0, 1016.0, 1017.0, 1016.0, 1017.0, 1015.0, 1015.0, 1016.0, 1017.0, 1016.0, 1015.0, 1017.0, 1015.0, 1016.0, 1017.0, 1017.0, 1017.0, 1017.0, 1016.0, 1016.0, 1017.0, 1016.0, 1016.0, 1016.0, 1016.0, 1017.0, 1017.0, 1015.0, 1017.0, 1016.0, 1017.0, 1016.0, 1017.0, 1016.0, 1016.0, 1015.0, 1017.0, 1016.0, 1017.0, 1014.0, 1017.0, 1014.0]
Is bad individual winner: 0
Real fitness of best good: 1017.0
Noisy fitness of best good: 1017.0
Real fitness of best bad: 1016.0
Noisy fitness of best bad: 1016.0

l: 102
Real fitness of mutation winner: 923.0
Noisy fitness of mutation winner: 923.0
Crossover offspring real fitness: [1017.0, 1014.0, 1016.0, 1016.0, 1016.0, 1013.0, 1017.0, 1016.0, 1015.0, 1017.0, 1016.0, 1017.0, 1017.0, 1016.0, 1017.0, 1015.0, 1017.0, 1017.0, 1017.0, 1014.0, 1016.0, 1017.0, 1016.0, 1016.0, 1016.0, 1017.0, 1015.0, 1016.0, 1015.0, 1015.0, 1017.0, 1016.0, 1016.0, 1013.0, 1017.0, 1017.0, 1016.0, 1016.0, 1017.0, 1015.0, 1016.0, 1016.0, 1016.0, 1017.0, 1016.0, 1017.0, 1016.0, 1017.0, 1017.0, 1017.0, 1017.0, 1015.0, 1017.0, 1017.0, 1015.0, 1017.0, 1017.0, 1017.0, 1017.0, 1016.0, 1014.0, 1017.0, 1017.0, 1016.0, 1016.0, 1017.0, 1016.0, 1017.0, 1016.0, 1017.0, 1016.0, 1016.0, 1015.0, 1016.0, 1016.0, 1014.0, 1016.0, 1016.0, 1016.0, 1015.0, 1016.0, 1016.0, 1017.0, 1017.0, 1015.0, 1017.0, 1017.0, 1017.0, 1017.0, 1016.0, 1016.0, 1017.0, 1016.0, 1016.0, 1017.0, 1017.0, 1017.0, 1016.0, 1017.0, 1017.0, 1017.0]
Crossover offspring noisy fitness: [1017.0, 1014.0, 1016.0, 1016.0, 1016.0, 1013.0, 1017.0, 1016.0, 1014.0, 1016.0, 1016.0, 1017.0, 1017.0, 1016.0, 1017.0, 1015.0, 1017.0, 1017.0, 1017.0, 1014.0, 1016.0, 1017.0, 1016.0, 1016.0, 1016.0, 1017.0, 1015.0, 1016.0, 1015.0, 1015.0, 1017.0, 1016.0, 1016.0, 1013.0, 1017.0, 1016.0, 1016.0, 1016.0, 1017.0, 1015.0, 1016.0, 1016.0, 1016.0, 1017.0, 1015.0, 1017.0, 1016.0, 1017.0, 1017.0, 1017.0, 1017.0, 1015.0, 1017.0, 1017.0, 1015.0, 1017.0, 1017.0, 1017.0, 1017.0, 1016.0, 1014.0, 1017.0, 1017.0, 1016.0, 1015.0, 1017.0, 1016.0, 1017.0, 1015.0, 1017.0, 1016.0, 1016.0, 1015.0, 1016.0, 1016.0, 1014.0, 1016.0, 1016.0, 1016.0, 1015.0, 1016.0, 1016.0, 1016.0, 1017.0, 1015.0, 1017.0, 1017.0, 1017.0, 1017.0, 1016.0, 1016.0, 1017.0, 1016.0, 1016.0, 1017.0, 1017.0, 1016.0, 1016.0, 1017.0, 1017.0, 1017.0]
Is bad individual winner: 0
Real fitness of best good: 1017.0
Noisy fitness of best good: 1017.0
Real fitness of best bad: 1016.0
Noisy fitness of best bad: 1016.0

l: 92
Real fitness of mutation winner: 931.0
Noisy fitness of mutation winner: 931.0
Crossover offspring real fitness: [1017.0, 1017.0, 1017.0, 1017.0, 1016.0, 1015.0, 1017.0, 1017.0, 1016.0, 1016.0, 1017.0, 1017.0, 1017.0, 1014.0, 1016.0, 1016.0, 1017.0, 1016.0, 1014.0, 1016.0, 1014.0, 1017.0, 1015.0, 1016.0, 1016.0, 1017.0, 1017.0, 1017.0, 1017.0, 1014.0, 1014.0, 1017.0, 1016.0, 1016.0, 1017.0, 1014.0, 1016.0, 1015.0, 1017.0, 1016.0, 1016.0, 1016.0, 1017.0, 1017.0, 1016.0, 1015.0, 1017.0, 1017.0, 1015.0, 1014.0, 1016.0, 1017.0, 1015.0, 1016.0, 1017.0, 1016.0, 1016.0, 1016.0, 1014.0, 1016.0, 1017.0, 1016.0, 1016.0, 1015.0, 1017.0, 1015.0, 1016.0, 1017.0, 1017.0, 1017.0, 1017.0, 1017.0, 1017.0, 1017.0, 1017.0, 1017.0, 1016.0, 1017.0, 1017.0, 1015.0, 1016.0, 1016.0, 1016.0, 1017.0, 1016.0, 1016.0, 1016.0, 1016.0, 1016.0, 1016.0, 1016.0, 1015.0, 1014.0, 1017.0, 1016.0, 1017.0, 1015.0, 1016.0, 1017.0, 1017.0, 1018.0]
Crossover offspring noisy fitness: [1017.0, 1017.0, 1017.0, 1017.0, 1016.0, 1015.0, 1017.0, 1017.0, 1016.0, 1016.0, 1017.0, 1017.0, 1017.0, 1014.0, 1015.0, 1016.0, 1017.0, 1016.0, 1014.0, 1016.0, 1014.0, 1017.0, 1015.0, 1016.0, 1016.0, 1017.0, 1016.0, 1017.0, 1017.0, 1014.0, 1014.0, 1017.0, 1016.0, 1016.0, 1017.0, 1014.0, 1016.0, 1014.0, 1017.0, 1016.0, 1016.0, 1016.0, 1017.0, 1017.0, 1016.0, 1015.0, 1017.0, 1017.0, 1015.0, 1014.0, 1016.0, 1017.0, 1015.0, 1016.0, 1017.0, 1016.0, 1016.0, 1016.0, 1014.0, 1016.0, 1017.0, 1016.0, 1016.0, 1015.0, 1017.0, 1015.0, 1016.0, 1017.0, 1017.0, 1017.0, 1016.0, 1017.0, 1017.0, 1017.0, 1016.0, 1017.0, 1016.0, 1017.0, 1017.0, 1015.0, 1016.0, 1016.0, 1016.0, 1017.0, 1016.0, 1016.0, 1016.0, 1016.0, 1016.0, 1016.0, 1016.0, 1015.0, 1014.0, 1017.0, 1016.0, 1017.0, 1015.0, 1016.0, 1017.0, 1017.0, 1018.0]
Is bad individual winner: 0
Real fitness of best good: 1018.0
Noisy fitness of best good: 1018.0
Real fitness of best bad: 1016.0
Noisy fitness of best bad: 1016.0

l: 111
Real fitness of mutation winner: 912.0
Noisy fitness of mutation winner: 912.0
Crossover offspring real fitness: [1016.0, 1016.0, 1015.0, 1015.0, 1017.0, 1017.0, 1016.0, 1015.0, 1015.0, 1015.0, 1017.0, 1014.0, 1017.0, 1017.0, 1016.0, 1016.0, 1016.0, 1017.0, 1017.0, 1016.0, 1016.0, 1017.0, 1016.0, 1017.0, 1017.0, 1016.0, 1015.0, 1014.0, 1017.0, 1016.0, 1017.0, 1015.0, 1016.0, 1016.0, 1016.0, 1015.0, 1016.0, 1017.0, 1016.0, 1014.0, 1017.0, 1015.0, 1017.0, 1016.0, 1017.0, 1016.0, 1016.0, 1017.0, 1016.0, 1016.0, 1017.0, 1017.0, 1018.0, 1017.0, 1014.0, 1017.0, 1015.0, 1017.0, 1017.0, 1017.0, 1016.0, 1016.0, 1016.0, 1017.0, 1014.0, 1016.0, 1013.0, 1017.0, 1016.0, 1016.0, 1016.0, 1017.0, 1013.0, 1015.0, 1017.0, 1016.0, 1014.0, 1013.0, 1016.0, 1016.0, 1017.0, 1016.0, 1016.0, 1016.0, 1016.0, 1016.0, 1016.0, 1016.0, 1017.0, 1017.0, 1015.0, 1017.0, 1015.0, 1017.0, 1017.0, 1017.0, 1015.0, 1013.0, 1016.0, 1016.0, 1016.0]
Crossover offspring noisy fitness: [1016.0, 1016.0, 1015.0, 1015.0, 1017.0, 1017.0, 1016.0, 1015.0, 1015.0, 1015.0, 1017.0, 1014.0, 1017.0, 1017.0, 1016.0, 1016.0, 1016.0, 1017.0, 1017.0, 1016.0, 1015.0, 1016.0, 1016.0, 1017.0, 1017.0, 1016.0, 1015.0, 1013.0, 1017.0, 1016.0, 1017.0, 1015.0, 1016.0, 1016.0, 1016.0, 1015.0, 1015.0, 1017.0, 1016.0, 1013.0, 1017.0, 1015.0, 1017.0, 1016.0, 1017.0, 1016.0, 1016.0, 1017.0, 1016.0, 1016.0, 1016.0, 1017.0, 1018.0, 1017.0, 1014.0, 1017.0, 1015.0, 1017.0, 1017.0, 1017.0, 1016.0, 1016.0, 1016.0, 1017.0, 1014.0, 1016.0, 1013.0, 1017.0, 1016.0, 1016.0, 1016.0, 1017.0, 1013.0, 1015.0, 1017.0, 1016.0, 1014.0, 1013.0, 1016.0, 1016.0, 1017.0, 1016.0, 1016.0, 1016.0, 1016.0, 1016.0, 1015.0, 1016.0, 1017.0, 1017.0, 1014.0, 1017.0, 1015.0, 1017.0, 1017.0, 1017.0, 1015.0, 1013.0, 1016.0, 1016.0, 1016.0]
Is bad individual winner: 0
Real fitness of best good: 1018.0
Noisy fitness of best good: 1018.0
Real fitness of best bad: 1016.0
Noisy fitness of best bad: 1016.0

l: 78
Real fitness of mutation winner: 943.0
Noisy fitness of mutation winner: 943.0
Crossover offspring real fitness: [1016.0, 1017.0, 1015.0, 1017.0, 1016.0, 1017.0, 1015.0, 1017.0, 1017.0, 1014.0, 1015.0, 1017.0, 1016.0, 1016.0, 1017.0, 1016.0, 1014.0, 1016.0, 1016.0, 1017.0, 1017.0, 1013.0, 1017.0, 1013.0, 1017.0, 1017.0, 1015.0, 1017.0, 1017.0, 1016.0, 1015.0, 1016.0, 1016.0, 1015.0, 1016.0, 1016.0, 1017.0, 1016.0, 1016.0, 1017.0, 1017.0, 1016.0, 1017.0, 1017.0, 1017.0, 1016.0, 1016.0, 1017.0, 1017.0, 1017.0, 1017.0, 1016.0, 1017.0, 1016.0, 1016.0, 1017.0, 1015.0, 1016.0, 1015.0, 1016.0, 1017.0, 1015.0, 1017.0, 1017.0, 1017.0, 1016.0, 1017.0, 1017.0, 1016.0, 1016.0, 1017.0, 1017.0, 1016.0, 1016.0, 1016.0, 1017.0, 1017.0, 1015.0, 1017.0, 1016.0, 1016.0, 1017.0, 1017.0, 1016.0, 1016.0, 1017.0, 1017.0, 1017.0, 1015.0, 1017.0, 1015.0, 1016.0, 1017.0, 1017.0, 1016.0, 1016.0, 1016.0, 1016.0, 1017.0, 1015.0, 1016.0]
Crossover offspring noisy fitness: [1016.0, 1017.0, 1015.0, 1017.0, 1016.0, 1017.0, 1015.0, 1017.0, 1017.0, 1013.0, 1015.0, 1017.0, 1016.0, 1016.0, 1017.0, 1016.0, 1014.0, 1016.0, 1015.0, 1017.0, 1017.0, 1013.0, 1017.0, 1013.0, 1017.0, 1017.0, 1014.0, 1017.0, 1017.0, 1016.0, 1015.0, 1015.0, 1016.0, 1015.0, 1016.0, 1016.0, 1017.0, 1016.0, 1016.0, 1017.0, 1017.0, 1016.0, 1017.0, 1017.0, 1017.0, 1016.0, 1016.0, 1017.0, 1017.0, 1017.0, 1017.0, 1016.0, 1017.0, 1016.0, 1016.0, 1017.0, 1015.0, 1016.0, 1015.0, 1016.0, 1017.0, 1015.0, 1017.0, 1017.0, 1017.0, 1016.0, 1017.0, 1017.0, 1016.0, 1016.0, 1017.0, 1017.0, 1016.0, 1016.0, 1016.0, 1017.0, 1016.0, 1014.0, 1017.0, 1016.0, 1016.0, 1017.0, 1017.0, 1016.0, 1016.0, 1017.0, 1017.0, 1017.0, 1015.0, 1017.0, 1015.0, 1016.0, 1017.0, 1017.0, 1016.0, 1016.0, 1016.0, 1016.0, 1017.0, 1015.0, 1016.0]
Is bad individual winner: 0
Real fitness of best good: 1017.0
Noisy fitness of best good: 1017.0
Real fitness of best bad: 1016.0
Noisy fitness of best bad: 1016.0

l: 122
Real fitness of mutation winner: 905.0
Noisy fitness of mutation winner: 905.0
Crossover offspring real fitness: [1016.0, 1016.0, 1017.0, 1014.0, 1017.0, 1015.0, 1015.0, 1015.0, 1017.0, 1016.0, 1015.0, 1016.0, 1017.0, 1016.0, 1016.0, 1014.0, 1017.0, 1017.0, 1015.0, 1014.0, 1016.0, 1017.0, 1014.0, 1017.0, 1017.0, 1017.0, 1016.0, 1015.0, 1017.0, 1015.0, 1017.0, 1016.0, 1015.0, 1017.0, 1015.0, 1015.0, 1016.0, 1014.0, 1017.0, 1016.0, 1014.0, 1016.0, 1016.0, 1015.0, 1017.0, 1017.0, 1017.0, 1017.0, 1016.0, 1017.0, 1016.0, 1014.0, 1015.0, 1017.0, 1017.0, 1016.0, 1017.0, 1015.0, 1014.0, 1016.0, 1013.0, 1015.0, 1015.0, 1015.0, 1016.0, 1015.0, 1016.0, 1015.0, 1015.0, 1016.0, 1013.0, 1017.0, 1014.0, 1017.0, 1017.0, 1016.0, 1016.0, 1017.0, 1017.0, 1016.0, 1016.0, 1017.0, 1016.0, 1015.0, 1016.0, 1018.0, 1016.0, 1015.0, 1016.0, 1016.0, 1016.0, 1014.0, 1017.0, 1017.0, 1017.0, 1015.0, 1015.0, 1016.0, 1014.0, 1017.0, 1017.0]
Crossover offspring noisy fitness: [1016.0, 1016.0, 1017.0, 1014.0, 1017.0, 1015.0, 1015.0, 1015.0, 1017.0, 1016.0, 1015.0, 1016.0, 1017.0, 1016.0, 1016.0, 1014.0, 1017.0, 1017.0, 1015.0, 1014.0, 1016.0, 1017.0, 1014.0, 1017.0, 1017.0, 1017.0, 1016.0, 1015.0, 1017.0, 1014.0, 1017.0, 1016.0, 1015.0, 1017.0, 1015.0, 1015.0, 1016.0, 1014.0, 1017.0, 1016.0, 1013.0, 1016.0, 1016.0, 1015.0, 1017.0, 1017.0, 1017.0, 1017.0, 1016.0, 1017.0, 1016.0, 1014.0, 1015.0, 1017.0, 1017.0, 1016.0, 1017.0, 1015.0, 1014.0, 1016.0, 1013.0, 1015.0, 1014.0, 1015.0, 1016.0, 1015.0, 1016.0, 1015.0, 1015.0, 1016.0, 1013.0, 1017.0, 1014.0, 1017.0, 1017.0, 1016.0, 1016.0, 1017.0, 1017.0, 1016.0, 1016.0, 1017.0, 1015.0, 1015.0, 1016.0, 1018.0, 1015.0, 1015.0, 1016.0, 1016.0, 1016.0, 1014.0, 1017.0, 1017.0, 1017.0, 1015.0, 1015.0, 1016.0, 1014.0, 1017.0, 1017.0]
Is bad individual winner: 0
Real fitness of best good: 1018.0
Noisy fitness of best good: 1018.0
Real fitness of best bad: 1016.0
Noisy fitness of best bad: 1016.0

l: 91
Real fitness of mutation winner: 934.0
Noisy fitness of mutation winner: 934.0
Crossover offspring real fitness: [1017.0, 1017.0, 1016.0, 1016.0, 1016.0, 1015.0, 1017.0, 1015.0, 1016.0, 1016.0, 1018.0, 1016.0, 1015.0, 1017.0, 1016.0, 1014.0, 1017.0, 1017.0, 1017.0, 1016.0, 1016.0, 1016.0, 1015.0, 1017.0, 1017.0, 1017.0, 1017.0, 1016.0, 1017.0, 1016.0, 1016.0, 1017.0, 1017.0, 1017.0, 1016.0, 1017.0, 1017.0, 1017.0, 1014.0, 1014.0, 1016.0, 1016.0, 1016.0, 1015.0, 1015.0, 1016.0, 1016.0, 1016.0, 1017.0, 1015.0, 1016.0, 1015.0, 1015.0, 1016.0, 1015.0, 1018.0, 1017.0, 1017.0, 1016.0, 1016.0, 1016.0, 1016.0, 1017.0, 1016.0, 1017.0, 1015.0, 1017.0, 1016.0, 1017.0, 1017.0, 1017.0, 1016.0, 1017.0, 1016.0, 1016.0, 1017.0, 1016.0, 1017.0, 1017.0, 1015.0, 1016.0, 1017.0, 1015.0, 1017.0, 1014.0, 1017.0, 1016.0, 1015.0, 1017.0, 1017.0, 1016.0, 1016.0, 1017.0, 1017.0, 1014.0, 1016.0, 1015.0, 1017.0, 1015.0, 1017.0, 1016.0]
Crossover offspring noisy fitness: [1017.0, 1017.0, 1016.0, 1016.0, 1016.0, 1015.0, 1017.0, 1015.0, 1016.0, 1016.0, 1017.0, 1016.0, 1015.0, 1017.0, 1016.0, 1014.0, 1017.0, 1017.0, 1017.0, 1016.0, 1016.0, 1015.0, 1015.0, 1017.0, 1017.0, 1017.0, 1017.0, 1016.0, 1017.0, 1016.0, 1016.0, 1017.0, 1017.0, 1017.0, 1016.0, 1017.0, 1017.0, 1017.0, 1014.0, 1014.0, 1016.0, 1016.0, 1016.0, 1015.0, 1015.0, 1016.0, 1016.0, 1016.0, 1017.0, 1015.0, 1016.0, 1015.0, 1015.0, 1017.0, 1015.0, 1018.0, 1017.0, 1017.0, 1016.0, 1016.0, 1016.0, 1016.0, 1017.0, 1016.0, 1017.0, 1015.0, 1017.0, 1016.0, 1017.0, 1017.0, 1017.0, 1016.0, 1017.0, 1016.0, 1016.0, 1017.0, 1016.0, 1016.0, 1017.0, 1015.0, 1016.0, 1017.0, 1015.0, 1017.0, 1014.0, 1017.0, 1016.0, 1015.0, 1017.0, 1017.0, 1016.0, 1016.0, 1017.0, 1016.0, 1014.0, 1016.0, 1015.0, 1017.0, 1015.0, 1017.0, 1016.0]
Is bad individual winner: 0
Real fitness of best good: 1018.0
Noisy fitness of best good: 1018.0
Real fitness of best bad: 1016.0
Noisy fitness of best bad: 1017.0

l: 96
Real fitness of mutation winner: 927.0
Noisy fitness of mutation winner: 927.0
Crossover offspring real fitness: [1017.0, 1015.0, 1016.0, 1017.0, 1014.0, 1015.0, 1015.0, 1012.0, 1016.0, 1016.0, 1017.0, 1015.0, 1017.0, 1016.0, 1017.0, 1016.0, 1016.0, 1015.0, 1016.0, 1016.0, 1015.0, 1016.0, 1017.0, 1014.0, 1016.0, 1015.0, 1016.0, 1015.0, 1017.0, 1017.0, 1016.0, 1015.0, 1014.0, 1017.0, 1017.0, 1016.0, 1015.0, 1015.0, 1015.0, 1015.0, 1017.0, 1016.0, 1016.0, 1015.0, 1016.0, 1017.0, 1017.0, 1016.0, 1015.0, 1015.0, 1017.0, 1017.0, 1016.0, 1016.0, 1016.0, 1015.0, 1017.0, 1014.0, 1017.0, 1015.0, 1014.0, 1016.0, 1017.0, 1017.0, 1016.0, 1017.0, 1014.0, 1016.0, 1015.0, 1015.0, 1017.0, 1017.0, 1017.0, 1017.0, 1016.0, 1017.0, 1016.0, 1017.0, 1015.0, 1015.0, 1015.0, 1016.0, 1016.0, 1015.0, 1017.0, 1017.0, 1016.0, 1014.0, 1017.0, 1017.0, 1015.0, 1017.0, 1017.0, 1017.0, 1017.0, 1017.0, 1016.0, 1015.0, 1017.0, 1014.0, 1016.0]
Crossover offspring noisy fitness: [1017.0, 1015.0, 1016.0, 1017.0, 1013.0, 1015.0, 1015.0, 1012.0, 1016.0, 1016.0, 1017.0, 1015.0, 1017.0, 1016.0, 1017.0, 1016.0, 1016.0, 1015.0, 1016.0, 1016.0, 1015.0, 1016.0, 1016.0, 1014.0, 1016.0, 1015.0, 1016.0, 1014.0, 1017.0, 1017.0, 1016.0, 1015.0, 1014.0, 1016.0, 1017.0, 1016.0, 1015.0, 1015.0, 1015.0, 1015.0, 1016.0, 1016.0, 1016.0, 1015.0, 1015.0, 1017.0, 1017.0, 1016.0, 1015.0, 1015.0, 1017.0, 1017.0, 1016.0, 1016.0, 1016.0, 1015.0, 1017.0, 1014.0, 1017.0, 1014.0, 1014.0, 1016.0, 1017.0, 1017.0, 1016.0, 1017.0, 1014.0, 1016.0, 1015.0, 1015.0, 1017.0, 1017.0, 1017.0, 1016.0, 1016.0, 1017.0, 1016.0, 1017.0, 1015.0, 1015.0, 1015.0, 1016.0, 1016.0, 1015.0, 1017.0, 1017.0, 1016.0, 1014.0, 1017.0, 1017.0, 1015.0, 1017.0, 1017.0, 1017.0, 1017.0, 1016.0, 1016.0, 1014.0, 1017.0, 1014.0, 1016.0]
Is bad individual winner: 0
Real fitness of best good: 1017.0
Noisy fitness of best good: 1017.0
Real fitness of best bad: 1016.0
Noisy fitness of best bad: 1016.0

l: 99
Real fitness of mutation winner: 924.0
Noisy fitness of mutation winner: 924.0
Crossover offspring real fitness: [1017.0, 1016.0, 1015.0, 1017.0, 1016.0, 1017.0, 1016.0, 1015.0, 1016.0, 1016.0, 1014.0, 1016.0, 1017.0, 1017.0, 1017.0, 1016.0, 1016.0, 1016.0, 1016.0, 1017.0, 1016.0, 1015.0, 1015.0, 1017.0, 1017.0, 1017.0, 1017.0, 1017.0, 1017.0, 1016.0, 1017.0, 1017.0, 1016.0, 1016.0, 1015.0, 1017.0, 1017.0, 1016.0, 1017.0, 1017.0, 1017.0, 1017.0, 1016.0, 1013.0, 1017.0, 1016.0, 1015.0, 1017.0, 1018.0, 1016.0, 1017.0, 1017.0, 1017.0, 1017.0, 1016.0, 1016.0, 1017.0, 1017.0, 1016.0, 1015.0, 1016.0, 1016.0, 1017.0, 1016.0, 1016.0, 1015.0, 1017.0, 1014.0, 1016.0, 1016.0, 1017.0, 1016.0, 1015.0, 1016.0, 1017.0, 1014.0, 1016.0, 1018.0, 1016.0, 1017.0, 1017.0, 1014.0, 1015.0, 1016.0, 1015.0, 1017.0, 1017.0, 1015.0, 1016.0, 1015.0, 1017.0, 1016.0, 1015.0, 1016.0, 1015.0, 1016.0, 1015.0, 1017.0, 1015.0, 1016.0, 1016.0]
Crossover offspring noisy fitness: [1017.0, 1016.0, 1015.0, 1017.0, 1016.0, 1017.0, 1016.0, 1015.0, 1016.0, 1016.0, 1014.0, 1016.0, 1016.0, 1017.0, 1016.0, 1016.0, 1016.0, 1016.0, 1016.0, 1017.0, 1016.0, 1015.0, 1015.0, 1017.0, 1017.0, 1017.0, 1017.0, 1017.0, 1017.0, 1016.0, 1017.0, 1017.0, 1016.0, 1016.0, 1015.0, 1017.0, 1017.0, 1016.0, 1017.0, 1017.0, 1017.0, 1017.0, 1016.0, 1013.0, 1017.0, 1016.0, 1015.0, 1017.0, 1018.0, 1016.0, 1017.0, 1017.0, 1017.0, 1017.0, 1016.0, 1016.0, 1017.0, 1017.0, 1016.0, 1014.0, 1016.0, 1016.0, 1017.0, 1016.0, 1016.0, 1015.0, 1017.0, 1014.0, 1016.0, 1016.0, 1017.0, 1015.0, 1015.0, 1016.0, 1017.0, 1014.0, 1016.0, 1018.0, 1016.0, 1017.0, 1017.0, 1013.0, 1015.0, 1016.0, 1015.0, 1017.0, 1017.0, 1015.0, 1016.0, 1015.0, 1017.0, 1016.0, 1014.0, 1016.0, 1014.0, 1016.0, 1015.0, 1017.0, 1015.0, 1016.0, 1016.0]
Is bad individual winner: 0
Real fitness of best good: 1018.0
Noisy fitness of best good: 1018.0
Real fitness of best bad: 1016.0
Noisy fitness of best bad: 1016.0

l: 117
Real fitness of mutation winner: 906.0
Noisy fitness of mutation winner: 906.0
Crossover offspring real fitness: [1012.0, 1014.0, 1016.0, 1014.0, 1015.0, 1015.0, 1017.0, 1017.0, 1015.0, 1015.0, 1014.0, 1014.0, 1016.0, 1016.0, 1017.0, 1015.0, 1017.0, 1015.0, 1017.0, 1015.0, 1016.0, 1017.0, 1016.0, 1015.0, 1016.0, 1013.0, 1017.0, 1016.0, 1017.0, 1016.0, 1017.0, 1016.0, 1016.0, 1015.0, 1016.0, 1017.0, 1015.0, 1015.0, 1017.0, 1016.0, 1015.0, 1015.0, 1016.0, 1016.0, 1017.0, 1016.0, 1015.0, 1016.0, 1017.0, 1017.0, 1017.0, 1016.0, 1016.0, 1017.0, 1016.0, 1017.0, 1017.0, 1016.0, 1015.0, 1017.0, 1017.0, 1017.0, 1014.0, 1016.0, 1017.0, 1016.0, 1016.0, 1016.0, 1017.0, 1017.0, 1016.0, 1014.0, 1016.0, 1016.0, 1016.0, 1017.0, 1018.0, 1016.0, 1017.0, 1016.0, 1017.0, 1016.0, 1015.0, 1016.0, 1017.0, 1016.0, 1016.0, 1016.0, 1017.0, 1010.0, 1017.0, 1016.0, 1016.0, 1015.0, 1016.0, 1015.0, 1016.0, 1017.0, 1017.0, 1015.0, 1017.0]
Crossover offspring noisy fitness: [1012.0, 1014.0, 1016.0, 1014.0, 1015.0, 1014.0, 1016.0, 1016.0, 1015.0, 1015.0, 1014.0, 1014.0, 1016.0, 1016.0, 1017.0, 1015.0, 1017.0, 1015.0, 1017.0, 1015.0, 1016.0, 1017.0, 1016.0, 1014.0, 1016.0, 1013.0, 1017.0, 1015.0, 1017.0, 1016.0, 1017.0, 1016.0, 1016.0, 1015.0, 1016.0, 1017.0, 1015.0, 1015.0, 1017.0, 1016.0, 1015.0, 1015.0, 1016.0, 1016.0, 1017.0, 1016.0, 1015.0, 1016.0, 1017.0, 1016.0, 1017.0, 1016.0, 1016.0, 1017.0, 1016.0, 1017.0, 1017.0, 1016.0, 1015.0, 1017.0, 1017.0, 1017.0, 1014.0, 1016.0, 1017.0, 1016.0, 1016.0, 1016.0, 1017.0, 1017.0, 1016.0, 1014.0, 1016.0, 1016.0, 1016.0, 1017.0, 1018.0, 1016.0, 1016.0, 1016.0, 1017.0, 1016.0, 1015.0, 1016.0, 1017.0, 1016.0, 1016.0, 1016.0, 1017.0, 1010.0, 1017.0, 1016.0, 1016.0, 1015.0, 1016.0, 1015.0, 1016.0, 1017.0, 1017.0, 1015.0, 1017.0]
Is bad individual winner: 0
Real fitness of best good: 1018.0
Noisy fitness of best good: 1018.0
Real fitness of best bad: 1016.0
Noisy fitness of best bad: 1016.0

l: 96
Real fitness of mutation winner: 927.0
Noisy fitness of mutation winner: 927.0
Crossover offspring real fitness: [1015.0, 1016.0, 1016.0, 1015.0, 1017.0, 1017.0, 1017.0, 1016.0, 1017.0, 1017.0, 1016.0, 1017.0, 1016.0, 1016.0, 1017.0, 1016.0, 1016.0, 1017.0, 1017.0, 1016.0, 1016.0, 1014.0, 1017.0, 1017.0, 1017.0, 1016.0, 1017.0, 1017.0, 1017.0, 1017.0, 1016.0, 1015.0, 1017.0, 1017.0, 1016.0, 1015.0, 1017.0, 1014.0, 1016.0, 1018.0, 1017.0, 1016.0, 1016.0, 1017.0, 1013.0, 1015.0, 1016.0, 1016.0, 1017.0, 1017.0, 1017.0, 1016.0, 1016.0, 1017.0, 1015.0, 1017.0, 1017.0, 1016.0, 1017.0, 1015.0, 1017.0, 1017.0, 1016.0, 1017.0, 1015.0, 1015.0, 1015.0, 1017.0, 1016.0, 1017.0, 1017.0, 1016.0, 1016.0, 1017.0, 1017.0, 1017.0, 1017.0, 1015.0, 1015.0, 1017.0, 1016.0, 1016.0, 1017.0, 1016.0, 1017.0, 1016.0, 1017.0, 1017.0, 1017.0, 1017.0, 1015.0, 1016.0, 1016.0, 1016.0, 1016.0, 1016.0, 1017.0, 1017.0, 1016.0, 1016.0, 1016.0]
Crossover offspring noisy fitness: [1015.0, 1016.0, 1016.0, 1015.0, 1017.0, 1017.0, 1016.0, 1015.0, 1017.0, 1017.0, 1016.0, 1017.0, 1016.0, 1016.0, 1017.0, 1016.0, 1016.0, 1017.0, 1016.0, 1016.0, 1016.0, 1014.0, 1017.0, 1017.0, 1017.0, 1016.0, 1017.0, 1017.0, 1017.0, 1017.0, 1016.0, 1015.0, 1017.0, 1017.0, 1016.0, 1015.0, 1017.0, 1014.0, 1016.0, 1018.0, 1017.0, 1016.0, 1016.0, 1017.0, 1013.0, 1015.0, 1016.0, 1016.0, 1016.0, 1017.0, 1017.0, 1016.0, 1016.0, 1017.0, 1014.0, 1017.0, 1017.0, 1016.0, 1017.0, 1015.0, 1017.0, 1017.0, 1016.0, 1017.0, 1015.0, 1015.0, 1014.0, 1017.0, 1016.0, 1017.0, 1017.0, 1016.0, 1016.0, 1017.0, 1017.0, 1017.0, 1016.0, 1015.0, 1015.0, 1017.0, 1016.0, 1016.0, 1017.0, 1016.0, 1017.0, 1016.0, 1017.0, 1016.0, 1017.0, 1017.0, 1015.0, 1016.0, 1016.0, 1016.0, 1016.0, 1016.0, 1017.0, 1017.0, 1016.0, 1016.0, 1016.0]
Is bad individual winner: 0
Real fitness of best good: 1018.0
Noisy fitness of best good: 1018.0
Real fitness of best bad: 1016.0
Noisy fitness of best bad: 1016.0

l: 99
Real fitness of mutation winner: 924.0
Noisy fitness of mutation winner: 924.0
Crossover offspring real fitness: [1016.0, 1017.0, 1014.0, 1017.0, 1017.0, 1017.0, 1015.0, 1016.0, 1016.0, 1016.0, 1017.0, 1017.0, 1016.0, 1015.0, 1015.0, 1015.0, 1017.0, 1015.0, 1016.0, 1016.0, 1016.0, 1014.0, 1015.0, 1018.0, 1017.0, 1016.0, 1015.0, 1017.0, 1017.0, 1017.0, 1015.0, 1017.0, 1017.0, 1017.0, 1017.0, 1017.0, 1014.0, 1017.0, 1016.0, 1014.0, 1016.0, 1016.0, 1016.0, 1016.0, 1017.0, 1016.0, 1016.0, 1017.0, 1017.0, 1015.0, 1017.0, 1016.0, 1016.0, 1015.0, 1017.0, 1017.0, 1015.0, 1016.0, 1015.0, 1017.0, 1016.0, 1017.0, 1013.0, 1016.0, 1017.0, 1017.0, 1016.0, 1017.0, 1016.0, 1017.0, 1016.0, 1017.0, 1016.0, 1014.0, 1016.0, 1017.0, 1015.0, 1014.0, 1016.0, 1014.0, 1014.0, 1017.0, 1015.0, 1017.0, 1015.0, 1016.0, 1016.0, 1015.0, 1015.0, 1016.0, 1017.0, 1017.0, 1017.0, 1017.0, 1017.0, 1016.0, 1017.0, 1014.0, 1017.0, 1016.0, 1016.0]
Crossover offspring noisy fitness: [1015.0, 1017.0, 1014.0, 1017.0, 1017.0, 1017.0, 1015.0, 1016.0, 1016.0, 1016.0, 1017.0, 1017.0, 1016.0, 1015.0, 1015.0, 1015.0, 1017.0, 1015.0, 1016.0, 1016.0, 1016.0, 1014.0, 1015.0, 1018.0, 1016.0, 1016.0, 1014.0, 1017.0, 1017.0, 1017.0, 1015.0, 1017.0, 1017.0, 1017.0, 1017.0, 1017.0, 1014.0, 1017.0, 1015.0, 1014.0, 1016.0, 1016.0, 1016.0, 1015.0, 1017.0, 1016.0, 1016.0, 1017.0, 1017.0, 1015.0, 1017.0, 1015.0, 1016.0, 1015.0, 1017.0, 1017.0, 1015.0, 1016.0, 1015.0, 1017.0, 1016.0, 1017.0, 1013.0, 1016.0, 1017.0, 1017.0, 1016.0, 1017.0, 1016.0, 1017.0, 1016.0, 1017.0, 1015.0, 1014.0, 1016.0, 1017.0, 1015.0, 1014.0, 1016.0, 1014.0, 1014.0, 1017.0, 1015.0, 1017.0, 1015.0, 1016.0, 1016.0, 1015.0, 1014.0, 1016.0, 1017.0, 1017.0, 1017.0, 1017.0, 1017.0, 1016.0, 1017.0, 1014.0, 1017.0, 1016.0, 1016.0]
Is bad individual winner: 0
Real fitness of best good: 1018.0
Noisy fitness of best good: 1018.0
Real fitness of best bad: 1016.0
Noisy fitness of best bad: 1016.0

l: 93
Real fitness of mutation winner: 930.0
Noisy fitness of mutation winner: 930.0
Crossover offspring real fitness: [1016.0, 1015.0, 1016.0, 1014.0, 1016.0, 1016.0, 1017.0, 1015.0, 1017.0, 1015.0, 1017.0, 1016.0, 1017.0, 1016.0, 1017.0, 1016.0, 1017.0, 1017.0, 1015.0, 1016.0, 1014.0, 1017.0, 1016.0, 1017.0, 1016.0, 1016.0, 1013.0, 1017.0, 1016.0, 1017.0, 1017.0, 1015.0, 1015.0, 1016.0, 1017.0, 1015.0, 1016.0, 1016.0, 1017.0, 1015.0, 1017.0, 1017.0, 1017.0, 1014.0, 1018.0, 1016.0, 1016.0, 1016.0, 1016.0, 1017.0, 1017.0, 1017.0, 1017.0, 1017.0, 1017.0, 1015.0, 1017.0, 1016.0, 1016.0, 1015.0, 1017.0, 1017.0, 1017.0, 1016.0, 1017.0, 1015.0, 1016.0, 1016.0, 1016.0, 1017.0, 1017.0, 1015.0, 1016.0, 1015.0, 1016.0, 1017.0, 1015.0, 1016.0, 1016.0, 1017.0, 1015.0, 1015.0, 1016.0, 1014.0, 1015.0, 1016.0, 1016.0, 1016.0, 1017.0, 1016.0, 1016.0, 1017.0, 1015.0, 1017.0, 1017.0, 1016.0, 1017.0, 1014.0, 1016.0, 1015.0, 1016.0]
Crossover offspring noisy fitness: [1016.0, 1015.0, 1016.0, 1014.0, 1016.0, 1016.0, 1017.0, 1015.0, 1017.0, 1015.0, 1017.0, 1016.0, 1017.0, 1016.0, 1017.0, 1016.0, 1017.0, 1017.0, 1015.0, 1016.0, 1014.0, 1017.0, 1016.0, 1017.0, 1016.0, 1016.0, 1013.0, 1017.0, 1016.0, 1017.0, 1017.0, 1015.0, 1015.0, 1016.0, 1017.0, 1015.0, 1016.0, 1016.0, 1017.0, 1015.0, 1017.0, 1017.0, 1017.0, 1014.0, 1018.0, 1016.0, 1016.0, 1016.0, 1016.0, 1017.0, 1017.0, 1017.0, 1017.0, 1017.0, 1017.0, 1015.0, 1017.0, 1016.0, 1016.0, 1015.0, 1017.0, 1017.0, 1017.0, 1016.0, 1017.0, 1015.0, 1016.0, 1016.0, 1015.0, 1017.0, 1017.0, 1015.0, 1015.0, 1015.0, 1016.0, 1017.0, 1015.0, 1015.0, 1016.0, 1017.0, 1015.0, 1015.0, 1016.0, 1014.0, 1015.0, 1016.0, 1016.0, 1016.0, 1017.0, 1016.0, 1016.0, 1017.0, 1015.0, 1016.0, 1017.0, 1016.0, 1017.0, 1013.0, 1015.0, 1015.0, 1016.0]
Is bad individual winner: 0
Real fitness of best good: 1018.0
Noisy fitness of best good: 1018.0
Real fitness of best bad: 1016.0
Noisy fitness of best bad: 1016.0

l: 81
Real fitness of mutation winner: 940.0
Noisy fitness of mutation winner: 940.0
Crossover offspring real fitness: [1017.0, 1017.0, 1015.0, 1015.0, 1017.0, 1015.0, 1016.0, 1016.0, 1015.0, 1017.0, 1016.0, 1017.0, 1017.0, 1017.0, 1017.0, 1015.0, 1017.0, 1017.0, 1015.0, 1017.0, 1017.0, 1015.0, 1016.0, 1016.0, 1017.0, 1016.0, 1016.0, 1015.0, 1017.0, 1016.0, 1017.0, 1017.0, 1017.0, 1015.0, 1015.0, 1017.0, 1014.0, 1017.0, 1014.0, 1016.0, 1017.0, 1017.0, 1016.0, 1016.0, 1014.0, 1016.0, 1017.0, 1016.0, 1017.0, 1016.0, 1015.0, 1015.0, 1017.0, 1017.0, 1016.0, 1016.0, 1016.0, 1017.0, 1017.0, 1017.0, 1016.0, 1017.0, 1014.0, 1015.0, 1016.0, 1016.0, 1017.0, 1014.0, 1016.0, 1016.0, 1017.0, 1015.0, 1017.0, 1016.0, 1017.0, 1017.0, 1017.0, 1016.0, 1017.0, 1017.0, 1017.0, 1017.0, 1014.0, 1017.0, 1017.0, 1016.0, 1016.0, 1016.0, 1015.0, 1015.0, 1016.0, 1016.0, 1016.0, 1015.0, 1016.0, 1017.0, 1016.0, 1016.0, 1017.0, 1016.0, 1017.0]
Crossover offspring noisy fitness: [1017.0, 1017.0, 1015.0, 1015.0, 1017.0, 1015.0, 1016.0, 1016.0, 1015.0, 1017.0, 1016.0, 1017.0, 1017.0, 1017.0, 1017.0, 1015.0, 1017.0, 1017.0, 1015.0, 1016.0, 1016.0, 1015.0, 1016.0, 1016.0, 1017.0, 1016.0, 1016.0, 1014.0, 1017.0, 1016.0, 1017.0, 1017.0, 1017.0, 1015.0, 1014.0, 1017.0, 1014.0, 1017.0, 1014.0, 1016.0, 1017.0, 1017.0, 1016.0, 1016.0, 1014.0, 1016.0, 1017.0, 1016.0, 1017.0, 1016.0, 1015.0, 1015.0, 1017.0, 1017.0, 1016.0, 1016.0, 1016.0, 1017.0, 1017.0, 1016.0, 1016.0, 1017.0, 1014.0, 1015.0, 1016.0, 1016.0, 1017.0, 1013.0, 1016.0, 1016.0, 1017.0, 1015.0, 1017.0, 1016.0, 1017.0, 1017.0, 1017.0, 1016.0, 1017.0, 1017.0, 1017.0, 1017.0, 1014.0, 1017.0, 1017.0, 1016.0, 1015.0, 1016.0, 1015.0, 1015.0, 1016.0, 1016.0, 1016.0, 1015.0, 1016.0, 1017.0, 1016.0, 1016.0, 1017.0, 1016.0, 1017.0]
Is bad individual winner: 0
Real fitness of best good: 1017.0
Noisy fitness of best good: 1017.0
Real fitness of best bad: 1016.0
Noisy fitness of best bad: 1016.0

l: 89
Real fitness of mutation winner: 934.0
Noisy fitness of mutation winner: 934.0
Crossover offspring real fitness: [1017.0, 1017.0, 1017.0, 1017.0, 1015.0, 1014.0, 1017.0, 1017.0, 1017.0, 1017.0, 1017.0, 1015.0, 1016.0, 1017.0, 1016.0, 1016.0, 1017.0, 1014.0, 1017.0, 1016.0, 1017.0, 1017.0, 1017.0, 1016.0, 1017.0, 1017.0, 1016.0, 1016.0, 1016.0, 1016.0, 1017.0, 1017.0, 1016.0, 1017.0, 1013.0, 1017.0, 1017.0, 1017.0, 1015.0, 1014.0, 1017.0, 1015.0, 1016.0, 1014.0, 1014.0, 1017.0, 1015.0, 1017.0, 1015.0, 1016.0, 1017.0, 1016.0, 1017.0, 1017.0, 1017.0, 1015.0, 1016.0, 1016.0, 1015.0, 1014.0, 1017.0, 1017.0, 1017.0, 1017.0, 1017.0, 1016.0, 1016.0, 1015.0, 1016.0, 1017.0, 1017.0, 1016.0, 1016.0, 1017.0, 1016.0, 1017.0, 1015.0, 1017.0, 1017.0, 1017.0, 1016.0, 1017.0, 1016.0, 1013.0, 1015.0, 1016.0, 1017.0, 1015.0, 1015.0, 1017.0, 1017.0, 1016.0, 1017.0, 1016.0, 1015.0, 1015.0, 1017.0, 1017.0, 1017.0, 1017.0, 1016.0]
Crossover offspring noisy fitness: [1016.0, 1017.0, 1017.0, 1016.0, 1015.0, 1014.0, 1017.0, 1017.0, 1017.0, 1016.0, 1017.0, 1015.0, 1016.0, 1017.0, 1016.0, 1016.0, 1017.0, 1014.0, 1017.0, 1016.0, 1017.0, 1017.0, 1017.0, 1016.0, 1017.0, 1017.0, 1016.0, 1016.0, 1016.0, 1016.0, 1016.0, 1017.0, 1016.0, 1017.0, 1013.0, 1017.0, 1017.0, 1017.0, 1015.0, 1013.0, 1017.0, 1015.0, 1016.0, 1014.0, 1014.0, 1017.0, 1015.0, 1017.0, 1015.0, 1016.0, 1017.0, 1015.0, 1017.0, 1017.0, 1017.0, 1014.0, 1016.0, 1016.0, 1015.0, 1014.0, 1017.0, 1017.0, 1017.0, 1017.0, 1017.0, 1016.0, 1016.0, 1015.0, 1016.0, 1017.0, 1017.0, 1016.0, 1016.0, 1017.0, 1016.0, 1017.0, 1015.0, 1017.0, 1017.0, 1017.0, 1016.0, 1017.0, 1016.0, 1013.0, 1015.0, 1016.0, 1017.0, 1015.0, 1015.0, 1017.0, 1017.0, 1016.0, 1017.0, 1016.0, 1015.0, 1015.0, 1017.0, 1017.0, 1016.0, 1017.0, 1016.0]
Is bad individual winner: 0
Real fitness of best good: 1017.0
Noisy fitness of best good: 1017.0
Real fitness of best bad: 1016.0
Noisy fitness of best bad: 1016.0

l: 120
Real fitness of mutation winner: 903.0
Noisy fitness of mutation winner: 903.0
Crossover offspring real fitness: [1016.0, 1017.0, 1016.0, 1016.0, 1014.0, 1015.0, 1016.0, 1017.0, 1017.0, 1016.0, 1016.0, 1016.0, 1016.0, 1016.0, 1016.0, 1016.0, 1014.0, 1017.0, 1013.0, 1016.0, 1015.0, 1017.0, 1016.0, 1016.0, 1016.0, 1015.0, 1017.0, 1017.0, 1015.0, 1015.0, 1015.0, 1014.0, 1015.0, 1017.0, 1015.0, 1016.0, 1017.0, 1016.0, 1017.0, 1015.0, 1016.0, 1017.0, 1017.0, 1017.0, 1016.0, 1017.0, 1016.0, 1018.0, 1017.0, 1016.0, 1015.0, 1015.0, 1016.0, 1016.0, 1016.0, 1016.0, 1015.0, 1016.0, 1015.0, 1017.0, 1015.0, 1015.0, 1016.0, 1017.0, 1017.0, 1016.0, 1017.0, 1016.0, 1017.0, 1016.0, 1016.0, 1017.0, 1012.0, 1017.0, 1015.0, 1015.0, 1017.0, 1017.0, 1015.0, 1015.0, 1016.0, 1014.0, 1013.0, 1017.0, 1016.0, 1017.0, 1016.0, 1017.0, 1017.0, 1016.0, 1016.0, 1015.0, 1017.0, 1015.0, 1014.0, 1016.0, 1016.0, 1017.0, 1015.0, 1017.0, 1016.0]
Crossover offspring noisy fitness: [1016.0, 1017.0, 1016.0, 1016.0, 1014.0, 1015.0, 1016.0, 1017.0, 1017.0, 1016.0, 1016.0, 1016.0, 1016.0, 1016.0, 1016.0, 1016.0, 1014.0, 1016.0, 1013.0, 1016.0, 1015.0, 1017.0, 1016.0, 1016.0, 1016.0, 1015.0, 1017.0, 1017.0, 1015.0, 1015.0, 1015.0, 1014.0, 1015.0, 1017.0, 1015.0, 1016.0, 1016.0, 1016.0, 1017.0, 1015.0, 1016.0, 1017.0, 1016.0, 1017.0, 1016.0, 1017.0, 1015.0, 1018.0, 1017.0, 1016.0, 1015.0, 1015.0, 1016.0, 1016.0, 1016.0, 1016.0, 1015.0, 1016.0, 1015.0, 1017.0, 1015.0, 1015.0, 1016.0, 1017.0, 1017.0, 1016.0, 1017.0, 1016.0, 1017.0, 1016.0, 1016.0, 1017.0, 1012.0, 1017.0, 1015.0, 1015.0, 1017.0, 1017.0, 1015.0, 1015.0, 1016.0, 1014.0, 1013.0, 1017.0, 1016.0, 1017.0, 1016.0, 1017.0, 1017.0, 1016.0, 1016.0, 1015.0, 1017.0, 1015.0, 1013.0, 1015.0, 1016.0, 1016.0, 1015.0, 1017.0, 1016.0]
Is bad individual winner: 0
Real fitness of best good: 1018.0
Noisy fitness of best good: 1018.0
Real fitness of best bad: 1016.0
Noisy fitness of best bad: 1016.0

l: 85
Real fitness of mutation winner: 938.0
Noisy fitness of mutation winner: 938.0
Crossover offspring real fitness: [1016.0, 1015.0, 1017.0, 1017.0, 1015.0, 1016.0, 1017.0, 1017.0, 1016.0, 1016.0, 1015.0, 1016.0, 1015.0, 1017.0, 1017.0, 1016.0, 1016.0, 1015.0, 1017.0, 1013.0, 1017.0, 1016.0, 1016.0, 1014.0, 1014.0, 1015.0, 1015.0, 1017.0, 1016.0, 1017.0, 1017.0, 1017.0, 1014.0, 1016.0, 1017.0, 1015.0, 1017.0, 1016.0, 1016.0, 1017.0, 1016.0, 1017.0, 1017.0, 1017.0, 1017.0, 1016.0, 1016.0, 1017.0, 1016.0, 1017.0, 1015.0, 1016.0, 1014.0, 1017.0, 1017.0, 1016.0, 1017.0, 1017.0, 1015.0, 1016.0, 1016.0, 1017.0, 1016.0, 1017.0, 1013.0, 1016.0, 1015.0, 1017.0, 1015.0, 1016.0, 1017.0, 1017.0, 1018.0, 1017.0, 1017.0, 1015.0, 1015.0, 1015.0, 1015.0, 1017.0, 1017.0, 1014.0, 1017.0, 1015.0, 1015.0, 1017.0, 1014.0, 1018.0, 1016.0, 1015.0, 1017.0, 1017.0, 1017.0, 1016.0, 1017.0, 1017.0, 1015.0, 1017.0, 1016.0, 1016.0, 1016.0]
Crossover offspring noisy fitness: [1016.0, 1015.0, 1017.0, 1017.0, 1015.0, 1015.0, 1017.0, 1017.0, 1016.0, 1016.0, 1015.0, 1016.0, 1015.0, 1017.0, 1017.0, 1016.0, 1016.0, 1015.0, 1017.0, 1013.0, 1017.0, 1016.0, 1016.0, 1014.0, 1014.0, 1015.0, 1015.0, 1017.0, 1016.0, 1017.0, 1017.0, 1017.0, 1014.0, 1015.0, 1017.0, 1015.0, 1017.0, 1016.0, 1016.0, 1017.0, 1016.0, 1017.0, 1017.0, 1017.0, 1017.0, 1016.0, 1016.0, 1017.0, 1016.0, 1017.0, 1015.0, 1016.0, 1014.0, 1017.0, 1017.0, 1016.0, 1017.0, 1017.0, 1015.0, 1016.0, 1016.0, 1017.0, 1016.0, 1017.0, 1013.0, 1016.0, 1015.0, 1017.0, 1015.0, 1016.0, 1017.0, 1017.0, 1018.0, 1016.0, 1017.0, 1015.0, 1015.0, 1015.0, 1015.0, 1017.0, 1017.0, 1014.0, 1017.0, 1015.0, 1015.0, 1017.0, 1014.0, 1018.0, 1016.0, 1015.0, 1017.0, 1017.0, 1017.0, 1016.0, 1017.0, 1017.0, 1015.0, 1017.0, 1016.0, 1016.0, 1016.0]
Is bad individual winner: 0
Real fitness of best good: 1018.0
Noisy fitness of best good: 1018.0
Real fitness of best bad: 1016.0
Noisy fitness of best bad: 1016.0

l: 110
Real fitness of mutation winner: 913.0
Noisy fitness of mutation winner: 913.0
Crossover offspring real fitness: [1015.0, 1014.0, 1014.0, 1017.0, 1016.0, 1017.0, 1017.0, 1017.0, 1017.0, 1017.0, 1016.0, 1016.0, 1016.0, 1016.0, 1015.0, 1011.0, 1014.0, 1015.0, 1015.0, 1014.0, 1014.0, 1015.0, 1017.0, 1016.0, 1017.0, 1016.0, 1015.0, 1017.0, 1017.0, 1016.0, 1016.0, 1016.0, 1014.0, 1014.0, 1016.0, 1015.0, 1015.0, 1015.0, 1017.0, 1017.0, 1016.0, 1015.0, 1017.0, 1017.0, 1017.0, 1017.0, 1016.0, 1017.0, 1017.0, 1015.0, 1014.0, 1015.0, 1018.0, 1018.0, 1014.0, 1012.0, 1015.0, 1018.0, 1015.0, 1017.0, 1017.0, 1017.0, 1017.0, 1017.0, 1014.0, 1016.0, 1016.0, 1015.0, 1015.0, 1016.0, 1017.0, 1015.0, 1015.0, 1014.0, 1016.0, 1017.0, 1016.0, 1017.0, 1015.0, 1015.0, 1016.0, 1015.0, 1017.0, 1016.0, 1016.0, 1017.0, 1017.0, 1016.0, 1017.0, 1016.0, 1016.0, 1017.0, 1016.0, 1016.0, 1017.0, 1017.0, 1015.0, 1017.0, 1016.0, 1015.0, 1017.0]
Crossover offspring noisy fitness: [1015.0, 1014.0, 1014.0, 1017.0, 1016.0, 1017.0, 1017.0, 1017.0, 1017.0, 1017.0, 1016.0, 1016.0, 1016.0, 1016.0, 1015.0, 1011.0, 1014.0, 1015.0, 1015.0, 1014.0, 1014.0, 1015.0, 1017.0, 1016.0, 1017.0, 1016.0, 1015.0, 1017.0, 1017.0, 1016.0, 1016.0, 1015.0, 1014.0, 1014.0, 1016.0, 1015.0, 1015.0, 1015.0, 1017.0, 1017.0, 1016.0, 1015.0, 1016.0, 1017.0, 1017.0, 1017.0, 1016.0, 1017.0, 1017.0, 1015.0, 1014.0, 1015.0, 1018.0, 1018.0, 1014.0, 1012.0, 1015.0, 1018.0, 1015.0, 1017.0, 1017.0, 1017.0, 1017.0, 1017.0, 1014.0, 1016.0, 1015.0, 1015.0, 1015.0, 1016.0, 1017.0, 1015.0, 1015.0, 1014.0, 1016.0, 1017.0, 1016.0, 1017.0, 1014.0, 1015.0, 1016.0, 1015.0, 1017.0, 1016.0, 1016.0, 1017.0, 1017.0, 1015.0, 1017.0, 1016.0, 1016.0, 1016.0, 1016.0, 1016.0, 1017.0, 1017.0, 1015.0, 1017.0, 1016.0, 1015.0, 1017.0]
Is bad individual winner: 0
Real fitness of best good: 1018.0
Noisy fitness of best good: 1018.0
Real fitness of best bad: 1016.0
Noisy fitness of best bad: 1016.0

l: 109
Real fitness of mutation winner: 914.0
Noisy fitness of mutation winner: 914.0
Crossover offspring real fitness: [1015.0, 1013.0, 1016.0, 1016.0, 1016.0, 1017.0, 1016.0, 1016.0, 1017.0, 1017.0, 1017.0, 1017.0, 1014.0, 1016.0, 1016.0, 1014.0, 1016.0, 1015.0, 1016.0, 1016.0, 1015.0, 1016.0, 1017.0, 1016.0, 1017.0, 1015.0, 1016.0, 1017.0, 1016.0, 1017.0, 1015.0, 1016.0, 1016.0, 1016.0, 1016.0, 1014.0, 1016.0, 1017.0, 1015.0, 1015.0, 1016.0, 1016.0, 1016.0, 1017.0, 1017.0, 1017.0, 1017.0, 1017.0, 1014.0, 1016.0, 1016.0, 1015.0, 1016.0, 1017.0, 1016.0, 1015.0, 1017.0, 1017.0, 1015.0, 1017.0, 1016.0, 1017.0, 1014.0, 1017.0, 1017.0, 1016.0, 1017.0, 1016.0, 1016.0, 1015.0, 1015.0, 1017.0, 1015.0, 1017.0, 1015.0, 1016.0, 1016.0, 1016.0, 1016.0, 1014.0, 1014.0, 1017.0, 1017.0, 1014.0, 1017.0, 1016.0, 1015.0, 1016.0, 1015.0, 1017.0, 1017.0, 1015.0, 1017.0, 1016.0, 1017.0, 1016.0, 1017.0, 1016.0, 1016.0, 1016.0, 1017.0]
Crossover offspring noisy fitness: [1014.0, 1012.0, 1016.0, 1016.0, 1016.0, 1017.0, 1016.0, 1016.0, 1017.0, 1017.0, 1017.0, 1017.0, 1014.0, 1016.0, 1016.0, 1014.0, 1016.0, 1014.0, 1016.0, 1016.0, 1014.0, 1016.0, 1017.0, 1016.0, 1017.0, 1015.0, 1015.0, 1017.0, 1016.0, 1017.0, 1015.0, 1016.0, 1015.0, 1016.0, 1016.0, 1014.0, 1016.0, 1017.0, 1015.0, 1015.0, 1016.0, 1016.0, 1016.0, 1017.0, 1017.0, 1017.0, 1017.0, 1017.0, 1014.0, 1016.0, 1015.0, 1015.0, 1016.0, 1017.0, 1016.0, 1015.0, 1017.0, 1017.0, 1015.0, 1017.0, 1016.0, 1017.0, 1014.0, 1017.0, 1017.0, 1015.0, 1017.0, 1016.0, 1016.0, 1015.0, 1015.0, 1017.0, 1015.0, 1017.0, 1015.0, 1016.0, 1015.0, 1016.0, 1016.0, 1014.0, 1014.0, 1017.0, 1017.0, 1014.0, 1017.0, 1016.0, 1015.0, 1016.0, 1015.0, 1017.0, 1017.0, 1015.0, 1017.0, 1016.0, 1017.0, 1016.0, 1017.0, 1016.0, 1016.0, 1015.0, 1017.0]
Is bad individual winner: 0
Real fitness of best good: 1017.0
Noisy fitness of best good: 1017.0
Real fitness of best bad: 1016.0
Noisy fitness of best bad: 1016.0

l: 99
Real fitness of mutation winner: 926.0
Noisy fitness of mutation winner: 925.0
Crossover offspring real fitness: [1014.0, 1015.0, 1016.0, 1017.0, 1016.0, 1017.0, 1016.0, 1017.0, 1015.0, 1016.0, 1017.0, 1017.0, 1016.0, 1017.0, 1014.0, 1017.0, 1016.0, 1015.0, 1017.0, 1016.0, 1015.0, 1017.0, 1016.0, 1017.0, 1017.0, 1016.0, 1016.0, 1017.0, 1017.0, 1017.0, 1015.0, 1017.0, 1016.0, 1017.0, 1017.0, 1017.0, 1016.0, 1015.0, 1017.0, 1014.0, 1016.0, 1017.0, 1016.0, 1017.0, 1016.0, 1017.0, 1016.0, 1016.0, 1017.0, 1014.0, 1015.0, 1017.0, 1017.0, 1017.0, 1017.0, 1017.0, 1017.0, 1016.0, 1018.0, 1016.0, 1014.0, 1016.0, 1017.0, 1014.0, 1017.0, 1017.0, 1016.0, 1016.0, 1016.0, 1016.0, 1017.0, 1016.0, 1015.0, 1016.0, 1016.0, 1017.0, 1016.0, 1016.0, 1017.0, 1017.0, 1016.0, 1017.0, 1017.0, 1017.0, 1016.0, 1014.0, 1017.0, 1016.0, 1017.0, 1016.0, 1015.0, 1016.0, 1016.0, 1015.0, 1017.0, 1014.0, 1016.0, 1017.0, 1017.0, 1016.0, 1017.0]
Crossover offspring noisy fitness: [1014.0, 1015.0, 1016.0, 1017.0, 1016.0, 1017.0, 1016.0, 1017.0, 1015.0, 1016.0, 1016.0, 1017.0, 1016.0, 1017.0, 1014.0, 1017.0, 1016.0, 1015.0, 1017.0, 1016.0, 1015.0, 1017.0, 1016.0, 1017.0, 1017.0, 1016.0, 1016.0, 1017.0, 1017.0, 1017.0, 1015.0, 1017.0, 1016.0, 1017.0, 1017.0, 1017.0, 1016.0, 1015.0, 1017.0, 1014.0, 1016.0, 1017.0, 1016.0, 1017.0, 1016.0, 1017.0, 1016.0, 1016.0, 1016.0, 1014.0, 1015.0, 1016.0, 1017.0, 1017.0, 1016.0, 1017.0, 1017.0, 1015.0, 1018.0, 1016.0, 1013.0, 1016.0, 1017.0, 1014.0, 1016.0, 1017.0, 1016.0, 1016.0, 1016.0, 1016.0, 1017.0, 1016.0, 1015.0, 1016.0, 1016.0, 1017.0, 1016.0, 1016.0, 1016.0, 1017.0, 1015.0, 1017.0, 1017.0, 1017.0, 1016.0, 1014.0, 1017.0, 1016.0, 1017.0, 1016.0, 1015.0, 1016.0, 1016.0, 1014.0, 1017.0, 1014.0, 1016.0, 1017.0, 1017.0, 1016.0, 1017.0]
Is bad individual winner: 0
Real fitness of best good: 1018.0
Noisy fitness of best good: 1018.0
Real fitness of best bad: 1016.0
Noisy fitness of best bad: 1016.0

l: 110
Real fitness of mutation winner: 913.0
Noisy fitness of mutation winner: 913.0
Crossover offspring real fitness: [1016.0, 1016.0, 1017.0, 1017.0, 1017.0, 1016.0, 1016.0, 1017.0, 1018.0, 1014.0, 1015.0, 1016.0, 1016.0, 1017.0, 1017.0, 1016.0, 1017.0, 1016.0, 1017.0, 1017.0, 1017.0, 1015.0, 1016.0, 1016.0, 1017.0, 1016.0, 1017.0, 1017.0, 1015.0, 1017.0, 1015.0, 1015.0, 1015.0, 1017.0, 1017.0, 1017.0, 1014.0, 1016.0, 1017.0, 1016.0, 1016.0, 1016.0, 1017.0, 1016.0, 1017.0, 1017.0, 1017.0, 1015.0, 1015.0, 1014.0, 1016.0, 1017.0, 1018.0, 1017.0, 1015.0, 1017.0, 1016.0, 1017.0, 1015.0, 1015.0, 1015.0, 1017.0, 1016.0, 1017.0, 1016.0, 1017.0, 1016.0, 1015.0, 1017.0, 1015.0, 1016.0, 1016.0, 1016.0, 1016.0, 1016.0, 1017.0, 1017.0, 1015.0, 1017.0, 1014.0, 1017.0, 1016.0, 1017.0, 1015.0, 1016.0, 1014.0, 1017.0, 1015.0, 1017.0, 1014.0, 1017.0, 1017.0, 1014.0, 1016.0, 1017.0, 1015.0, 1017.0, 1017.0, 1016.0, 1015.0, 1017.0]
Crossover offspring noisy fitness: [1016.0, 1016.0, 1017.0, 1017.0, 1017.0, 1016.0, 1016.0, 1017.0, 1018.0, 1013.0, 1015.0, 1016.0, 1016.0, 1017.0, 1017.0, 1016.0, 1017.0, 1016.0, 1017.0, 1017.0, 1017.0, 1015.0, 1016.0, 1016.0, 1017.0, 1016.0, 1017.0, 1017.0, 1015.0, 1017.0, 1014.0, 1015.0, 1015.0, 1017.0, 1017.0, 1017.0, 1014.0, 1016.0, 1017.0, 1016.0, 1015.0, 1016.0, 1016.0, 1016.0, 1016.0, 1017.0, 1017.0, 1015.0, 1015.0, 1014.0, 1016.0, 1017.0, 1018.0, 1017.0, 1015.0, 1016.0, 1016.0, 1017.0, 1015.0, 1015.0, 1015.0, 1017.0, 1016.0, 1017.0, 1016.0, 1017.0, 1016.0, 1015.0, 1017.0, 1015.0, 1016.0, 1016.0, 1016.0, 1016.0, 1016.0, 1017.0, 1017.0, 1015.0, 1017.0, 1014.0, 1017.0, 1016.0, 1017.0, 1015.0, 1016.0, 1014.0, 1017.0, 1015.0, 1017.0, 1014.0, 1017.0, 1017.0, 1014.0, 1016.0, 1017.0, 1013.0, 1017.0, 1017.0, 1016.0, 1015.0, 1017.0]
Is bad individual winner: 0
Real fitness of best good: 1018.0
Noisy fitness of best good: 1018.0
Real fitness of best bad: 1016.0
Noisy fitness of best bad: 1016.0

l: 112
Real fitness of mutation winner: 911.0
Noisy fitness of mutation winner: 911.0
Crossover offspring real fitness: [1017.0, 1016.0, 1015.0, 1015.0, 1016.0, 1016.0, 1015.0, 1017.0, 1015.0, 1016.0, 1016.0, 1015.0, 1015.0, 1017.0, 1017.0, 1015.0, 1015.0, 1016.0, 1017.0, 1015.0, 1016.0, 1016.0, 1017.0, 1016.0, 1018.0, 1016.0, 1016.0, 1015.0, 1015.0, 1016.0, 1016.0, 1016.0, 1015.0, 1016.0, 1016.0, 1015.0, 1017.0, 1017.0, 1015.0, 1017.0, 1017.0, 1017.0, 1015.0, 1016.0, 1015.0, 1016.0, 1015.0, 1015.0, 1017.0, 1014.0, 1017.0, 1016.0, 1016.0, 1014.0, 1017.0, 1016.0, 1015.0, 1016.0, 1015.0, 1016.0, 1016.0, 1016.0, 1016.0, 1017.0, 1017.0, 1017.0, 1017.0, 1016.0, 1017.0, 1015.0, 1014.0, 1015.0, 1016.0, 1015.0, 1016.0, 1017.0, 1016.0, 1016.0, 1015.0, 1014.0, 1015.0, 1013.0, 1015.0, 1016.0, 1012.0, 1017.0, 1014.0, 1017.0, 1016.0, 1013.0, 1015.0, 1016.0, 1016.0, 1016.0, 1016.0, 1016.0, 1015.0, 1014.0, 1016.0, 1017.0, 1016.0]
Crossover offspring noisy fitness: [1017.0, 1016.0, 1014.0, 1015.0, 1016.0, 1016.0, 1015.0, 1017.0, 1015.0, 1016.0, 1016.0, 1015.0, 1015.0, 1017.0, 1017.0, 1015.0, 1015.0, 1016.0, 1017.0, 1015.0, 1016.0, 1016.0, 1017.0, 1016.0, 1018.0, 1016.0, 1016.0, 1015.0, 1015.0, 1016.0, 1016.0, 1016.0, 1015.0, 1016.0, 1016.0, 1015.0, 1017.0, 1017.0, 1015.0, 1017.0, 1017.0, 1017.0, 1015.0, 1016.0, 1015.0, 1016.0, 1015.0, 1015.0, 1017.0, 1014.0, 1017.0, 1016.0, 1016.0, 1014.0, 1016.0, 1016.0, 1015.0, 1016.0, 1015.0, 1016.0, 1016.0, 1016.0, 1016.0, 1017.0, 1017.0, 1017.0, 1017.0, 1016.0, 1017.0, 1015.0, 1014.0, 1015.0, 1016.0, 1015.0, 1016.0, 1017.0, 1016.0, 1016.0, 1015.0, 1014.0, 1015.0, 1013.0, 1015.0, 1015.0, 1012.0, 1017.0, 1014.0, 1017.0, 1016.0, 1013.0, 1015.0, 1016.0, 1016.0, 1016.0, 1016.0, 1016.0, 1015.0, 1013.0, 1016.0, 1017.0, 1016.0]
Is bad individual winner: 0
Real fitness of best good: 1018.0
Noisy fitness of best good: 1018.0
Real fitness of best bad: 1016.0
Noisy fitness of best bad: 1016.0

l: 81
Real fitness of mutation winner: 942.0
Noisy fitness of mutation winner: 942.0
Crossover offspring real fitness: [1017.0, 1017.0, 1017.0, 1017.0, 1017.0, 1017.0, 1015.0, 1017.0, 1017.0, 1017.0, 1016.0, 1017.0, 1017.0, 1016.0, 1016.0, 1016.0, 1016.0, 1016.0, 1016.0, 1017.0, 1016.0, 1017.0, 1017.0, 1016.0, 1017.0, 1017.0, 1016.0, 1014.0, 1017.0, 1016.0, 1016.0, 1016.0, 1017.0, 1017.0, 1017.0, 1015.0, 1017.0, 1017.0, 1015.0, 1015.0, 1017.0, 1017.0, 1016.0, 1016.0, 1017.0, 1017.0, 1017.0, 1017.0, 1015.0, 1016.0, 1017.0, 1017.0, 1015.0, 1014.0, 1016.0, 1016.0, 1016.0, 1017.0, 1018.0, 1016.0, 1016.0, 1016.0, 1016.0, 1017.0, 1016.0, 1017.0, 1017.0, 1016.0, 1017.0, 1016.0, 1018.0, 1016.0, 1017.0, 1017.0, 1016.0, 1017.0, 1016.0, 1017.0, 1017.0, 1016.0, 1017.0, 1017.0, 1017.0, 1017.0, 1015.0, 1016.0, 1015.0, 1017.0, 1016.0, 1017.0, 1016.0, 1014.0, 1016.0, 1017.0, 1017.0, 1016.0, 1014.0, 1016.0, 1017.0, 1017.0, 1016.0]
Crossover offspring noisy fitness: [1017.0, 1017.0, 1017.0, 1017.0, 1017.0, 1017.0, 1015.0, 1017.0, 1017.0, 1017.0, 1016.0, 1017.0, 1017.0, 1016.0, 1016.0, 1016.0, 1016.0, 1016.0, 1015.0, 1017.0, 1016.0, 1017.0, 1017.0, 1016.0, 1017.0, 1017.0, 1016.0, 1014.0, 1017.0, 1016.0, 1016.0, 1015.0, 1017.0, 1017.0, 1017.0, 1015.0, 1017.0, 1017.0, 1015.0, 1015.0, 1016.0, 1017.0, 1016.0, 1016.0, 1017.0, 1017.0, 1017.0, 1017.0, 1014.0, 1016.0, 1017.0, 1017.0, 1015.0, 1014.0, 1016.0, 1016.0, 1016.0, 1017.0, 1018.0, 1016.0, 1016.0, 1015.0, 1016.0, 1017.0, 1016.0, 1017.0, 1017.0, 1016.0, 1017.0, 1016.0, 1018.0, 1016.0, 1017.0, 1017.0, 1016.0, 1017.0, 1016.0, 1017.0, 1017.0, 1016.0, 1017.0, 1017.0, 1016.0, 1017.0, 1015.0, 1016.0, 1015.0, 1017.0, 1015.0, 1017.0, 1016.0, 1014.0, 1016.0, 1017.0, 1017.0, 1016.0, 1014.0, 1016.0, 1017.0, 1017.0, 1016.0]
Is bad individual winner: 0
Real fitness of best good: 1018.0
Noisy fitness of best good: 1018.0
Real fitness of best bad: 1016.0
Noisy fitness of best bad: 1016.0

l: 98
Real fitness of mutation winner: 927.0
Noisy fitness of mutation winner: 927.0
Crossover offspring real fitness: [1016.0, 1016.0, 1015.0, 1016.0, 1015.0, 1015.0, 1017.0, 1016.0, 1012.0, 1017.0, 1017.0, 1017.0, 1016.0, 1016.0, 1017.0, 1017.0, 1015.0, 1016.0, 1015.0, 1017.0, 1016.0, 1017.0, 1015.0, 1015.0, 1017.0, 1017.0, 1015.0, 1017.0, 1017.0, 1017.0, 1015.0, 1014.0, 1017.0, 1016.0, 1016.0, 1017.0, 1017.0, 1015.0, 1016.0, 1017.0, 1016.0, 1016.0, 1017.0, 1017.0, 1015.0, 1016.0, 1017.0, 1017.0, 1017.0, 1017.0, 1017.0, 1017.0, 1015.0, 1013.0, 1015.0, 1017.0, 1014.0, 1013.0, 1016.0, 1017.0, 1017.0, 1016.0, 1013.0, 1016.0, 1016.0, 1015.0, 1016.0, 1017.0, 1016.0, 1015.0, 1017.0, 1015.0, 1016.0, 1017.0, 1016.0, 1015.0, 1016.0, 1016.0, 1017.0, 1017.0, 1017.0, 1015.0, 1015.0, 1017.0, 1017.0, 1015.0, 1015.0, 1017.0, 1017.0, 1016.0, 1017.0, 1016.0, 1016.0, 1016.0, 1017.0, 1015.0, 1017.0, 1017.0, 1017.0, 1016.0, 1015.0]
Crossover offspring noisy fitness: [1015.0, 1016.0, 1015.0, 1016.0, 1015.0, 1015.0, 1017.0, 1016.0, 1012.0, 1017.0, 1017.0, 1017.0, 1016.0, 1016.0, 1017.0, 1017.0, 1015.0, 1016.0, 1015.0, 1017.0, 1016.0, 1017.0, 1015.0, 1015.0, 1017.0, 1016.0, 1015.0, 1017.0, 1017.0, 1017.0, 1015.0, 1014.0, 1017.0, 1016.0, 1016.0, 1017.0, 1017.0, 1015.0, 1016.0, 1017.0, 1016.0, 1016.0, 1017.0, 1017.0, 1015.0, 1016.0, 1017.0, 1017.0, 1017.0, 1017.0, 1017.0, 1017.0, 1015.0, 1013.0, 1015.0, 1017.0, 1014.0, 1013.0, 1016.0, 1017.0, 1017.0, 1016.0, 1013.0, 1016.0, 1016.0, 1015.0, 1016.0, 1016.0, 1016.0, 1015.0, 1017.0, 1015.0, 1016.0, 1017.0, 1016.0, 1015.0, 1016.0, 1016.0, 1017.0, 1017.0, 1017.0, 1015.0, 1015.0, 1016.0, 1017.0, 1015.0, 1015.0, 1016.0, 1017.0, 1016.0, 1017.0, 1015.0, 1016.0, 1016.0, 1017.0, 1015.0, 1017.0, 1017.0, 1017.0, 1016.0, 1015.0]
Is bad individual winner: 0
Real fitness of best good: 1017.0
Noisy fitness of best good: 1017.0
Real fitness of best bad: 1016.0
Noisy fitness of best bad: 1016.0

l: 96
Real fitness of mutation winner: 927.0
Noisy fitness of mutation winner: 927.0
Crossover offspring real fitness: [1017.0, 1017.0, 1016.0, 1017.0, 1017.0, 1015.0, 1014.0, 1017.0, 1015.0, 1017.0, 1017.0, 1016.0, 1017.0, 1015.0, 1016.0, 1016.0, 1014.0, 1016.0, 1016.0, 1015.0, 1015.0, 1017.0, 1015.0, 1016.0, 1016.0, 1014.0, 1016.0, 1015.0, 1016.0, 1016.0, 1017.0, 1016.0, 1016.0, 1016.0, 1016.0, 1015.0, 1016.0, 1017.0, 1016.0, 1016.0, 1017.0, 1017.0, 1017.0, 1016.0, 1017.0, 1017.0, 1014.0, 1016.0, 1016.0, 1013.0, 1015.0, 1017.0, 1015.0, 1016.0, 1016.0, 1017.0, 1017.0, 1017.0, 1016.0, 1016.0, 1017.0, 1016.0, 1017.0, 1017.0, 1014.0, 1017.0, 1016.0, 1016.0, 1017.0, 1016.0, 1017.0, 1014.0, 1015.0, 1017.0, 1016.0, 1015.0, 1017.0, 1016.0, 1015.0, 1017.0, 1015.0, 1017.0, 1017.0, 1016.0, 1016.0, 1015.0, 1017.0, 1015.0, 1017.0, 1015.0, 1016.0, 1016.0, 1016.0, 1017.0, 1015.0, 1017.0, 1016.0, 1016.0, 1015.0, 1016.0, 1017.0]
Crossover offspring noisy fitness: [1017.0, 1015.0, 1015.0, 1017.0, 1017.0, 1015.0, 1014.0, 1016.0, 1015.0, 1017.0, 1017.0, 1016.0, 1017.0, 1014.0, 1016.0, 1016.0, 1014.0, 1016.0, 1016.0, 1015.0, 1014.0, 1017.0, 1015.0, 1016.0, 1016.0, 1014.0, 1016.0, 1015.0, 1016.0, 1016.0, 1017.0, 1016.0, 1016.0, 1016.0, 1016.0, 1015.0, 1015.0, 1017.0, 1016.0, 1015.0, 1017.0, 1017.0, 1017.0, 1016.0, 1017.0, 1017.0, 1014.0, 1016.0, 1016.0, 1013.0, 1015.0, 1017.0, 1015.0, 1016.0, 1016.0, 1017.0, 1017.0, 1017.0, 1016.0, 1016.0, 1017.0, 1016.0, 1017.0, 1016.0, 1014.0, 1017.0, 1016.0, 1016.0, 1017.0, 1016.0, 1017.0, 1014.0, 1015.0, 1017.0, 1016.0, 1015.0, 1017.0, 1016.0, 1015.0, 1017.0, 1015.0, 1016.0, 1017.0, 1016.0, 1016.0, 1015.0, 1017.0, 1015.0, 1017.0, 1015.0, 1016.0, 1016.0, 1016.0, 1017.0, 1015.0, 1017.0, 1016.0, 1016.0, 1015.0, 1016.0, 1017.0]
Is bad individual winner: 0
Real fitness of best good: 1017.0
Noisy fitness of best good: 1017.0
Real fitness of best bad: 1016.0
Noisy fitness of best bad: 1016.0

l: 96
Real fitness of mutation winner: 927.0
Noisy fitness of mutation winner: 927.0
Crossover offspring real fitness: [1017.0, 1017.0, 1015.0, 1016.0, 1016.0, 1013.0, 1017.0, 1016.0, 1015.0, 1015.0, 1017.0, 1017.0, 1017.0, 1014.0, 1016.0, 1017.0, 1016.0, 1017.0, 1017.0, 1017.0, 1016.0, 1016.0, 1016.0, 1015.0, 1017.0, 1017.0, 1017.0, 1016.0, 1015.0, 1017.0, 1016.0, 1017.0, 1016.0, 1017.0, 1017.0, 1014.0, 1016.0, 1017.0, 1016.0, 1013.0, 1016.0, 1016.0, 1016.0, 1016.0, 1017.0, 1016.0, 1017.0, 1017.0, 1016.0, 1016.0, 1017.0, 1015.0, 1017.0, 1017.0, 1016.0, 1017.0, 1017.0, 1017.0, 1015.0, 1016.0, 1016.0, 1017.0, 1016.0, 1015.0, 1015.0, 1015.0, 1014.0, 1016.0, 1016.0, 1017.0, 1016.0, 1017.0, 1015.0, 1016.0, 1017.0, 1017.0, 1017.0, 1017.0, 1017.0, 1016.0, 1016.0, 1015.0, 1016.0, 1016.0, 1017.0, 1017.0, 1015.0, 1016.0, 1017.0, 1016.0, 1016.0, 1017.0, 1017.0, 1015.0, 1017.0, 1016.0, 1016.0, 1015.0, 1016.0, 1014.0, 1016.0]
Crossover offspring noisy fitness: [1017.0, 1017.0, 1015.0, 1016.0, 1016.0, 1013.0, 1017.0, 1015.0, 1014.0, 1015.0, 1016.0, 1017.0, 1017.0, 1014.0, 1016.0, 1017.0, 1016.0, 1017.0, 1017.0, 1017.0, 1016.0, 1016.0, 1016.0, 1015.0, 1017.0, 1017.0, 1017.0, 1016.0, 1015.0, 1017.0, 1016.0, 1017.0, 1016.0, 1017.0, 1017.0, 1014.0, 1016.0, 1017.0, 1016.0, 1013.0, 1016.0, 1016.0, 1016.0, 1015.0, 1017.0, 1016.0, 1017.0, 1017.0, 1016.0, 1016.0, 1017.0, 1015.0, 1017.0, 1017.0, 1016.0, 1017.0, 1017.0, 1017.0, 1015.0, 1016.0, 1016.0, 1017.0, 1016.0, 1015.0, 1015.0, 1014.0, 1014.0, 1016.0, 1016.0, 1017.0, 1016.0, 1017.0, 1015.0, 1016.0, 1017.0, 1017.0, 1017.0, 1017.0, 1017.0, 1016.0, 1016.0, 1015.0, 1015.0, 1016.0, 1017.0, 1017.0, 1015.0, 1016.0, 1017.0, 1016.0, 1016.0, 1017.0, 1017.0, 1015.0, 1017.0, 1016.0, 1016.0, 1015.0, 1016.0, 1014.0, 1016.0]
Is bad individual winner: 0
Real fitness of best good: 1017.0
Noisy fitness of best good: 1017.0
Real fitness of best bad: 1016.0
Noisy fitness of best bad: 1016.0

l: 91
Real fitness of mutation winner: 932.0
Noisy fitness of mutation winner: 932.0
Crossover offspring real fitness: [1016.0, 1017.0, 1016.0, 1017.0, 1017.0, 1017.0, 1017.0, 1018.0, 1015.0, 1016.0, 1017.0, 1017.0, 1016.0, 1016.0, 1016.0, 1017.0, 1016.0, 1017.0, 1016.0, 1016.0, 1017.0, 1016.0, 1016.0, 1017.0, 1016.0, 1016.0, 1017.0, 1014.0, 1016.0, 1017.0, 1017.0, 1017.0, 1016.0, 1015.0, 1017.0, 1017.0, 1013.0, 1016.0, 1013.0, 1016.0, 1014.0, 1016.0, 1015.0, 1015.0, 1015.0, 1017.0, 1013.0, 1016.0, 1017.0, 1016.0, 1016.0, 1017.0, 1015.0, 1017.0, 1016.0, 1017.0, 1015.0, 1017.0, 1015.0, 1017.0, 1016.0, 1014.0, 1016.0, 1016.0, 1016.0, 1017.0, 1017.0, 1016.0, 1015.0, 1016.0, 1017.0, 1016.0, 1016.0, 1015.0, 1016.0, 1017.0, 1017.0, 1017.0, 1015.0, 1016.0, 1017.0, 1013.0, 1016.0, 1016.0, 1016.0, 1016.0, 1016.0, 1016.0, 1017.0, 1016.0, 1016.0, 1016.0, 1017.0, 1016.0, 1016.0, 1017.0, 1015.0, 1016.0, 1017.0, 1017.0, 1015.0]
Crossover offspring noisy fitness: [1016.0, 1017.0, 1016.0, 1017.0, 1017.0, 1017.0, 1017.0, 1017.0, 1015.0, 1016.0, 1017.0, 1017.0, 1016.0, 1016.0, 1016.0, 1017.0, 1016.0, 1017.0, 1016.0, 1015.0, 1017.0, 1016.0, 1016.0, 1017.0, 1016.0, 1016.0, 1017.0, 1014.0, 1016.0, 1017.0, 1017.0, 1017.0, 1016.0, 1015.0, 1016.0, 1017.0, 1012.0, 1016.0, 1013.0, 1016.0, 1014.0, 1016.0, 1015.0, 1015.0, 1014.0, 1017.0, 1013.0, 1016.0, 1017.0, 1016.0, 1016.0, 1017.0, 1015.0, 1017.0, 1016.0, 1017.0, 1015.0, 1017.0, 1014.0, 1017.0, 1016.0, 1014.0, 1016.0, 1016.0, 1016.0, 1017.0, 1017.0, 1016.0, 1015.0, 1016.0, 1017.0, 1016.0, 1016.0, 1015.0, 1016.0, 1017.0, 1017.0, 1017.0, 1015.0, 1016.0, 1017.0, 1013.0, 1016.0, 1016.0, 1016.0, 1016.0, 1016.0, 1016.0, 1017.0, 1016.0, 1016.0, 1016.0, 1017.0, 1016.0, 1015.0, 1017.0, 1015.0, 1016.0, 1017.0, 1017.0, 1015.0]
Is bad individual winner: 0
Real fitness of best good: 1018.0
Noisy fitness of best good: 1017.0
Real fitness of best bad: 1016.0
Noisy fitness of best bad: 1016.0

l: 106
Real fitness of mutation winner: 917.0
Noisy fitness of mutation winner: 917.0
Crossover offspring real fitness: [1016.0, 1017.0, 1016.0, 1016.0, 1017.0, 1016.0, 1015.0, 1016.0, 1017.0, 1017.0, 1015.0, 1016.0, 1017.0, 1017.0, 1016.0, 1016.0, 1016.0, 1016.0, 1016.0, 1015.0, 1016.0, 1015.0, 1017.0, 1016.0, 1017.0, 1017.0, 1016.0, 1015.0, 1014.0, 1015.0, 1014.0, 1017.0, 1016.0, 1017.0, 1015.0, 1017.0, 1016.0, 1017.0, 1015.0, 1017.0, 1016.0, 1016.0, 1016.0, 1016.0, 1016.0, 1015.0, 1015.0, 1016.0, 1016.0, 1017.0, 1015.0, 1016.0, 1017.0, 1017.0, 1017.0, 1015.0, 1014.0, 1017.0, 1016.0, 1015.0, 1017.0, 1017.0, 1016.0, 1014.0, 1017.0, 1018.0, 1017.0, 1013.0, 1016.0, 1017.0, 1015.0, 1017.0, 1016.0, 1017.0, 1015.0, 1017.0, 1016.0, 1017.0, 1016.0, 1016.0, 1015.0, 1017.0, 1017.0, 1017.0, 1015.0, 1016.0, 1016.0, 1016.0, 1017.0, 1017.0, 1017.0, 1016.0, 1016.0, 1016.0, 1015.0, 1017.0, 1015.0, 1016.0, 1016.0, 1016.0, 1016.0]
Crossover offspring noisy fitness: [1016.0, 1017.0, 1016.0, 1015.0, 1017.0, 1016.0, 1014.0, 1016.0, 1017.0, 1016.0, 1015.0, 1016.0, 1017.0, 1017.0, 1016.0, 1016.0, 1015.0, 1016.0, 1015.0, 1015.0, 1016.0, 1015.0, 1017.0, 1016.0, 1017.0, 1017.0, 1016.0, 1015.0, 1014.0, 1015.0, 1014.0, 1017.0, 1016.0, 1017.0, 1015.0, 1017.0, 1016.0, 1017.0, 1015.0, 1017.0, 1016.0, 1016.0, 1016.0, 1016.0, 1016.0, 1015.0, 1015.0, 1016.0, 1016.0, 1017.0, 1015.0, 1016.0, 1017.0, 1017.0, 1017.0, 1015.0, 1014.0, 1017.0, 1016.0, 1015.0, 1017.0, 1017.0, 1016.0, 1014.0, 1017.0, 1018.0, 1016.0, 1013.0, 1016.0, 1017.0, 1015.0, 1017.0, 1016.0, 1017.0, 1015.0, 1017.0, 1016.0, 1017.0, 1016.0, 1015.0, 1015.0, 1017.0, 1017.0, 1017.0, 1015.0, 1016.0, 1016.0, 1016.0, 1017.0, 1017.0, 1017.0, 1016.0, 1016.0, 1016.0, 1015.0, 1017.0, 1015.0, 1016.0, 1016.0, 1016.0, 1016.0]
Is bad individual winner: 0
Real fitness of best good: 1018.0
Noisy fitness of best good: 1018.0
Real fitness of best bad: 1016.0
Noisy fitness of best bad: 1016.0

l: 114
Real fitness of mutation winner: 911.0
Noisy fitness of mutation winner: 911.0
Crossover offspring real fitness: [1016.0, 1017.0, 1017.0, 1017.0, 1017.0, 1016.0, 1015.0, 1017.0, 1017.0, 1015.0, 1016.0, 1017.0, 1015.0, 1017.0, 1016.0, 1016.0, 1015.0, 1017.0, 1015.0, 1012.0, 1017.0, 1017.0, 1017.0, 1015.0, 1014.0, 1016.0, 1015.0, 1017.0, 1015.0, 1014.0, 1017.0, 1016.0, 1016.0, 1016.0, 1015.0, 1017.0, 1014.0, 1017.0, 1017.0, 1017.0, 1015.0, 1017.0, 1016.0, 1017.0, 1016.0, 1016.0, 1017.0, 1014.0, 1015.0, 1017.0, 1017.0, 1016.0, 1017.0, 1016.0, 1016.0, 1016.0, 1017.0, 1018.0, 1016.0, 1013.0, 1018.0, 1015.0, 1017.0, 1015.0, 1017.0, 1016.0, 1015.0, 1017.0, 1017.0, 1017.0, 1016.0, 1016.0, 1015.0, 1017.0, 1018.0, 1017.0, 1014.0, 1017.0, 1016.0, 1015.0, 1017.0, 1017.0, 1016.0, 1016.0, 1017.0, 1015.0, 1016.0, 1015.0, 1014.0, 1017.0, 1015.0, 1017.0, 1016.0, 1016.0, 1016.0, 1015.0, 1014.0, 1016.0, 1016.0, 1017.0, 1016.0]
Crossover offspring noisy fitness: [1016.0, 1017.0, 1017.0, 1017.0, 1017.0, 1016.0, 1015.0, 1017.0, 1016.0, 1015.0, 1016.0, 1017.0, 1015.0, 1017.0, 1016.0, 1016.0, 1014.0, 1017.0, 1015.0, 1012.0, 1017.0, 1017.0, 1017.0, 1015.0, 1014.0, 1016.0, 1015.0, 1017.0, 1015.0, 1014.0, 1017.0, 1016.0, 1016.0, 1016.0, 1015.0, 1017.0, 1014.0, 1016.0, 1017.0, 1017.0, 1015.0, 1017.0, 1016.0, 1016.0, 1016.0, 1016.0, 1017.0, 1014.0, 1015.0, 1017.0, 1017.0, 1016.0, 1017.0, 1016.0, 1016.0, 1016.0, 1017.0, 1018.0, 1016.0, 1013.0, 1018.0, 1015.0, 1017.0, 1015.0, 1017.0, 1016.0, 1015.0, 1017.0, 1017.0, 1017.0, 1016.0, 1016.0, 1015.0, 1017.0, 1018.0, 1017.0, 1014.0, 1017.0, 1016.0, 1015.0, 1017.0, 1017.0, 1016.0, 1016.0, 1017.0, 1015.0, 1016.0, 1015.0, 1014.0, 1017.0, 1015.0, 1016.0, 1016.0, 1016.0, 1016.0, 1015.0, 1014.0, 1016.0, 1016.0, 1017.0, 1016.0]
Is bad individual winner: 0
Real fitness of best good: 1018.0
Noisy fitness of best good: 1018.0
Real fitness of best bad: 1016.0
Noisy fitness of best bad: 1016.0

l: 116
Real fitness of mutation winner: 909.0
Noisy fitness of mutation winner: 909.0
Crossover offspring real fitness: [1015.0, 1017.0, 1016.0, 1016.0, 1015.0, 1014.0, 1016.0, 1016.0, 1014.0, 1014.0, 1014.0, 1016.0, 1017.0, 1013.0, 1016.0, 1016.0, 1017.0, 1016.0, 1017.0, 1017.0, 1017.0, 1017.0, 1017.0, 1017.0, 1015.0, 1016.0, 1017.0, 1016.0, 1016.0, 1017.0, 1016.0, 1016.0, 1016.0, 1013.0, 1016.0, 1016.0, 1015.0, 1017.0, 1015.0, 1015.0, 1015.0, 1015.0, 1017.0, 1016.0, 1016.0, 1015.0, 1015.0, 1016.0, 1015.0, 1016.0, 1015.0, 1017.0, 1017.0, 1016.0, 1017.0, 1016.0, 1016.0, 1018.0, 1017.0, 1014.0, 1017.0, 1016.0, 1016.0, 1016.0, 1017.0, 1017.0, 1016.0, 1014.0, 1017.0, 1017.0, 1016.0, 1017.0, 1017.0, 1015.0, 1016.0, 1017.0, 1016.0, 1016.0, 1015.0, 1015.0, 1016.0, 1016.0, 1017.0, 1016.0, 1015.0, 1016.0, 1017.0, 1017.0, 1015.0, 1016.0, 1017.0, 1016.0, 1017.0, 1016.0, 1012.0, 1017.0, 1015.0, 1015.0, 1016.0, 1014.0, 1016.0]
Crossover offspring noisy fitness: [1015.0, 1017.0, 1016.0, 1016.0, 1015.0, 1014.0, 1016.0, 1016.0, 1014.0, 1014.0, 1014.0, 1016.0, 1017.0, 1013.0, 1015.0, 1016.0, 1017.0, 1016.0, 1017.0, 1017.0, 1017.0, 1017.0, 1017.0, 1017.0, 1015.0, 1016.0, 1017.0, 1016.0, 1016.0, 1017.0, 1016.0, 1016.0, 1016.0, 1013.0, 1016.0, 1016.0, 1015.0, 1017.0, 1015.0, 1015.0, 1015.0, 1015.0, 1017.0, 1016.0, 1016.0, 1015.0, 1015.0, 1016.0, 1015.0, 1015.0, 1015.0, 1017.0, 1017.0, 1016.0, 1017.0, 1016.0, 1016.0, 1017.0, 1016.0, 1014.0, 1017.0, 1016.0, 1016.0, 1016.0, 1017.0, 1017.0, 1016.0, 1014.0, 1017.0, 1017.0, 1016.0, 1017.0, 1017.0, 1015.0, 1015.0, 1017.0, 1016.0, 1016.0, 1015.0, 1015.0, 1016.0, 1016.0, 1017.0, 1016.0, 1015.0, 1016.0, 1017.0, 1017.0, 1015.0, 1016.0, 1017.0, 1016.0, 1017.0, 1016.0, 1012.0, 1017.0, 1015.0, 1014.0, 1016.0, 1014.0, 1016.0]
Is bad individual winner: 0
Real fitness of best good: 1018.0
Noisy fitness of best good: 1017.0
Real fitness of best bad: 1016.0
Noisy fitness of best bad: 1016.0

l: 100
Real fitness of mutation winner: 925.0
Noisy fitness of mutation winner: 925.0
Crossover offspring real fitness: [1016.0, 1014.0, 1015.0, 1016.0, 1017.0, 1015.0, 1017.0, 1017.0, 1017.0, 1015.0, 1017.0, 1017.0, 1017.0, 1016.0, 1016.0, 1017.0, 1016.0, 1016.0, 1016.0, 1014.0, 1017.0, 1016.0, 1016.0, 1017.0, 1017.0, 1014.0, 1015.0, 1016.0, 1016.0, 1015.0, 1017.0, 1015.0, 1017.0, 1017.0, 1014.0, 1015.0, 1016.0, 1015.0, 1017.0, 1016.0, 1016.0, 1015.0, 1017.0, 1017.0, 1017.0, 1016.0, 1017.0, 1017.0, 1014.0, 1017.0, 1016.0, 1017.0, 1017.0, 1016.0, 1016.0, 1015.0, 1017.0, 1015.0, 1017.0, 1015.0, 1017.0, 1017.0, 1017.0, 1017.0, 1016.0, 1017.0, 1016.0, 1016.0, 1015.0, 1017.0, 1016.0, 1015.0, 1014.0, 1017.0, 1017.0, 1017.0, 1015.0, 1016.0, 1017.0, 1016.0, 1016.0, 1016.0, 1016.0, 1017.0, 1014.0, 1017.0, 1017.0, 1016.0, 1016.0, 1015.0, 1017.0, 1016.0, 1014.0, 1017.0, 1017.0, 1016.0, 1015.0, 1017.0, 1017.0, 1017.0, 1017.0]
Crossover offspring noisy fitness: [1016.0, 1014.0, 1015.0, 1016.0, 1017.0, 1015.0, 1017.0, 1017.0, 1017.0, 1015.0, 1017.0, 1017.0, 1017.0, 1016.0, 1016.0, 1017.0, 1016.0, 1016.0, 1016.0, 1014.0, 1017.0, 1016.0, 1016.0, 1017.0, 1017.0, 1014.0, 1015.0, 1016.0, 1016.0, 1015.0, 1017.0, 1015.0, 1017.0, 1016.0, 1014.0, 1015.0, 1016.0, 1015.0, 1017.0, 1016.0, 1016.0, 1015.0, 1017.0, 1017.0, 1017.0, 1016.0, 1017.0, 1017.0, 1014.0, 1017.0, 1016.0, 1016.0, 1017.0, 1016.0, 1016.0, 1015.0, 1017.0, 1015.0, 1017.0, 1015.0, 1017.0, 1017.0, 1017.0, 1017.0, 1016.0, 1017.0, 1016.0, 1016.0, 1015.0, 1017.0, 1016.0, 1015.0, 1013.0, 1017.0, 1017.0, 1017.0, 1015.0, 1015.0, 1017.0, 1016.0, 1016.0, 1016.0, 1016.0, 1017.0, 1013.0, 1017.0, 1017.0, 1015.0, 1016.0, 1015.0, 1017.0, 1016.0, 1014.0, 1017.0, 1017.0, 1016.0, 1015.0, 1017.0, 1017.0, 1017.0, 1017.0]
Is bad individual winner: 0
Real fitness of best good: 1017.0
Noisy fitness of best good: 1017.0
Real fitness of best bad: 1016.0
Noisy fitness of best bad: 1016.0

l: 84
Real fitness of mutation winner: 939.0
Noisy fitness of mutation winner: 939.0
Crossover offspring real fitness: [1017.0, 1017.0, 1017.0, 1014.0, 1017.0, 1015.0, 1016.0, 1016.0, 1016.0, 1016.0, 1016.0, 1015.0, 1016.0, 1016.0, 1015.0, 1016.0, 1016.0, 1017.0, 1016.0, 1017.0, 1017.0, 1017.0, 1017.0, 1016.0, 1018.0, 1016.0, 1016.0, 1016.0, 1016.0, 1015.0, 1017.0, 1017.0, 1016.0, 1016.0, 1016.0, 1017.0, 1015.0, 1015.0, 1017.0, 1016.0, 1015.0, 1017.0, 1016.0, 1017.0, 1016.0, 1017.0, 1015.0, 1016.0, 1017.0, 1016.0, 1016.0, 1017.0, 1016.0, 1017.0, 1016.0, 1016.0, 1015.0, 1017.0, 1014.0, 1017.0, 1017.0, 1015.0, 1017.0, 1017.0, 1017.0, 1016.0, 1017.0, 1016.0, 1017.0, 1016.0, 1015.0, 1017.0, 1016.0, 1014.0, 1016.0, 1017.0, 1017.0, 1017.0, 1016.0, 1018.0, 1016.0, 1016.0, 1017.0, 1017.0, 1017.0, 1015.0, 1015.0, 1018.0, 1017.0, 1017.0, 1017.0, 1017.0, 1015.0, 1015.0, 1015.0, 1014.0, 1017.0, 1015.0, 1016.0, 1017.0, 1016.0]
Crossover offspring noisy fitness: [1017.0, 1017.0, 1017.0, 1014.0, 1017.0, 1015.0, 1016.0, 1016.0, 1016.0, 1016.0, 1015.0, 1015.0, 1016.0, 1016.0, 1015.0, 1016.0, 1016.0, 1017.0, 1016.0, 1017.0, 1017.0, 1017.0, 1017.0, 1016.0, 1018.0, 1016.0, 1016.0, 1015.0, 1016.0, 1015.0, 1017.0, 1017.0, 1016.0, 1016.0, 1016.0, 1017.0, 1015.0, 1015.0, 1017.0, 1016.0, 1015.0, 1017.0, 1016.0, 1017.0, 1015.0, 1017.0, 1015.0, 1016.0, 1017.0, 1016.0, 1016.0, 1017.0, 1016.0, 1017.0, 1016.0, 1016.0, 1015.0, 1017.0, 1014.0, 1017.0, 1017.0, 1015.0, 1017.0, 1017.0, 1017.0, 1016.0, 1017.0, 1016.0, 1017.0, 1016.0, 1014.0, 1017.0, 1016.0, 1014.0, 1017.0, 1017.0, 1017.0, 1017.0, 1016.0, 1017.0, 1016.0, 1016.0, 1017.0, 1017.0, 1017.0, 1015.0, 1015.0, 1018.0, 1017.0, 1017.0, 1017.0, 1017.0, 1015.0, 1015.0, 1015.0, 1014.0, 1017.0, 1015.0, 1016.0, 1017.0, 1016.0]
Is bad individual winner: 0
Real fitness of best good: 1018.0
Noisy fitness of best good: 1018.0
Real fitness of best bad: 1016.0
Noisy fitness of best bad: 1017.0

