l: 114
Real fitness of mutation winner: 909.0
Noisy fitness of mutation winner: 909.0
Crossover offspring real fitness: [1015.0, 1016.0, 1017.0, 1017.0, 1016.0, 1015.0, 1015.0, 1015.0, 1014.0, 1015.0, 1013.0, 1015.0, 1016.0, 1016.0, 1017.0, 1016.0, 1017.0, 1016.0, 1017.0, 1015.0, 1016.0, 1014.0, 1015.0, 1016.0, 1016.0, 1017.0, 1017.0, 1017.0, 1016.0, 1016.0, 1016.0, 1015.0, 1016.0, 1016.0, 1016.0, 1015.0, 1017.0, 1015.0, 1016.0, 1015.0, 1014.0, 1017.0, 1016.0, 1015.0, 1016.0, 1013.0, 1017.0, 1016.0, 1017.0, 1016.0, 1016.0, 1016.0, 1014.0, 1017.0, 1015.0, 1017.0, 1017.0, 1014.0, 1017.0, 1015.0, 1016.0, 1015.0, 1015.0, 1016.0, 1017.0, 1017.0, 1017.0, 1015.0, 1016.0, 1015.0, 1016.0, 1016.0, 1017.0, 1017.0, 1015.0, 1017.0, 1016.0, 1016.0, 1015.0, 1017.0, 1015.0, 1014.0, 1017.0, 1017.0, 1015.0, 1015.0, 1014.0, 1016.0, 1016.0, 1016.0, 1015.0, 1016.0, 1017.0, 1017.0, 1017.0, 1015.0, 1016.0, 1016.0, 1016.0, 1016.0, 1017.0]
Crossover offspring noisy fitness: [1015.0, 1016.0, 1017.0, 1017.0, 1016.0, 1015.0, 1015.0, 1015.0, 1014.0, 1015.0, 1013.0, 1015.0, 1016.0, 1016.0, 1017.0, 1016.0, 1017.0, 1016.0, 1017.0, 1014.0, 1016.0, 1014.0, 1015.0, 1016.0, 1016.0, 1017.0, 1017.0, 1017.0, 1016.0, 1016.0, 1016.0, 1015.0, 1016.0, 1016.0, 1016.0, 1015.0, 1016.0, 1015.0, 1016.0, 1015.0, 1014.0, 1017.0, 1016.0, 1015.0, 1015.0, 1013.0, 1017.0, 1016.0, 1017.0, 1016.0, 1016.0, 1016.0, 1014.0, 1017.0, 1015.0, 1016.0, 1017.0, 1014.0, 1017.0, 1015.0, 1016.0, 1015.0, 1015.0, 1016.0, 1017.0, 1017.0, 1017.0, 1015.0, 1016.0, 1015.0, 1016.0, 1016.0, 1017.0, 1017.0, 1015.0, 1017.0, 1016.0, 1016.0, 1015.0, 1017.0, 1015.0, 1014.0, 1017.0, 1017.0, 1015.0, 1015.0, 1014.0, 1015.0, 1016.0, 1016.0, 1015.0, 1016.0, 1017.0, 1017.0, 1017.0, 1015.0, 1016.0, 1016.0, 1016.0, 1016.0, 1017.0]
Is bad individual winner: 0
Real fitness of best good: 1017.0
Noisy fitness of best good: 1017.0
Real fitness of best bad: 1016.0
Noisy fitness of best bad: 1016.0

l: 97
Real fitness of mutation winner: 926.0
Noisy fitness of mutation winner: 926.0
Crossover offspring real fitness: [1015.0, 1017.0, 1017.0, 1016.0, 1017.0, 1015.0, 1015.0, 1017.0, 1016.0, 1017.0, 1017.0, 1017.0, 1016.0, 1016.0, 1015.0, 1016.0, 1017.0, 1016.0, 1014.0, 1016.0, 1017.0, 1017.0, 1017.0, 1016.0, 1015.0, 1016.0, 1016.0, 1016.0, 1016.0, 1017.0, 1016.0, 1017.0, 1017.0, 1017.0, 1017.0, 1017.0, 1015.0, 1016.0, 1016.0, 1016.0, 1017.0, 1017.0, 1017.0, 1016.0, 1017.0, 1017.0, 1015.0, 1015.0, 1016.0, 1014.0, 1016.0, 1017.0, 1015.0, 1015.0, 1014.0, 1016.0, 1016.0, 1016.0, 1017.0, 1017.0, 1016.0, 1015.0, 1017.0, 1016.0, 1016.0, 1016.0, 1016.0, 1017.0, 1015.0, 1016.0, 1017.0, 1017.0, 1015.0, 1016.0, 1016.0, 1017.0, 1017.0, 1016.0, 1017.0, 1017.0, 1017.0, 1017.0, 1014.0, 1016.0, 1017.0, 1016.0, 1017.0, 1017.0, 1015.0, 1017.0, 1016.0, 1017.0, 1018.0, 1017.0, 1013.0, 1017.0, 1017.0, 1016.0, 1016.0, 1016.0, 1017.0]
Crossover offspring noisy fitness: [1015.0, 1016.0, 1016.0, 1016.0, 1017.0, 1014.0, 1015.0, 1017.0, 1016.0, 1017.0, 1017.0, 1017.0, 1016.0, 1016.0, 1015.0, 1016.0, 1016.0, 1016.0, 1014.0, 1016.0, 1017.0, 1017.0, 1017.0, 1016.0, 1014.0, 1016.0, 1016.0, 1016.0, 1016.0, 1017.0, 1016.0, 1017.0, 1017.0, 1016.0, 1017.0, 1017.0, 1015.0, 1016.0, 1016.0, 1016.0, 1017.0, 1017.0, 1017.0, 1016.0, 1017.0, 1017.0, 1015.0, 1015.0, 1016.0, 1014.0, 1016.0, 1017.0, 1015.0, 1015.0, 1014.0, 1015.0, 1016.0, 1016.0, 1017.0, 1017.0, 1016.0, 1015.0, 1017.0, 1016.0, 1016.0, 1016.0, 1016.0, 1016.0, 1014.0, 1016.0, 1017.0, 1017.0, 1015.0, 1016.0, 1016.0, 1017.0, 1017.0, 1016.0, 1017.0, 1017.0, 1017.0, 1017.0, 1014.0, 1016.0, 1017.0, 1016.0, 1017.0, 1017.0, 1015.0, 1017.0, 1016.0, 1017.0, 1018.0, 1017.0, 1013.0, 1017.0, 1017.0, 1015.0, 1016.0, 1016.0, 1017.0]
Is bad individual winner: 0
Real fitness of best good: 1018.0
Noisy fitness of best good: 1018.0
Real fitness of best bad: 1016.0
Noisy fitness of best bad: 1016.0

l: 85
Real fitness of mutation winner: 938.0
Noisy fitness of mutation winner: 937.0
Crossover offspring real fitness: [1016.0, 1017.0, 1015.0, 1016.0, 1016.0, 1017.0, 1017.0, 1016.0, 1015.0, 1017.0, 1017.0, 1016.0, 1017.0, 1015.0, 1017.0, 1015.0, 1017.0, 1014.0, 1017.0, 1017.0, 1017.0, 1015.0, 1017.0, 1017.0, 1015.0, 1015.0, 1017.0, 1016.0, 1017.0, 1017.0, 1017.0, 1016.0, 1017.0, 1017.0, 1017.0, 1014.0, 1017.0, 1015.0, 1015.0, 1016.0, 1017.0, 1016.0, 1017.0, 1016.0, 1016.0, 1016.0, 1016.0, 1017.0, 1017.0, 1017.0, 1017.0, 1016.0, 1016.0, 1017.0, 1016.0, 1017.0, 1016.0, 1017.0, 1015.0, 1016.0, 1016.0, 1015.0, 1017.0, 1017.0, 1017.0, 1016.0, 1015.0, 1017.0, 1017.0, 1017.0, 1016.0, 1016.0, 1014.0, 1017.0, 1016.0, 1017.0, 1015.0, 1015.0, 1016.0, 1015.0, 1016.0, 1017.0, 1017.0, 1016.0, 1017.0, 1016.0, 1016.0, 1017.0, 1017.0, 1017.0, 1016.0, 1016.0, 1016.0, 1017.0, 1017.0, 1016.0, 1016.0, 1017.0, 1017.0, 1016.0, 1016.0]
Crossover offspring noisy fitness: [1016.0, 1017.0, 1015.0, 1016.0, 1016.0, 1016.0, 1016.0, 1016.0, 1015.0, 1017.0, 1017.0, 1016.0, 1017.0, 1015.0, 1017.0, 1015.0, 1017.0, 1014.0, 1017.0, 1017.0, 1017.0, 1015.0, 1017.0, 1017.0, 1015.0, 1015.0, 1017.0, 1016.0, 1017.0, 1017.0, 1017.0, 1016.0, 1017.0, 1016.0, 1017.0, 1014.0, 1017.0, 1015.0, 1015.0, 1016.0, 1017.0, 1016.0, 1017.0, 1016.0, 1016.0, 1016.0, 1016.0, 1016.0, 1017.0, 1016.0, 1017.0, 1016.0, 1016.0, 1017.0, 1016.0, 1017.0, 1016.0, 1017.0, 1015.0, 1016.0, 1016.0, 1015.0, 1017.0, 1017.0, 1017.0, 1016.0, 1015.0, 1017.0, 1017.0, 1017.0, 1016.0, 1016.0, 1014.0, 1017.0, 1016.0, 1017.0, 1014.0, 1015.0, 1016.0, 1015.0, 1016.0, 1017.0, 1017.0, 1016.0, 1017.0, 1016.0, 1016.0, 1017.0, 1017.0, 1017.0, 1016.0, 1016.0, 1016.0, 1017.0, 1017.0, 1016.0, 1015.0, 1017.0, 1017.0, 1016.0, 1016.0]
Is bad individual winner: 0
Real fitness of best good: 1017.0
Noisy fitness of best good: 1017.0
Real fitness of best bad: 1016.0
Noisy fitness of best bad: 1016.0

l: 105
Real fitness of mutation winner: 920.0
Noisy fitness of mutation winner: 920.0
Crossover offspring real fitness: [1016.0, 1017.0, 1016.0, 1017.0, 1016.0, 1017.0, 1016.0, 1017.0, 1017.0, 1016.0, 1017.0, 1015.0, 1016.0, 1017.0, 1016.0, 1017.0, 1017.0, 1017.0, 1015.0, 1017.0, 1016.0, 1016.0, 1014.0, 1016.0, 1015.0, 1017.0, 1015.0, 1017.0, 1016.0, 1016.0, 1017.0, 1017.0, 1017.0, 1017.0, 1016.0, 1017.0, 1017.0, 1014.0, 1016.0, 1017.0, 1016.0, 1016.0, 1016.0, 1017.0, 1017.0, 1014.0, 1014.0, 1016.0, 1016.0, 1015.0, 1014.0, 1018.0, 1017.0, 1015.0, 1014.0, 1016.0, 1017.0, 1016.0, 1017.0, 1015.0, 1017.0, 1017.0, 1017.0, 1014.0, 1017.0, 1017.0, 1016.0, 1017.0, 1016.0, 1016.0, 1015.0, 1015.0, 1016.0, 1016.0, 1016.0, 1014.0, 1016.0, 1017.0, 1016.0, 1016.0, 1017.0, 1016.0, 1014.0, 1017.0, 1017.0, 1017.0, 1017.0, 1015.0, 1016.0, 1015.0, 1015.0, 1017.0, 1017.0, 1015.0, 1016.0, 1017.0, 1016.0, 1016.0, 1016.0, 1016.0, 1016.0]
Crossover offspring noisy fitness: [1016.0, 1017.0, 1016.0, 1017.0, 1016.0, 1017.0, 1016.0, 1017.0, 1017.0, 1015.0, 1017.0, 1015.0, 1016.0, 1017.0, 1016.0, 1017.0, 1017.0, 1017.0, 1015.0, 1017.0, 1016.0, 1016.0, 1014.0, 1016.0, 1015.0, 1017.0, 1015.0, 1017.0, 1016.0, 1016.0, 1017.0, 1017.0, 1016.0, 1017.0, 1016.0, 1017.0, 1016.0, 1014.0, 1016.0, 1017.0, 1016.0, 1016.0, 1016.0, 1017.0, 1017.0, 1014.0, 1014.0, 1016.0, 1016.0, 1015.0, 1014.0, 1018.0, 1017.0, 1015.0, 1014.0, 1016.0, 1017.0, 1016.0, 1017.0, 1015.0, 1017.0, 1017.0, 1017.0, 1014.0, 1017.0, 1016.0, 1016.0, 1017.0, 1016.0, 1016.0, 1014.0, 1015.0, 1016.0, 1015.0, 1016.0, 1014.0, 1015.0, 1017.0, 1015.0, 1016.0, 1017.0, 1016.0, 1014.0, 1017.0, 1017.0, 1017.0, 1017.0, 1015.0, 1016.0, 1015.0, 1015.0, 1017.0, 1017.0, 1015.0, 1016.0, 1017.0, 1016.0, 1016.0, 1016.0, 1016.0, 1016.0]
Is bad individual winner: 0
Real fitness of best good: 1018.0
Noisy fitness of best good: 1018.0
Real fitness of best bad: 1016.0
Noisy fitness of best bad: 1016.0

l: 112
Real fitness of mutation winner: 911.0
Noisy fitness of mutation winner: 911.0
Crossover offspring real fitness: [1017.0, 1017.0, 1017.0, 1016.0, 1017.0, 1016.0, 1015.0, 1017.0, 1015.0, 1013.0, 1017.0, 1016.0, 1017.0, 1016.0, 1017.0, 1015.0, 1016.0, 1017.0, 1016.0, 1016.0, 1016.0, 1015.0, 1017.0, 1016.0, 1015.0, 1017.0, 1014.0, 1015.0, 1017.0, 1014.0, 1017.0, 1017.0, 1016.0, 1015.0, 1017.0, 1015.0, 1014.0, 1015.0, 1016.0, 1015.0, 1017.0, 1017.0, 1017.0, 1015.0, 1017.0, 1016.0, 1017.0, 1015.0, 1016.0, 1016.0, 1017.0, 1013.0, 1017.0, 1015.0, 1016.0, 1017.0, 1015.0, 1017.0, 1017.0, 1016.0, 1015.0, 1017.0, 1017.0, 1016.0, 1016.0, 1016.0, 1017.0, 1016.0, 1018.0, 1017.0, 1016.0, 1015.0, 1017.0, 1015.0, 1016.0, 1017.0, 1016.0, 1016.0, 1016.0, 1015.0, 1016.0, 1015.0, 1017.0, 1017.0, 1017.0, 1014.0, 1016.0, 1014.0, 1017.0, 1017.0, 1016.0, 1016.0, 1015.0, 1016.0, 1015.0, 1015.0, 1017.0, 1015.0, 1015.0, 1016.0, 1016.0]
Crossover offspring noisy fitness: [1017.0, 1017.0, 1017.0, 1016.0, 1017.0, 1016.0, 1015.0, 1017.0, 1015.0, 1013.0, 1017.0, 1016.0, 1017.0, 1016.0, 1017.0, 1015.0, 1016.0, 1017.0, 1016.0, 1016.0, 1016.0, 1015.0, 1017.0, 1016.0, 1015.0, 1017.0, 1014.0, 1015.0, 1017.0, 1014.0, 1017.0, 1017.0, 1016.0, 1015.0, 1017.0, 1015.0, 1014.0, 1015.0, 1016.0, 1015.0, 1017.0, 1017.0, 1017.0, 1015.0, 1016.0, 1016.0, 1017.0, 1015.0, 1016.0, 1016.0, 1017.0, 1013.0, 1017.0, 1015.0, 1016.0, 1017.0, 1015.0, 1017.0, 1017.0, 1016.0, 1015.0, 1017.0, 1016.0, 1016.0, 1016.0, 1016.0, 1017.0, 1016.0, 1018.0, 1017.0, 1016.0, 1015.0, 1017.0, 1015.0, 1016.0, 1017.0, 1016.0, 1016.0, 1016.0, 1015.0, 1016.0, 1015.0, 1017.0, 1017.0, 1017.0, 1014.0, 1016.0, 1014.0, 1017.0, 1017.0, 1016.0, 1016.0, 1015.0, 1016.0, 1015.0, 1015.0, 1017.0, 1015.0, 1015.0, 1016.0, 1016.0]
Is bad individual winner: 0
Real fitness of best good: 1018.0
Noisy fitness of best good: 1018.0
Real fitness of best bad: 1016.0
Noisy fitness of best bad: 1016.0

l: 105
Real fitness of mutation winner: 916.0
Noisy fitness of mutation winner: 916.0
Crossover offspring real fitness: [1015.0, 1016.0, 1016.0, 1016.0, 1017.0, 1016.0, 1016.0, 1017.0, 1017.0, 1017.0, 1017.0, 1015.0, 1015.0, 1016.0, 1016.0, 1016.0, 1016.0, 1016.0, 1014.0, 1017.0, 1013.0, 1016.0, 1015.0, 1017.0, 1017.0, 1014.0, 1018.0, 1017.0, 1016.0, 1015.0, 1016.0, 1016.0, 1016.0, 1017.0, 1016.0, 1016.0, 1016.0, 1015.0, 1017.0, 1016.0, 1017.0, 1016.0, 1016.0, 1016.0, 1017.0, 1017.0, 1017.0, 1015.0, 1017.0, 1017.0, 1016.0, 1014.0, 1017.0, 1017.0, 1016.0, 1015.0, 1017.0, 1015.0, 1016.0, 1017.0, 1017.0, 1017.0, 1017.0, 1016.0, 1016.0, 1015.0, 1017.0, 1016.0, 1015.0, 1014.0, 1016.0, 1017.0, 1016.0, 1017.0, 1017.0, 1015.0, 1017.0, 1016.0, 1016.0, 1016.0, 1017.0, 1017.0, 1017.0, 1016.0, 1017.0, 1017.0, 1015.0, 1015.0, 1015.0, 1016.0, 1014.0, 1017.0, 1017.0, 1017.0, 1017.0, 1017.0, 1017.0, 1017.0, 1016.0, 1014.0, 1016.0]
Crossover offspring noisy fitness: [1015.0, 1016.0, 1016.0, 1016.0, 1017.0, 1016.0, 1016.0, 1017.0, 1017.0, 1017.0, 1017.0, 1015.0, 1015.0, 1016.0, 1016.0, 1016.0, 1016.0, 1016.0, 1014.0, 1017.0, 1013.0, 1016.0, 1015.0, 1017.0, 1017.0, 1014.0, 1018.0, 1017.0, 1016.0, 1015.0, 1016.0, 1016.0, 1016.0, 1017.0, 1015.0, 1016.0, 1016.0, 1015.0, 1017.0, 1016.0, 1017.0, 1016.0, 1016.0, 1016.0, 1017.0, 1017.0, 1017.0, 1015.0, 1017.0, 1016.0, 1016.0, 1014.0, 1017.0, 1017.0, 1016.0, 1015.0, 1017.0, 1015.0, 1016.0, 1017.0, 1017.0, 1017.0, 1017.0, 1016.0, 1016.0, 1015.0, 1017.0, 1016.0, 1015.0, 1014.0, 1016.0, 1017.0, 1016.0, 1017.0, 1017.0, 1015.0, 1017.0, 1016.0, 1016.0, 1016.0, 1017.0, 1017.0, 1017.0, 1015.0, 1017.0, 1017.0, 1015.0, 1015.0, 1015.0, 1016.0, 1014.0, 1017.0, 1017.0, 1017.0, 1017.0, 1017.0, 1017.0, 1017.0, 1016.0, 1014.0, 1016.0]
Is bad individual winner: 0
Real fitness of best good: 1018.0
Noisy fitness of best good: 1018.0
Real fitness of best bad: 1016.0
Noisy fitness of best bad: 1016.0

l: 107
Real fitness of mutation winner: 916.0
Noisy fitness of mutation winner: 916.0
Crossover offspring real fitness: [1015.0, 1013.0, 1016.0, 1016.0, 1016.0, 1016.0, 1017.0, 1017.0, 1015.0, 1017.0, 1016.0, 1016.0, 1015.0, 1016.0, 1017.0, 1017.0, 1016.0, 1016.0, 1016.0, 1015.0, 1016.0, 1015.0, 1014.0, 1015.0, 1015.0, 1015.0, 1014.0, 1016.0, 1016.0, 1013.0, 1017.0, 1016.0, 1017.0, 1014.0, 1017.0, 1016.0, 1016.0, 1016.0, 1015.0, 1018.0, 1016.0, 1017.0, 1016.0, 1016.0, 1016.0, 1014.0, 1017.0, 1016.0, 1017.0, 1017.0, 1017.0, 1015.0, 1014.0, 1015.0, 1017.0, 1014.0, 1016.0, 1016.0, 1016.0, 1015.0, 1016.0, 1015.0, 1016.0, 1016.0, 1017.0, 1017.0, 1016.0, 1016.0, 1017.0, 1016.0, 1015.0, 1014.0, 1016.0, 1017.0, 1016.0, 1016.0, 1016.0, 1016.0, 1016.0, 1017.0, 1017.0, 1016.0, 1016.0, 1016.0, 1017.0, 1015.0, 1014.0, 1015.0, 1014.0, 1017.0, 1017.0, 1015.0, 1016.0, 1016.0, 1016.0, 1016.0, 1015.0, 1017.0, 1017.0, 1014.0, 1015.0]
Crossover offspring noisy fitness: [1015.0, 1013.0, 1016.0, 1016.0, 1016.0, 1016.0, 1017.0, 1017.0, 1015.0, 1017.0, 1016.0, 1016.0, 1015.0, 1016.0, 1017.0, 1017.0, 1016.0, 1016.0, 1016.0, 1015.0, 1016.0, 1015.0, 1014.0, 1015.0, 1015.0, 1015.0, 1014.0, 1016.0, 1016.0, 1013.0, 1017.0, 1016.0, 1017.0, 1014.0, 1017.0, 1016.0, 1016.0, 1016.0, 1015.0, 1018.0, 1016.0, 1017.0, 1016.0, 1016.0, 1016.0, 1014.0, 1017.0, 1016.0, 1017.0, 1017.0, 1017.0, 1015.0, 1014.0, 1015.0, 1017.0, 1014.0, 1016.0, 1016.0, 1016.0, 1015.0, 1016.0, 1015.0, 1016.0, 1016.0, 1017.0, 1016.0, 1016.0, 1016.0, 1017.0, 1016.0, 1015.0, 1014.0, 1016.0, 1017.0, 1016.0, 1016.0, 1016.0, 1016.0, 1016.0, 1017.0, 1017.0, 1016.0, 1016.0, 1016.0, 1017.0, 1015.0, 1014.0, 1015.0, 1014.0, 1017.0, 1017.0, 1015.0, 1016.0, 1016.0, 1016.0, 1016.0, 1015.0, 1017.0, 1017.0, 1014.0, 1015.0]
Is bad individual winner: 0
Real fitness of best good: 1018.0
Noisy fitness of best good: 1018.0
Real fitness of best bad: 1016.0
Noisy fitness of best bad: 1016.0

l: 89
Real fitness of mutation winner: 934.0
Noisy fitness of mutation winner: 934.0
Crossover offspring real fitness: [1013.0, 1016.0, 1017.0, 1017.0, 1017.0, 1016.0, 1016.0, 1017.0, 1017.0, 1017.0, 1014.0, 1017.0, 1017.0, 1017.0, 1017.0, 1017.0, 1017.0, 1016.0, 1016.0, 1017.0, 1017.0, 1016.0, 1015.0, 1014.0, 1017.0, 1017.0, 1017.0, 1016.0, 1015.0, 1017.0, 1015.0, 1016.0, 1017.0, 1016.0, 1017.0, 1017.0, 1014.0, 1017.0, 1017.0, 1016.0, 1016.0, 1016.0, 1015.0, 1017.0, 1017.0, 1017.0, 1016.0, 1017.0, 1017.0, 1017.0, 1017.0, 1017.0, 1017.0, 1015.0, 1016.0, 1016.0, 1015.0, 1016.0, 1017.0, 1016.0, 1014.0, 1016.0, 1017.0, 1016.0, 1016.0, 1016.0, 1017.0, 1017.0, 1017.0, 1017.0, 1017.0, 1015.0, 1017.0, 1016.0, 1017.0, 1017.0, 1016.0, 1017.0, 1015.0, 1016.0, 1017.0, 1016.0, 1015.0, 1016.0, 1015.0, 1016.0, 1017.0, 1017.0, 1016.0, 1017.0, 1015.0, 1014.0, 1017.0, 1017.0, 1017.0, 1016.0, 1017.0, 1015.0, 1016.0, 1015.0, 1016.0]
Crossover offspring noisy fitness: [1013.0, 1016.0, 1017.0, 1017.0, 1017.0, 1016.0, 1016.0, 1016.0, 1017.0, 1017.0, 1014.0, 1017.0, 1017.0, 1017.0, 1017.0, 1017.0, 1017.0, 1016.0, 1016.0, 1017.0, 1017.0, 1016.0, 1015.0, 1014.0, 1017.0, 1017.0, 1017.0, 1016.0, 1015.0, 1017.0, 1015.0, 1016.0, 1017.0, 1016.0, 1017.0, 1017.0, 1014.0, 1017.0, 1017.0, 1016.0, 1016.0, 1016.0, 1015.0, 1017.0, 1017.0, 1017.0, 1016.0, 1017.0, 1016.0, 1017.0, 1017.0, 1017.0, 1017.0, 1015.0, 1016.0, 1016.0, 1015.0, 1015.0, 1017.0, 1016.0, 1014.0, 1016.0, 1017.0, 1016.0, 1016.0, 1016.0, 1017.0, 1017.0, 1017.0, 1017.0, 1017.0, 1015.0, 1017.0, 1016.0, 1017.0, 1017.0, 1016.0, 1017.0, 1015.0, 1016.0, 1017.0, 1016.0, 1015.0, 1016.0, 1015.0, 1016.0, 1017.0, 1017.0, 1016.0, 1017.0, 1015.0, 1014.0, 1017.0, 1017.0, 1017.0, 1016.0, 1017.0, 1015.0, 1016.0, 1015.0, 1015.0]
Is bad individual winner: 0
Real fitness of best good: 1017.0
Noisy fitness of best good: 1017.0
Real fitness of best bad: 1016.0
Noisy fitness of best bad: 1016.0

l: 109
Real fitness of mutation winner: 916.0
Noisy fitness of mutation winner: 916.0
Crossover offspring real fitness: [1014.0, 1015.0, 1017.0, 1018.0, 1014.0, 1016.0, 1017.0, 1016.0, 1015.0, 1016.0, 1017.0, 1016.0, 1017.0, 1016.0, 1015.0, 1017.0, 1017.0, 1017.0, 1015.0, 1016.0, 1017.0, 1017.0, 1015.0, 1017.0, 1013.0, 1016.0, 1017.0, 1017.0, 1017.0, 1016.0, 1018.0, 1017.0, 1017.0, 1016.0, 1017.0, 1016.0, 1016.0, 1017.0, 1017.0, 1016.0, 1017.0, 1017.0, 1015.0, 1017.0, 1014.0, 1017.0, 1016.0, 1017.0, 1017.0, 1015.0, 1017.0, 1016.0, 1014.0, 1016.0, 1016.0, 1017.0, 1017.0, 1016.0, 1017.0, 1014.0, 1016.0, 1016.0, 1015.0, 1015.0, 1017.0, 1016.0, 1016.0, 1015.0, 1016.0, 1017.0, 1016.0, 1017.0, 1017.0, 1017.0, 1016.0, 1017.0, 1015.0, 1016.0, 1016.0, 1016.0, 1016.0, 1017.0, 1016.0, 1015.0, 1015.0, 1017.0, 1016.0, 1015.0, 1017.0, 1016.0, 1017.0, 1016.0, 1015.0, 1016.0, 1015.0, 1016.0, 1017.0, 1017.0, 1015.0, 1015.0, 1016.0]
Crossover offspring noisy fitness: [1014.0, 1015.0, 1017.0, 1018.0, 1014.0, 1015.0, 1017.0, 1016.0, 1015.0, 1016.0, 1017.0, 1016.0, 1017.0, 1016.0, 1015.0, 1017.0, 1017.0, 1017.0, 1015.0, 1016.0, 1017.0, 1017.0, 1015.0, 1017.0, 1013.0, 1016.0, 1017.0, 1017.0, 1017.0, 1016.0, 1018.0, 1017.0, 1017.0, 1016.0, 1017.0, 1016.0, 1016.0, 1017.0, 1017.0, 1016.0, 1017.0, 1017.0, 1015.0, 1017.0, 1014.0, 1017.0, 1016.0, 1017.0, 1017.0, 1015.0, 1016.0, 1016.0, 1014.0, 1015.0, 1016.0, 1017.0, 1017.0, 1015.0, 1017.0, 1014.0, 1016.0, 1016.0, 1015.0, 1015.0, 1017.0, 1016.0, 1016.0, 1015.0, 1016.0, 1016.0, 1016.0, 1017.0, 1017.0, 1017.0, 1016.0, 1017.0, 1015.0, 1016.0, 1016.0, 1016.0, 1016.0, 1017.0, 1016.0, 1015.0, 1015.0, 1017.0, 1016.0, 1015.0, 1017.0, 1015.0, 1017.0, 1016.0, 1015.0, 1016.0, 1015.0, 1016.0, 1017.0, 1017.0, 1015.0, 1015.0, 1016.0]
Is bad individual winner: 0
Real fitness of best good: 1018.0
Noisy fitness of best good: 1018.0
Real fitness of best bad: 1016.0
Noisy fitness of best bad: 1016.0

l: 99
Real fitness of mutation winner: 926.0
Noisy fitness of mutation winner: 926.0
Crossover offspring real fitness: [1016.0, 1015.0, 1016.0, 1017.0, 1016.0, 1014.0, 1015.0, 1016.0, 1017.0, 1017.0, 1017.0, 1016.0, 1016.0, 1016.0, 1015.0, 1016.0, 1016.0, 1016.0, 1017.0, 1017.0, 1016.0, 1017.0, 1017.0, 1015.0, 1015.0, 1015.0, 1017.0, 1015.0, 1017.0, 1018.0, 1016.0, 1017.0, 1017.0, 1017.0, 1014.0, 1015.0, 1016.0, 1017.0, 1015.0, 1017.0, 1018.0, 1015.0, 1016.0, 1015.0, 1016.0, 1015.0, 1018.0, 1017.0, 1017.0, 1017.0, 1017.0, 1017.0, 1015.0, 1017.0, 1014.0, 1017.0, 1016.0, 1014.0, 1016.0, 1015.0, 1016.0, 1018.0, 1016.0, 1015.0, 1016.0, 1017.0, 1017.0, 1015.0, 1015.0, 1017.0, 1016.0, 1017.0, 1016.0, 1016.0, 1016.0, 1016.0, 1016.0, 1016.0, 1017.0, 1016.0, 1016.0, 1015.0, 1016.0, 1017.0, 1017.0, 1017.0, 1014.0, 1017.0, 1017.0, 1016.0, 1017.0, 1017.0, 1014.0, 1017.0, 1016.0, 1016.0, 1017.0, 1017.0, 1017.0, 1016.0, 1016.0]
Crossover offspring noisy fitness: [1016.0, 1015.0, 1016.0, 1017.0, 1016.0, 1014.0, 1015.0, 1016.0, 1017.0, 1017.0, 1017.0, 1016.0, 1016.0, 1016.0, 1014.0, 1016.0, 1016.0, 1016.0, 1017.0, 1017.0, 1016.0, 1017.0, 1017.0, 1015.0, 1015.0, 1015.0, 1017.0, 1015.0, 1017.0, 1018.0, 1016.0, 1017.0, 1017.0, 1017.0, 1014.0, 1015.0, 1016.0, 1016.0, 1015.0, 1017.0, 1018.0, 1015.0, 1016.0, 1015.0, 1016.0, 1015.0, 1017.0, 1017.0, 1017.0, 1017.0, 1017.0, 1017.0, 1015.0, 1017.0, 1014.0, 1017.0, 1016.0, 1013.0, 1016.0, 1015.0, 1016.0, 1018.0, 1016.0, 1015.0, 1016.0, 1017.0, 1017.0, 1015.0, 1014.0, 1017.0, 1016.0, 1017.0, 1016.0, 1016.0, 1016.0, 1015.0, 1016.0, 1016.0, 1017.0, 1016.0, 1016.0, 1015.0, 1016.0, 1017.0, 1017.0, 1017.0, 1014.0, 1017.0, 1017.0, 1016.0, 1017.0, 1017.0, 1014.0, 1017.0, 1016.0, 1016.0, 1017.0, 1017.0, 1017.0, 1016.0, 1016.0]
Is bad individual winner: 0
Real fitness of best good: 1018.0
Noisy fitness of best good: 1018.0
Real fitness of best bad: 1016.0
Noisy fitness of best bad: 1016.0

l: 96
Real fitness of mutation winner: 929.0
Noisy fitness of mutation winner: 929.0
Crossover offspring real fitness: [1015.0, 1017.0, 1017.0, 1016.0, 1016.0, 1017.0, 1015.0, 1016.0, 1015.0, 1017.0, 1017.0, 1016.0, 1017.0, 1017.0, 1017.0, 1017.0, 1017.0, 1017.0, 1015.0, 1017.0, 1016.0, 1017.0, 1017.0, 1016.0, 1016.0, 1017.0, 1015.0, 1016.0, 1016.0, 1013.0, 1017.0, 1016.0, 1015.0, 1017.0, 1014.0, 1016.0, 1015.0, 1016.0, 1015.0, 1015.0, 1016.0, 1015.0, 1016.0, 1017.0, 1013.0, 1016.0, 1017.0, 1017.0, 1015.0, 1016.0, 1017.0, 1017.0, 1016.0, 1015.0, 1016.0, 1015.0, 1017.0, 1016.0, 1017.0, 1017.0, 1017.0, 1017.0, 1016.0, 1014.0, 1017.0, 1017.0, 1016.0, 1017.0, 1014.0, 1015.0, 1015.0, 1016.0, 1017.0, 1017.0, 1016.0, 1014.0, 1016.0, 1016.0, 1015.0, 1016.0, 1017.0, 1015.0, 1016.0, 1016.0, 1016.0, 1016.0, 1017.0, 1017.0, 1017.0, 1015.0, 1016.0, 1016.0, 1017.0, 1017.0, 1016.0, 1015.0, 1014.0, 1016.0, 1016.0, 1015.0, 1016.0]
Crossover offspring noisy fitness: [1015.0, 1017.0, 1017.0, 1016.0, 1016.0, 1017.0, 1015.0, 1016.0, 1015.0, 1017.0, 1017.0, 1016.0, 1017.0, 1017.0, 1017.0, 1017.0, 1017.0, 1017.0, 1015.0, 1017.0, 1016.0, 1017.0, 1017.0, 1016.0, 1016.0, 1017.0, 1015.0, 1016.0, 1016.0, 1013.0, 1017.0, 1016.0, 1015.0, 1017.0, 1014.0, 1016.0, 1015.0, 1016.0, 1015.0, 1015.0, 1016.0, 1015.0, 1016.0, 1017.0, 1013.0, 1016.0, 1017.0, 1017.0, 1015.0, 1016.0, 1017.0, 1017.0, 1015.0, 1015.0, 1016.0, 1015.0, 1017.0, 1016.0, 1017.0, 1017.0, 1017.0, 1017.0, 1016.0, 1014.0, 1017.0, 1017.0, 1016.0, 1017.0, 1014.0, 1015.0, 1015.0, 1016.0, 1017.0, 1017.0, 1016.0, 1014.0, 1015.0, 1016.0, 1015.0, 1016.0, 1017.0, 1015.0, 1016.0, 1016.0, 1016.0, 1016.0, 1017.0, 1017.0, 1017.0, 1015.0, 1016.0, 1016.0, 1017.0, 1017.0, 1016.0, 1015.0, 1014.0, 1016.0, 1016.0, 1015.0, 1016.0]
Is bad individual winner: 0
Real fitness of best good: 1017.0
Noisy fitness of best good: 1017.0
Real fitness of best bad: 1016.0
Noisy fitness of best bad: 1016.0

l: 95
Real fitness of mutation winner: 928.0
Noisy fitness of mutation winner: 928.0
Crossover offspring real fitness: [1014.0, 1015.0, 1016.0, 1015.0, 1018.0, 1016.0, 1016.0, 1017.0, 1017.0, 1017.0, 1015.0, 1016.0, 1017.0, 1015.0, 1017.0, 1017.0, 1017.0, 1016.0, 1017.0, 1016.0, 1016.0, 1016.0, 1017.0, 1015.0, 1016.0, 1017.0, 1017.0, 1016.0, 1018.0, 1017.0, 1017.0, 1017.0, 1017.0, 1016.0, 1017.0, 1015.0, 1015.0, 1016.0, 1015.0, 1017.0, 1016.0, 1016.0, 1015.0, 1017.0, 1016.0, 1013.0, 1017.0, 1015.0, 1017.0, 1015.0, 1017.0, 1017.0, 1015.0, 1017.0, 1016.0, 1014.0, 1017.0, 1014.0, 1016.0, 1017.0, 1016.0, 1014.0, 1017.0, 1017.0, 1017.0, 1017.0, 1017.0, 1016.0, 1017.0, 1017.0, 1017.0, 1016.0, 1017.0, 1017.0, 1017.0, 1016.0, 1015.0, 1016.0, 1016.0, 1016.0, 1016.0, 1015.0, 1016.0, 1017.0, 1016.0, 1016.0, 1016.0, 1016.0, 1017.0, 1017.0, 1017.0, 1016.0, 1015.0, 1015.0, 1017.0, 1016.0, 1017.0, 1014.0, 1017.0, 1017.0, 1016.0]
Crossover offspring noisy fitness: [1014.0, 1015.0, 1016.0, 1015.0, 1018.0, 1016.0, 1016.0, 1017.0, 1017.0, 1017.0, 1015.0, 1016.0, 1017.0, 1015.0, 1017.0, 1017.0, 1017.0, 1015.0, 1017.0, 1016.0, 1016.0, 1016.0, 1016.0, 1015.0, 1016.0, 1017.0, 1017.0, 1016.0, 1018.0, 1017.0, 1017.0, 1017.0, 1017.0, 1016.0, 1017.0, 1015.0, 1014.0, 1015.0, 1014.0, 1017.0, 1016.0, 1016.0, 1015.0, 1017.0, 1016.0, 1013.0, 1017.0, 1015.0, 1016.0, 1015.0, 1017.0, 1017.0, 1015.0, 1017.0, 1016.0, 1014.0, 1017.0, 1014.0, 1016.0, 1017.0, 1016.0, 1014.0, 1017.0, 1017.0, 1017.0, 1017.0, 1017.0, 1016.0, 1017.0, 1017.0, 1017.0, 1016.0, 1016.0, 1017.0, 1017.0, 1016.0, 1015.0, 1016.0, 1016.0, 1016.0, 1016.0, 1015.0, 1016.0, 1017.0, 1016.0, 1016.0, 1016.0, 1016.0, 1017.0, 1017.0, 1017.0, 1016.0, 1015.0, 1015.0, 1017.0, 1016.0, 1017.0, 1014.0, 1017.0, 1017.0, 1016.0]
Is bad individual winner: 0
Real fitness of best good: 1018.0
Noisy fitness of best good: 1018.0
Real fitness of best bad: 1016.0
Noisy fitness of best bad: 1016.0

l: 95
Real fitness of mutation winner: 928.0
Noisy fitness of mutation winner: 928.0
Crossover offspring real fitness: [1017.0, 1015.0, 1015.0, 1016.0, 1016.0, 1017.0, 1016.0, 1017.0, 1016.0, 1017.0, 1016.0, 1016.0, 1017.0, 1016.0, 1017.0, 1016.0, 1015.0, 1017.0, 1017.0, 1016.0, 1016.0, 1016.0, 1017.0, 1016.0, 1018.0, 1015.0, 1017.0, 1017.0, 1017.0, 1017.0, 1016.0, 1015.0, 1016.0, 1017.0, 1018.0, 1016.0, 1016.0, 1015.0, 1017.0, 1016.0, 1016.0, 1017.0, 1017.0, 1017.0, 1015.0, 1016.0, 1016.0, 1017.0, 1016.0, 1016.0, 1016.0, 1015.0, 1016.0, 1017.0, 1016.0, 1017.0, 1016.0, 1016.0, 1014.0, 1016.0, 1014.0, 1016.0, 1016.0, 1015.0, 1015.0, 1017.0, 1016.0, 1016.0, 1016.0, 1017.0, 1017.0, 1017.0, 1014.0, 1017.0, 1016.0, 1016.0, 1017.0, 1016.0, 1016.0, 1017.0, 1016.0, 1015.0, 1016.0, 1017.0, 1016.0, 1017.0, 1016.0, 1017.0, 1017.0, 1016.0, 1016.0, 1016.0, 1016.0, 1016.0, 1016.0, 1016.0, 1017.0, 1016.0, 1017.0, 1017.0, 1013.0]
Crossover offspring noisy fitness: [1017.0, 1015.0, 1014.0, 1016.0, 1016.0, 1017.0, 1016.0, 1017.0, 1016.0, 1017.0, 1016.0, 1016.0, 1017.0, 1016.0, 1017.0, 1016.0, 1015.0, 1017.0, 1017.0, 1016.0, 1016.0, 1016.0, 1017.0, 1016.0, 1018.0, 1015.0, 1017.0, 1017.0, 1017.0, 1017.0, 1016.0, 1015.0, 1016.0, 1017.0, 1018.0, 1016.0, 1016.0, 1015.0, 1017.0, 1016.0, 1016.0, 1016.0, 1017.0, 1017.0, 1015.0, 1016.0, 1016.0, 1017.0, 1016.0, 1016.0, 1016.0, 1014.0, 1016.0, 1017.0, 1016.0, 1017.0, 1016.0, 1016.0, 1014.0, 1016.0, 1014.0, 1016.0, 1016.0, 1015.0, 1015.0, 1016.0, 1016.0, 1016.0, 1016.0, 1017.0, 1017.0, 1017.0, 1014.0, 1017.0, 1016.0, 1016.0, 1017.0, 1016.0, 1016.0, 1016.0, 1016.0, 1015.0, 1016.0, 1017.0, 1016.0, 1017.0, 1016.0, 1017.0, 1017.0, 1015.0, 1016.0, 1016.0, 1016.0, 1016.0, 1016.0, 1016.0, 1017.0, 1016.0, 1017.0, 1017.0, 1013.0]
Is bad individual winner: 0
Real fitness of best good: 1018.0
Noisy fitness of best good: 1018.0
Real fitness of best bad: 1016.0
Noisy fitness of best bad: 1016.0

l: 84
Real fitness of mutation winner: 939.0
Noisy fitness of mutation winner: 939.0
Crossover offspring real fitness: [1017.0, 1016.0, 1016.0, 1016.0, 1016.0, 1015.0, 1017.0, 1016.0, 1016.0, 1016.0, 1016.0, 1015.0, 1016.0, 1016.0, 1015.0, 1017.0, 1014.0, 1016.0, 1016.0, 1015.0, 1016.0, 1015.0, 1016.0, 1017.0, 1018.0, 1017.0, 1017.0, 1017.0, 1017.0, 1015.0, 1016.0, 1016.0, 1016.0, 1017.0, 1015.0, 1015.0, 1017.0, 1017.0, 1016.0, 1017.0, 1016.0, 1017.0, 1017.0, 1016.0, 1017.0, 1017.0, 1017.0, 1014.0, 1017.0, 1017.0, 1018.0, 1017.0, 1017.0, 1016.0, 1016.0, 1016.0, 1015.0, 1016.0, 1018.0, 1016.0, 1015.0, 1016.0, 1016.0, 1017.0, 1017.0, 1015.0, 1016.0, 1014.0, 1018.0, 1017.0, 1017.0, 1016.0, 1017.0, 1017.0, 1014.0, 1015.0, 1017.0, 1016.0, 1015.0, 1016.0, 1015.0, 1015.0, 1016.0, 1016.0, 1017.0, 1018.0, 1016.0, 1016.0, 1017.0, 1015.0, 1016.0, 1017.0, 1017.0, 1016.0, 1015.0, 1017.0, 1016.0, 1016.0, 1016.0, 1017.0, 1016.0]
Crossover offspring noisy fitness: [1017.0, 1016.0, 1016.0, 1016.0, 1016.0, 1015.0, 1017.0, 1016.0, 1016.0, 1016.0, 1016.0, 1014.0, 1016.0, 1016.0, 1015.0, 1017.0, 1014.0, 1016.0, 1016.0, 1015.0, 1016.0, 1015.0, 1016.0, 1017.0, 1018.0, 1017.0, 1017.0, 1017.0, 1017.0, 1015.0, 1016.0, 1016.0, 1016.0, 1017.0, 1015.0, 1015.0, 1017.0, 1017.0, 1016.0, 1017.0, 1015.0, 1017.0, 1017.0, 1016.0, 1017.0, 1017.0, 1017.0, 1014.0, 1017.0, 1017.0, 1018.0, 1017.0, 1017.0, 1016.0, 1016.0, 1016.0, 1015.0, 1016.0, 1018.0, 1016.0, 1015.0, 1016.0, 1016.0, 1017.0, 1017.0, 1015.0, 1016.0, 1014.0, 1018.0, 1016.0, 1017.0, 1016.0, 1017.0, 1017.0, 1014.0, 1015.0, 1017.0, 1016.0, 1014.0, 1016.0, 1015.0, 1015.0, 1016.0, 1016.0, 1017.0, 1018.0, 1016.0, 1016.0, 1017.0, 1015.0, 1016.0, 1017.0, 1017.0, 1016.0, 1015.0, 1017.0, 1016.0, 1016.0, 1016.0, 1017.0, 1016.0]
Is bad individual winner: 0
Real fitness of best good: 1018.0
Noisy fitness of best good: 1018.0
Real fitness of best bad: 1016.0
Noisy fitness of best bad: 1016.0

l: 96
Real fitness of mutation winner: 927.0
Noisy fitness of mutation winner: 927.0
Crossover offspring real fitness: [1017.0, 1017.0, 1016.0, 1016.0, 1017.0, 1015.0, 1014.0, 1017.0, 1016.0, 1017.0, 1017.0, 1016.0, 1017.0, 1015.0, 1017.0, 1016.0, 1016.0, 1016.0, 1017.0, 1014.0, 1016.0, 1017.0, 1016.0, 1017.0, 1017.0, 1017.0, 1018.0, 1017.0, 1017.0, 1017.0, 1016.0, 1017.0, 1016.0, 1016.0, 1017.0, 1017.0, 1017.0, 1015.0, 1015.0, 1017.0, 1017.0, 1016.0, 1017.0, 1017.0, 1015.0, 1016.0, 1016.0, 1017.0, 1016.0, 1016.0, 1015.0, 1017.0, 1016.0, 1017.0, 1017.0, 1016.0, 1017.0, 1017.0, 1015.0, 1017.0, 1016.0, 1017.0, 1017.0, 1013.0, 1016.0, 1016.0, 1017.0, 1017.0, 1017.0, 1017.0, 1016.0, 1013.0, 1014.0, 1017.0, 1017.0, 1017.0, 1017.0, 1013.0, 1016.0, 1016.0, 1015.0, 1017.0, 1016.0, 1014.0, 1017.0, 1016.0, 1016.0, 1017.0, 1017.0, 1016.0, 1016.0, 1017.0, 1017.0, 1017.0, 1018.0, 1016.0, 1015.0, 1016.0, 1015.0, 1017.0, 1015.0]
Crossover offspring noisy fitness: [1017.0, 1017.0, 1015.0, 1016.0, 1017.0, 1015.0, 1014.0, 1017.0, 1016.0, 1017.0, 1017.0, 1016.0, 1017.0, 1015.0, 1017.0, 1016.0, 1016.0, 1016.0, 1017.0, 1014.0, 1016.0, 1017.0, 1016.0, 1017.0, 1017.0, 1017.0, 1018.0, 1017.0, 1017.0, 1017.0, 1016.0, 1017.0, 1016.0, 1016.0, 1017.0, 1017.0, 1017.0, 1015.0, 1015.0, 1017.0, 1017.0, 1016.0, 1017.0, 1017.0, 1015.0, 1016.0, 1016.0, 1017.0, 1016.0, 1016.0, 1015.0, 1017.0, 1016.0, 1017.0, 1017.0, 1016.0, 1017.0, 1017.0, 1015.0, 1017.0, 1016.0, 1017.0, 1017.0, 1013.0, 1016.0, 1016.0, 1017.0, 1017.0, 1017.0, 1017.0, 1016.0, 1013.0, 1013.0, 1017.0, 1017.0, 1017.0, 1017.0, 1013.0, 1016.0, 1016.0, 1015.0, 1017.0, 1016.0, 1014.0, 1017.0, 1015.0, 1016.0, 1017.0, 1017.0, 1016.0, 1016.0, 1017.0, 1017.0, 1017.0, 1018.0, 1016.0, 1014.0, 1016.0, 1015.0, 1017.0, 1015.0]
Is bad individual winner: 0
Real fitness of best good: 1018.0
Noisy fitness of best good: 1018.0
Real fitness of best bad: 1016.0
Noisy fitness of best bad: 1016.0

l: 93
Real fitness of mutation winner: 930.0
Noisy fitness of mutation winner: 930.0
Crossover offspring real fitness: [1017.0, 1015.0, 1016.0, 1017.0, 1016.0, 1017.0, 1017.0, 1015.0, 1016.0, 1016.0, 1016.0, 1015.0, 1016.0, 1015.0, 1016.0, 1015.0, 1015.0, 1016.0, 1015.0, 1015.0, 1017.0, 1016.0, 1016.0, 1017.0, 1015.0, 1014.0, 1015.0, 1017.0, 1016.0, 1017.0, 1016.0, 1016.0, 1017.0, 1016.0, 1017.0, 1017.0, 1017.0, 1017.0, 1017.0, 1016.0, 1016.0, 1016.0, 1017.0, 1016.0, 1014.0, 1017.0, 1015.0, 1017.0, 1017.0, 1016.0, 1017.0, 1016.0, 1014.0, 1017.0, 1017.0, 1017.0, 1016.0, 1015.0, 1014.0, 1016.0, 1014.0, 1017.0, 1016.0, 1016.0, 1016.0, 1017.0, 1017.0, 1017.0, 1018.0, 1016.0, 1016.0, 1016.0, 1014.0, 1016.0, 1016.0, 1017.0, 1017.0, 1016.0, 1014.0, 1016.0, 1017.0, 1016.0, 1015.0, 1016.0, 1015.0, 1016.0, 1016.0, 1017.0, 1015.0, 1017.0, 1014.0, 1015.0, 1018.0, 1014.0, 1016.0, 1014.0, 1017.0, 1017.0, 1017.0, 1017.0, 1017.0]
Crossover offspring noisy fitness: [1017.0, 1015.0, 1016.0, 1017.0, 1016.0, 1017.0, 1017.0, 1015.0, 1016.0, 1016.0, 1016.0, 1015.0, 1016.0, 1015.0, 1016.0, 1015.0, 1015.0, 1016.0, 1015.0, 1015.0, 1017.0, 1016.0, 1016.0, 1017.0, 1015.0, 1014.0, 1015.0, 1017.0, 1016.0, 1017.0, 1016.0, 1016.0, 1017.0, 1016.0, 1017.0, 1017.0, 1017.0, 1017.0, 1017.0, 1016.0, 1016.0, 1016.0, 1017.0, 1016.0, 1014.0, 1017.0, 1015.0, 1017.0, 1017.0, 1016.0, 1017.0, 1016.0, 1014.0, 1017.0, 1017.0, 1017.0, 1016.0, 1015.0, 1014.0, 1016.0, 1014.0, 1017.0, 1016.0, 1016.0, 1016.0, 1017.0, 1017.0, 1017.0, 1017.0, 1016.0, 1015.0, 1016.0, 1014.0, 1015.0, 1016.0, 1017.0, 1017.0, 1016.0, 1014.0, 1016.0, 1017.0, 1016.0, 1015.0, 1016.0, 1015.0, 1016.0, 1016.0, 1016.0, 1015.0, 1017.0, 1014.0, 1015.0, 1018.0, 1014.0, 1016.0, 1014.0, 1017.0, 1017.0, 1017.0, 1017.0, 1017.0]
Is bad individual winner: 0
Real fitness of best good: 1018.0
Noisy fitness of best good: 1018.0
Real fitness of best bad: 1016.0
Noisy fitness of best bad: 1016.0

l: 115
Real fitness of mutation winner: 908.0
Noisy fitness of mutation winner: 908.0
Crossover offspring real fitness: [1017.0, 1015.0, 1015.0, 1013.0, 1015.0, 1016.0, 1016.0, 1014.0, 1013.0, 1017.0, 1017.0, 1016.0, 1016.0, 1015.0, 1015.0, 1017.0, 1017.0, 1017.0, 1014.0, 1016.0, 1018.0, 1017.0, 1016.0, 1017.0, 1015.0, 1016.0, 1017.0, 1015.0, 1016.0, 1015.0, 1012.0, 1017.0, 1014.0, 1016.0, 1014.0, 1014.0, 1017.0, 1016.0, 1015.0, 1015.0, 1013.0, 1016.0, 1016.0, 1017.0, 1014.0, 1017.0, 1017.0, 1015.0, 1016.0, 1016.0, 1016.0, 1016.0, 1015.0, 1014.0, 1017.0, 1016.0, 1014.0, 1016.0, 1016.0, 1017.0, 1017.0, 1017.0, 1016.0, 1016.0, 1016.0, 1016.0, 1016.0, 1017.0, 1016.0, 1017.0, 1016.0, 1017.0, 1016.0, 1016.0, 1017.0, 1017.0, 1015.0, 1014.0, 1015.0, 1015.0, 1015.0, 1014.0, 1015.0, 1015.0, 1015.0, 1016.0, 1017.0, 1016.0, 1017.0, 1014.0, 1016.0, 1016.0, 1015.0, 1017.0, 1016.0, 1016.0, 1016.0, 1016.0, 1016.0, 1017.0, 1016.0]
Crossover offspring noisy fitness: [1017.0, 1015.0, 1015.0, 1013.0, 1015.0, 1016.0, 1016.0, 1014.0, 1013.0, 1017.0, 1017.0, 1016.0, 1016.0, 1015.0, 1015.0, 1017.0, 1017.0, 1017.0, 1014.0, 1016.0, 1018.0, 1017.0, 1016.0, 1017.0, 1015.0, 1016.0, 1017.0, 1015.0, 1016.0, 1015.0, 1012.0, 1017.0, 1014.0, 1016.0, 1013.0, 1014.0, 1017.0, 1016.0, 1015.0, 1015.0, 1013.0, 1016.0, 1016.0, 1016.0, 1014.0, 1016.0, 1017.0, 1015.0, 1016.0, 1016.0, 1016.0, 1016.0, 1015.0, 1014.0, 1017.0, 1016.0, 1014.0, 1016.0, 1016.0, 1017.0, 1017.0, 1017.0, 1016.0, 1016.0, 1016.0, 1016.0, 1015.0, 1017.0, 1016.0, 1017.0, 1016.0, 1017.0, 1016.0, 1015.0, 1017.0, 1016.0, 1015.0, 1014.0, 1015.0, 1015.0, 1015.0, 1014.0, 1015.0, 1015.0, 1015.0, 1016.0, 1017.0, 1016.0, 1017.0, 1014.0, 1016.0, 1016.0, 1015.0, 1017.0, 1016.0, 1016.0, 1016.0, 1016.0, 1016.0, 1017.0, 1016.0]
Is bad individual winner: 0
Real fitness of best good: 1018.0
Noisy fitness of best good: 1018.0
Real fitness of best bad: 1016.0
Noisy fitness of best bad: 1016.0

l: 107
Real fitness of mutation winner: 916.0
Noisy fitness of mutation winner: 916.0
Crossover offspring real fitness: [1016.0, 1014.0, 1015.0, 1017.0, 1017.0, 1016.0, 1017.0, 1016.0, 1016.0, 1017.0, 1016.0, 1015.0, 1017.0, 1016.0, 1015.0, 1017.0, 1015.0, 1015.0, 1014.0, 1016.0, 1015.0, 1016.0, 1016.0, 1017.0, 1016.0, 1016.0, 1017.0, 1016.0, 1017.0, 1017.0, 1016.0, 1015.0, 1014.0, 1016.0, 1017.0, 1017.0, 1017.0, 1015.0, 1016.0, 1016.0, 1016.0, 1016.0, 1013.0, 1016.0, 1015.0, 1016.0, 1017.0, 1014.0, 1015.0, 1017.0, 1017.0, 1016.0, 1017.0, 1015.0, 1015.0, 1017.0, 1015.0, 1017.0, 1015.0, 1017.0, 1016.0, 1014.0, 1017.0, 1017.0, 1014.0, 1016.0, 1015.0, 1016.0, 1016.0, 1015.0, 1016.0, 1017.0, 1015.0, 1016.0, 1015.0, 1015.0, 1017.0, 1015.0, 1016.0, 1016.0, 1014.0, 1016.0, 1017.0, 1017.0, 1016.0, 1016.0, 1015.0, 1016.0, 1018.0, 1017.0, 1018.0, 1015.0, 1016.0, 1017.0, 1017.0, 1015.0, 1016.0, 1014.0, 1017.0, 1015.0, 1014.0]
Crossover offspring noisy fitness: [1016.0, 1014.0, 1015.0, 1017.0, 1017.0, 1016.0, 1017.0, 1016.0, 1016.0, 1017.0, 1016.0, 1015.0, 1017.0, 1016.0, 1015.0, 1017.0, 1015.0, 1015.0, 1014.0, 1016.0, 1015.0, 1016.0, 1016.0, 1017.0, 1016.0, 1016.0, 1017.0, 1016.0, 1016.0, 1017.0, 1016.0, 1015.0, 1014.0, 1016.0, 1017.0, 1017.0, 1017.0, 1015.0, 1016.0, 1016.0, 1016.0, 1016.0, 1013.0, 1016.0, 1015.0, 1016.0, 1017.0, 1014.0, 1015.0, 1017.0, 1017.0, 1016.0, 1017.0, 1015.0, 1015.0, 1017.0, 1015.0, 1017.0, 1015.0, 1017.0, 1016.0, 1014.0, 1015.0, 1017.0, 1014.0, 1016.0, 1015.0, 1016.0, 1016.0, 1015.0, 1015.0, 1017.0, 1015.0, 1016.0, 1015.0, 1015.0, 1017.0, 1015.0, 1016.0, 1015.0, 1014.0, 1016.0, 1017.0, 1017.0, 1016.0, 1016.0, 1015.0, 1015.0, 1017.0, 1017.0, 1018.0, 1015.0, 1016.0, 1017.0, 1017.0, 1015.0, 1016.0, 1014.0, 1017.0, 1015.0, 1014.0]
Is bad individual winner: 0
Real fitness of best good: 1018.0
Noisy fitness of best good: 1018.0
Real fitness of best bad: 1016.0
Noisy fitness of best bad: 1016.0

l: 127
Real fitness of mutation winner: 896.0
Noisy fitness of mutation winner: 896.0
Crossover offspring real fitness: [1013.0, 1015.0, 1013.0, 1016.0, 1017.0, 1015.0, 1017.0, 1016.0, 1015.0, 1016.0, 1016.0, 1017.0, 1017.0, 1017.0, 1014.0, 1017.0, 1016.0, 1016.0, 1016.0, 1016.0, 1013.0, 1017.0, 1016.0, 1016.0, 1016.0, 1016.0, 1014.0, 1017.0, 1017.0, 1016.0, 1016.0, 1017.0, 1017.0, 1016.0, 1016.0, 1016.0, 1015.0, 1016.0, 1015.0, 1016.0, 1015.0, 1017.0, 1016.0, 1014.0, 1016.0, 1016.0, 1014.0, 1016.0, 1017.0, 1015.0, 1017.0, 1015.0, 1014.0, 1017.0, 1017.0, 1017.0, 1017.0, 1016.0, 1017.0, 1016.0, 1017.0, 1016.0, 1015.0, 1016.0, 1017.0, 1017.0, 1016.0, 1016.0, 1017.0, 1014.0, 1017.0, 1017.0, 1015.0, 1014.0, 1017.0, 1016.0, 1016.0, 1014.0, 1016.0, 1015.0, 1016.0, 1017.0, 1014.0, 1017.0, 1017.0, 1015.0, 1016.0, 1015.0, 1016.0, 1016.0, 1014.0, 1015.0, 1017.0, 1016.0, 1016.0, 1015.0, 1017.0, 1016.0, 1016.0, 1015.0, 1017.0]
Crossover offspring noisy fitness: [1013.0, 1015.0, 1013.0, 1016.0, 1017.0, 1015.0, 1017.0, 1016.0, 1015.0, 1016.0, 1016.0, 1017.0, 1017.0, 1017.0, 1014.0, 1017.0, 1016.0, 1016.0, 1016.0, 1016.0, 1013.0, 1017.0, 1016.0, 1016.0, 1016.0, 1016.0, 1013.0, 1016.0, 1017.0, 1016.0, 1016.0, 1017.0, 1017.0, 1016.0, 1016.0, 1016.0, 1015.0, 1016.0, 1015.0, 1016.0, 1015.0, 1017.0, 1015.0, 1014.0, 1015.0, 1016.0, 1014.0, 1015.0, 1017.0, 1015.0, 1017.0, 1015.0, 1014.0, 1016.0, 1017.0, 1017.0, 1017.0, 1016.0, 1017.0, 1016.0, 1017.0, 1016.0, 1015.0, 1016.0, 1017.0, 1017.0, 1016.0, 1016.0, 1017.0, 1014.0, 1017.0, 1017.0, 1015.0, 1014.0, 1016.0, 1016.0, 1016.0, 1014.0, 1016.0, 1015.0, 1016.0, 1017.0, 1014.0, 1017.0, 1017.0, 1015.0, 1016.0, 1015.0, 1016.0, 1016.0, 1014.0, 1015.0, 1017.0, 1016.0, 1016.0, 1015.0, 1017.0, 1016.0, 1016.0, 1015.0, 1017.0]
Is bad individual winner: 0
Real fitness of best good: 1017.0
Noisy fitness of best good: 1017.0
Real fitness of best bad: 1016.0
Noisy fitness of best bad: 1016.0

l: 94
Real fitness of mutation winner: 927.0
Noisy fitness of mutation winner: 927.0
Crossover offspring real fitness: [1017.0, 1016.0, 1017.0, 1016.0, 1017.0, 1016.0, 1017.0, 1015.0, 1016.0, 1017.0, 1017.0, 1016.0, 1017.0, 1015.0, 1016.0, 1015.0, 1016.0, 1017.0, 1015.0, 1017.0, 1016.0, 1016.0, 1014.0, 1016.0, 1015.0, 1016.0, 1017.0, 1016.0, 1014.0, 1015.0, 1017.0, 1015.0, 1016.0, 1016.0, 1017.0, 1017.0, 1015.0, 1017.0, 1017.0, 1017.0, 1014.0, 1017.0, 1015.0, 1015.0, 1016.0, 1016.0, 1017.0, 1017.0, 1015.0, 1017.0, 1016.0, 1016.0, 1016.0, 1017.0, 1016.0, 1015.0, 1015.0, 1017.0, 1016.0, 1017.0, 1015.0, 1017.0, 1017.0, 1016.0, 1017.0, 1017.0, 1017.0, 1017.0, 1017.0, 1017.0, 1017.0, 1015.0, 1015.0, 1017.0, 1014.0, 1017.0, 1016.0, 1016.0, 1015.0, 1017.0, 1016.0, 1015.0, 1015.0, 1017.0, 1017.0, 1015.0, 1017.0, 1016.0, 1017.0, 1017.0, 1017.0, 1016.0, 1016.0, 1017.0, 1017.0, 1014.0, 1016.0, 1017.0, 1016.0, 1015.0, 1017.0]
Crossover offspring noisy fitness: [1017.0, 1016.0, 1017.0, 1016.0, 1017.0, 1016.0, 1017.0, 1015.0, 1016.0, 1017.0, 1017.0, 1016.0, 1017.0, 1015.0, 1015.0, 1015.0, 1016.0, 1017.0, 1015.0, 1017.0, 1016.0, 1016.0, 1014.0, 1016.0, 1015.0, 1016.0, 1017.0, 1016.0, 1014.0, 1015.0, 1017.0, 1015.0, 1016.0, 1016.0, 1017.0, 1017.0, 1015.0, 1017.0, 1017.0, 1017.0, 1014.0, 1017.0, 1015.0, 1015.0, 1016.0, 1016.0, 1017.0, 1017.0, 1014.0, 1017.0, 1016.0, 1016.0, 1016.0, 1017.0, 1016.0, 1015.0, 1015.0, 1017.0, 1016.0, 1017.0, 1015.0, 1017.0, 1017.0, 1016.0, 1017.0, 1017.0, 1017.0, 1017.0, 1017.0, 1017.0, 1017.0, 1015.0, 1015.0, 1017.0, 1014.0, 1017.0, 1016.0, 1016.0, 1015.0, 1016.0, 1016.0, 1015.0, 1015.0, 1017.0, 1017.0, 1015.0, 1017.0, 1016.0, 1016.0, 1017.0, 1017.0, 1016.0, 1016.0, 1017.0, 1017.0, 1014.0, 1016.0, 1017.0, 1016.0, 1015.0, 1017.0]
Is bad individual winner: 0
Real fitness of best good: 1017.0
Noisy fitness of best good: 1017.0
Real fitness of best bad: 1016.0
Noisy fitness of best bad: 1016.0

l: 104
Real fitness of mutation winner: 919.0
Noisy fitness of mutation winner: 919.0
Crossover offspring real fitness: [1016.0, 1013.0, 1014.0, 1016.0, 1017.0, 1017.0, 1016.0, 1016.0, 1015.0, 1015.0, 1016.0, 1016.0, 1015.0, 1014.0, 1014.0, 1017.0, 1016.0, 1016.0, 1016.0, 1017.0, 1016.0, 1017.0, 1015.0, 1016.0, 1016.0, 1016.0, 1015.0, 1014.0, 1017.0, 1014.0, 1016.0, 1016.0, 1017.0, 1017.0, 1016.0, 1016.0, 1017.0, 1017.0, 1017.0, 1015.0, 1016.0, 1017.0, 1017.0, 1015.0, 1015.0, 1017.0, 1015.0, 1017.0, 1016.0, 1016.0, 1015.0, 1016.0, 1013.0, 1016.0, 1016.0, 1016.0, 1015.0, 1017.0, 1017.0, 1016.0, 1017.0, 1017.0, 1016.0, 1015.0, 1017.0, 1016.0, 1016.0, 1016.0, 1017.0, 1015.0, 1015.0, 1017.0, 1017.0, 1017.0, 1016.0, 1016.0, 1017.0, 1017.0, 1016.0, 1017.0, 1016.0, 1016.0, 1016.0, 1014.0, 1015.0, 1016.0, 1017.0, 1017.0, 1017.0, 1016.0, 1015.0, 1013.0, 1016.0, 1016.0, 1015.0, 1017.0, 1015.0, 1017.0, 1016.0, 1016.0, 1015.0]
Crossover offspring noisy fitness: [1016.0, 1013.0, 1014.0, 1015.0, 1017.0, 1017.0, 1016.0, 1016.0, 1015.0, 1015.0, 1016.0, 1016.0, 1015.0, 1014.0, 1014.0, 1017.0, 1016.0, 1016.0, 1016.0, 1016.0, 1016.0, 1017.0, 1015.0, 1016.0, 1016.0, 1016.0, 1015.0, 1014.0, 1017.0, 1014.0, 1016.0, 1016.0, 1017.0, 1017.0, 1015.0, 1016.0, 1016.0, 1017.0, 1017.0, 1015.0, 1016.0, 1017.0, 1017.0, 1015.0, 1015.0, 1017.0, 1014.0, 1017.0, 1016.0, 1016.0, 1015.0, 1016.0, 1013.0, 1015.0, 1016.0, 1016.0, 1015.0, 1017.0, 1017.0, 1016.0, 1017.0, 1017.0, 1016.0, 1015.0, 1017.0, 1016.0, 1016.0, 1016.0, 1017.0, 1015.0, 1015.0, 1017.0, 1016.0, 1017.0, 1016.0, 1016.0, 1017.0, 1017.0, 1016.0, 1016.0, 1016.0, 1016.0, 1016.0, 1014.0, 1015.0, 1016.0, 1017.0, 1017.0, 1017.0, 1016.0, 1015.0, 1013.0, 1015.0, 1016.0, 1015.0, 1017.0, 1015.0, 1017.0, 1016.0, 1016.0, 1015.0]
Is bad individual winner: 0
Real fitness of best good: 1017.0
Noisy fitness of best good: 1017.0
Real fitness of best bad: 1016.0
Noisy fitness of best bad: 1016.0

l: 109
Real fitness of mutation winner: 914.0
Noisy fitness of mutation winner: 914.0
Crossover offspring real fitness: [1016.0, 1017.0, 1017.0, 1017.0, 1014.0, 1016.0, 1017.0, 1017.0, 1014.0, 1017.0, 1016.0, 1017.0, 1016.0, 1016.0, 1016.0, 1014.0, 1016.0, 1014.0, 1015.0, 1017.0, 1017.0, 1016.0, 1016.0, 1017.0, 1012.0, 1016.0, 1017.0, 1016.0, 1015.0, 1016.0, 1015.0, 1017.0, 1015.0, 1017.0, 1015.0, 1013.0, 1016.0, 1016.0, 1016.0, 1017.0, 1016.0, 1017.0, 1016.0, 1016.0, 1015.0, 1017.0, 1017.0, 1015.0, 1017.0, 1017.0, 1016.0, 1016.0, 1017.0, 1017.0, 1016.0, 1016.0, 1015.0, 1016.0, 1016.0, 1017.0, 1017.0, 1016.0, 1016.0, 1016.0, 1016.0, 1015.0, 1016.0, 1015.0, 1016.0, 1017.0, 1017.0, 1016.0, 1016.0, 1017.0, 1016.0, 1016.0, 1016.0, 1017.0, 1012.0, 1016.0, 1014.0, 1014.0, 1015.0, 1016.0, 1015.0, 1016.0, 1016.0, 1016.0, 1015.0, 1013.0, 1017.0, 1016.0, 1016.0, 1017.0, 1013.0, 1015.0, 1013.0, 1017.0, 1017.0, 1016.0, 1016.0]
Crossover offspring noisy fitness: [1016.0, 1017.0, 1017.0, 1017.0, 1014.0, 1016.0, 1017.0, 1017.0, 1014.0, 1017.0, 1016.0, 1015.0, 1016.0, 1016.0, 1016.0, 1014.0, 1016.0, 1014.0, 1015.0, 1017.0, 1016.0, 1016.0, 1016.0, 1017.0, 1011.0, 1016.0, 1017.0, 1016.0, 1014.0, 1016.0, 1015.0, 1017.0, 1015.0, 1017.0, 1015.0, 1013.0, 1016.0, 1016.0, 1016.0, 1017.0, 1016.0, 1017.0, 1016.0, 1016.0, 1015.0, 1017.0, 1017.0, 1015.0, 1017.0, 1017.0, 1016.0, 1016.0, 1017.0, 1017.0, 1015.0, 1016.0, 1014.0, 1015.0, 1016.0, 1017.0, 1017.0, 1016.0, 1016.0, 1016.0, 1016.0, 1015.0, 1016.0, 1015.0, 1016.0, 1017.0, 1017.0, 1016.0, 1016.0, 1017.0, 1016.0, 1015.0, 1015.0, 1017.0, 1011.0, 1016.0, 1014.0, 1014.0, 1015.0, 1016.0, 1015.0, 1016.0, 1016.0, 1016.0, 1015.0, 1013.0, 1017.0, 1016.0, 1016.0, 1017.0, 1013.0, 1015.0, 1013.0, 1017.0, 1017.0, 1016.0, 1016.0]
Is bad individual winner: 0
Real fitness of best good: 1017.0
Noisy fitness of best good: 1017.0
Real fitness of best bad: 1016.0
Noisy fitness of best bad: 1016.0

l: 100
Real fitness of mutation winner: 923.0
Noisy fitness of mutation winner: 923.0
Crossover offspring real fitness: [1017.0, 1017.0, 1016.0, 1016.0, 1016.0, 1016.0, 1017.0, 1017.0, 1017.0, 1017.0, 1016.0, 1017.0, 1016.0, 1016.0, 1015.0, 1016.0, 1015.0, 1016.0, 1016.0, 1014.0, 1015.0, 1016.0, 1017.0, 1017.0, 1017.0, 1015.0, 1016.0, 1014.0, 1017.0, 1017.0, 1016.0, 1016.0, 1016.0, 1017.0, 1017.0, 1016.0, 1017.0, 1017.0, 1016.0, 1016.0, 1016.0, 1015.0, 1017.0, 1016.0, 1016.0, 1017.0, 1016.0, 1016.0, 1017.0, 1017.0, 1017.0, 1017.0, 1016.0, 1016.0, 1016.0, 1016.0, 1017.0, 1017.0, 1015.0, 1017.0, 1017.0, 1017.0, 1017.0, 1016.0, 1014.0, 1016.0, 1016.0, 1017.0, 1016.0, 1016.0, 1016.0, 1015.0, 1014.0, 1016.0, 1015.0, 1017.0, 1015.0, 1015.0, 1015.0, 1016.0, 1016.0, 1017.0, 1014.0, 1016.0, 1016.0, 1015.0, 1014.0, 1016.0, 1017.0, 1016.0, 1016.0, 1017.0, 1017.0, 1016.0, 1014.0, 1017.0, 1017.0, 1014.0, 1015.0, 1016.0, 1014.0]
Crossover offspring noisy fitness: [1017.0, 1017.0, 1016.0, 1016.0, 1016.0, 1016.0, 1017.0, 1017.0, 1017.0, 1017.0, 1016.0, 1017.0, 1016.0, 1016.0, 1015.0, 1016.0, 1015.0, 1016.0, 1016.0, 1014.0, 1015.0, 1016.0, 1017.0, 1017.0, 1017.0, 1015.0, 1016.0, 1014.0, 1017.0, 1017.0, 1016.0, 1016.0, 1016.0, 1017.0, 1017.0, 1016.0, 1017.0, 1017.0, 1016.0, 1016.0, 1016.0, 1015.0, 1017.0, 1015.0, 1016.0, 1016.0, 1016.0, 1016.0, 1017.0, 1017.0, 1017.0, 1017.0, 1016.0, 1016.0, 1016.0, 1016.0, 1017.0, 1017.0, 1015.0, 1017.0, 1017.0, 1017.0, 1017.0, 1016.0, 1014.0, 1016.0, 1016.0, 1017.0, 1016.0, 1016.0, 1016.0, 1015.0, 1014.0, 1016.0, 1015.0, 1017.0, 1015.0, 1015.0, 1015.0, 1015.0, 1016.0, 1017.0, 1014.0, 1016.0, 1016.0, 1015.0, 1014.0, 1016.0, 1017.0, 1016.0, 1016.0, 1017.0, 1017.0, 1016.0, 1014.0, 1017.0, 1017.0, 1014.0, 1015.0, 1016.0, 1014.0]
Is bad individual winner: 0
Real fitness of best good: 1017.0
Noisy fitness of best good: 1017.0
Real fitness of best bad: 1016.0
Noisy fitness of best bad: 1016.0

l: 105
Real fitness of mutation winner: 918.0
Noisy fitness of mutation winner: 918.0
Crossover offspring real fitness: [1015.0, 1016.0, 1017.0, 1017.0, 1017.0, 1017.0, 1017.0, 1013.0, 1016.0, 1016.0, 1016.0, 1016.0, 1014.0, 1016.0, 1017.0, 1016.0, 1017.0, 1017.0, 1012.0, 1016.0, 1013.0, 1016.0, 1017.0, 1016.0, 1015.0, 1017.0, 1017.0, 1017.0, 1016.0, 1016.0, 1017.0, 1017.0, 1016.0, 1017.0, 1014.0, 1016.0, 1016.0, 1017.0, 1017.0, 1016.0, 1015.0, 1017.0, 1014.0, 1018.0, 1017.0, 1017.0, 1016.0, 1017.0, 1017.0, 1017.0, 1017.0, 1017.0, 1017.0, 1017.0, 1016.0, 1017.0, 1015.0, 1016.0, 1016.0, 1015.0, 1017.0, 1014.0, 1016.0, 1017.0, 1014.0, 1013.0, 1015.0, 1016.0, 1016.0, 1015.0, 1013.0, 1017.0, 1017.0, 1015.0, 1015.0, 1017.0, 1017.0, 1015.0, 1017.0, 1015.0, 1015.0, 1016.0, 1016.0, 1016.0, 1017.0, 1015.0, 1016.0, 1017.0, 1016.0, 1017.0, 1017.0, 1017.0, 1015.0, 1017.0, 1014.0, 1015.0, 1014.0, 1017.0, 1017.0, 1015.0, 1016.0]
Crossover offspring noisy fitness: [1014.0, 1016.0, 1017.0, 1017.0, 1017.0, 1017.0, 1017.0, 1013.0, 1016.0, 1016.0, 1016.0, 1016.0, 1014.0, 1016.0, 1017.0, 1016.0, 1017.0, 1017.0, 1012.0, 1016.0, 1013.0, 1016.0, 1017.0, 1014.0, 1015.0, 1017.0, 1017.0, 1017.0, 1016.0, 1016.0, 1017.0, 1017.0, 1016.0, 1017.0, 1014.0, 1016.0, 1016.0, 1017.0, 1017.0, 1016.0, 1015.0, 1017.0, 1014.0, 1018.0, 1017.0, 1017.0, 1016.0, 1017.0, 1017.0, 1017.0, 1017.0, 1017.0, 1016.0, 1017.0, 1016.0, 1017.0, 1015.0, 1016.0, 1016.0, 1015.0, 1017.0, 1014.0, 1016.0, 1017.0, 1014.0, 1013.0, 1015.0, 1016.0, 1016.0, 1015.0, 1013.0, 1017.0, 1017.0, 1015.0, 1015.0, 1017.0, 1016.0, 1015.0, 1017.0, 1015.0, 1015.0, 1016.0, 1016.0, 1016.0, 1017.0, 1015.0, 1016.0, 1017.0, 1014.0, 1017.0, 1017.0, 1017.0, 1015.0, 1017.0, 1014.0, 1015.0, 1014.0, 1017.0, 1017.0, 1015.0, 1016.0]
Is bad individual winner: 0
Real fitness of best good: 1018.0
Noisy fitness of best good: 1018.0
Real fitness of best bad: 1016.0
Noisy fitness of best bad: 1016.0

l: 102
Real fitness of mutation winner: 921.0
Noisy fitness of mutation winner: 921.0
Crossover offspring real fitness: [1016.0, 1016.0, 1017.0, 1016.0, 1016.0, 1014.0, 1017.0, 1017.0, 1016.0, 1017.0, 1017.0, 1017.0, 1015.0, 1014.0, 1015.0, 1014.0, 1016.0, 1016.0, 1014.0, 1015.0, 1017.0, 1016.0, 1016.0, 1018.0, 1016.0, 1016.0, 1015.0, 1015.0, 1015.0, 1016.0, 1017.0, 1014.0, 1016.0, 1015.0, 1017.0, 1016.0, 1016.0, 1016.0, 1017.0, 1015.0, 1017.0, 1015.0, 1017.0, 1014.0, 1017.0, 1015.0, 1016.0, 1016.0, 1015.0, 1015.0, 1016.0, 1016.0, 1017.0, 1017.0, 1017.0, 1016.0, 1017.0, 1017.0, 1016.0, 1016.0, 1016.0, 1014.0, 1017.0, 1015.0, 1017.0, 1015.0, 1015.0, 1015.0, 1016.0, 1016.0, 1017.0, 1016.0, 1016.0, 1016.0, 1016.0, 1016.0, 1015.0, 1017.0, 1016.0, 1015.0, 1017.0, 1017.0, 1016.0, 1017.0, 1017.0, 1015.0, 1016.0, 1016.0, 1016.0, 1016.0, 1017.0, 1018.0, 1017.0, 1016.0, 1015.0, 1015.0, 1017.0, 1017.0, 1017.0, 1017.0, 1016.0]
Crossover offspring noisy fitness: [1016.0, 1016.0, 1017.0, 1016.0, 1016.0, 1013.0, 1017.0, 1017.0, 1016.0, 1016.0, 1017.0, 1017.0, 1015.0, 1014.0, 1015.0, 1014.0, 1016.0, 1016.0, 1014.0, 1015.0, 1017.0, 1016.0, 1016.0, 1018.0, 1016.0, 1016.0, 1015.0, 1015.0, 1015.0, 1016.0, 1017.0, 1014.0, 1016.0, 1015.0, 1017.0, 1016.0, 1016.0, 1016.0, 1017.0, 1014.0, 1017.0, 1015.0, 1017.0, 1014.0, 1017.0, 1015.0, 1016.0, 1016.0, 1015.0, 1015.0, 1016.0, 1016.0, 1017.0, 1017.0, 1017.0, 1016.0, 1017.0, 1017.0, 1016.0, 1016.0, 1015.0, 1014.0, 1017.0, 1015.0, 1017.0, 1015.0, 1015.0, 1014.0, 1016.0, 1016.0, 1017.0, 1016.0, 1016.0, 1016.0, 1016.0, 1016.0, 1015.0, 1017.0, 1016.0, 1015.0, 1017.0, 1017.0, 1016.0, 1017.0, 1017.0, 1015.0, 1016.0, 1016.0, 1016.0, 1015.0, 1017.0, 1018.0, 1017.0, 1015.0, 1015.0, 1015.0, 1017.0, 1017.0, 1017.0, 1017.0, 1016.0]
Is bad individual winner: 0
Real fitness of best good: 1018.0
Noisy fitness of best good: 1018.0
Real fitness of best bad: 1016.0
Noisy fitness of best bad: 1016.0

l: 99
Real fitness of mutation winner: 926.0
Noisy fitness of mutation winner: 926.0
Crossover offspring real fitness: [1016.0, 1016.0, 1017.0, 1015.0, 1017.0, 1016.0, 1016.0, 1016.0, 1015.0, 1017.0, 1016.0, 1017.0, 1017.0, 1017.0, 1015.0, 1015.0, 1017.0, 1017.0, 1016.0, 1017.0, 1016.0, 1017.0, 1017.0, 1017.0, 1017.0, 1017.0, 1017.0, 1016.0, 1017.0, 1017.0, 1017.0, 1017.0, 1015.0, 1016.0, 1016.0, 1015.0, 1016.0, 1016.0, 1016.0, 1015.0, 1017.0, 1017.0, 1017.0, 1016.0, 1015.0, 1013.0, 1017.0, 1016.0, 1017.0, 1016.0, 1016.0, 1015.0, 1016.0, 1016.0, 1016.0, 1016.0, 1017.0, 1017.0, 1015.0, 1015.0, 1016.0, 1017.0, 1016.0, 1015.0, 1014.0, 1017.0, 1017.0, 1017.0, 1016.0, 1016.0, 1016.0, 1016.0, 1017.0, 1016.0, 1016.0, 1016.0, 1017.0, 1017.0, 1015.0, 1016.0, 1017.0, 1016.0, 1017.0, 1016.0, 1017.0, 1016.0, 1016.0, 1014.0, 1015.0, 1017.0, 1017.0, 1015.0, 1013.0, 1017.0, 1017.0, 1017.0, 1015.0, 1016.0, 1017.0, 1016.0, 1017.0]
Crossover offspring noisy fitness: [1016.0, 1016.0, 1017.0, 1015.0, 1017.0, 1016.0, 1016.0, 1016.0, 1015.0, 1017.0, 1016.0, 1017.0, 1017.0, 1017.0, 1014.0, 1015.0, 1017.0, 1017.0, 1016.0, 1017.0, 1015.0, 1017.0, 1017.0, 1017.0, 1016.0, 1017.0, 1017.0, 1016.0, 1017.0, 1017.0, 1017.0, 1017.0, 1015.0, 1016.0, 1016.0, 1014.0, 1016.0, 1016.0, 1016.0, 1015.0, 1017.0, 1017.0, 1017.0, 1016.0, 1015.0, 1013.0, 1017.0, 1016.0, 1017.0, 1016.0, 1016.0, 1015.0, 1016.0, 1016.0, 1016.0, 1016.0, 1017.0, 1017.0, 1015.0, 1015.0, 1016.0, 1017.0, 1015.0, 1015.0, 1014.0, 1017.0, 1017.0, 1017.0, 1016.0, 1016.0, 1016.0, 1016.0, 1017.0, 1016.0, 1016.0, 1016.0, 1017.0, 1017.0, 1015.0, 1016.0, 1017.0, 1016.0, 1017.0, 1016.0, 1017.0, 1016.0, 1016.0, 1014.0, 1015.0, 1017.0, 1017.0, 1015.0, 1013.0, 1017.0, 1017.0, 1017.0, 1015.0, 1016.0, 1017.0, 1016.0, 1016.0]
Is bad individual winner: 0
Real fitness of best good: 1017.0
Noisy fitness of best good: 1017.0
Real fitness of best bad: 1016.0
Noisy fitness of best bad: 1016.0

l: 106
Real fitness of mutation winner: 919.0
Noisy fitness of mutation winner: 918.0
Crossover offspring real fitness: [1016.0, 1016.0, 1017.0, 1016.0, 1017.0, 1014.0, 1016.0, 1017.0, 1017.0, 1016.0, 1016.0, 1017.0, 1016.0, 1014.0, 1014.0, 1016.0, 1017.0, 1015.0, 1017.0, 1015.0, 1017.0, 1017.0, 1016.0, 1015.0, 1015.0, 1016.0, 1017.0, 1017.0, 1015.0, 1015.0, 1016.0, 1015.0, 1017.0, 1016.0, 1016.0, 1015.0, 1017.0, 1016.0, 1016.0, 1015.0, 1016.0, 1015.0, 1016.0, 1014.0, 1016.0, 1016.0, 1017.0, 1016.0, 1016.0, 1017.0, 1017.0, 1015.0, 1017.0, 1015.0, 1015.0, 1016.0, 1015.0, 1016.0, 1016.0, 1016.0, 1017.0, 1014.0, 1017.0, 1016.0, 1015.0, 1017.0, 1017.0, 1016.0, 1015.0, 1017.0, 1016.0, 1016.0, 1016.0, 1016.0, 1017.0, 1016.0, 1016.0, 1017.0, 1014.0, 1015.0, 1017.0, 1016.0, 1016.0, 1016.0, 1016.0, 1015.0, 1016.0, 1015.0, 1017.0, 1017.0, 1015.0, 1015.0, 1014.0, 1015.0, 1016.0, 1017.0, 1016.0, 1015.0, 1015.0, 1014.0, 1016.0]
Crossover offspring noisy fitness: [1016.0, 1016.0, 1017.0, 1016.0, 1017.0, 1014.0, 1016.0, 1017.0, 1017.0, 1016.0, 1016.0, 1017.0, 1016.0, 1014.0, 1014.0, 1016.0, 1017.0, 1015.0, 1017.0, 1015.0, 1017.0, 1017.0, 1016.0, 1015.0, 1015.0, 1016.0, 1017.0, 1017.0, 1014.0, 1015.0, 1016.0, 1015.0, 1017.0, 1016.0, 1016.0, 1015.0, 1017.0, 1016.0, 1016.0, 1015.0, 1016.0, 1015.0, 1016.0, 1014.0, 1016.0, 1016.0, 1017.0, 1016.0, 1016.0, 1017.0, 1017.0, 1015.0, 1017.0, 1014.0, 1015.0, 1016.0, 1015.0, 1016.0, 1016.0, 1016.0, 1017.0, 1013.0, 1017.0, 1016.0, 1015.0, 1017.0, 1017.0, 1015.0, 1015.0, 1017.0, 1016.0, 1016.0, 1016.0, 1016.0, 1016.0, 1016.0, 1016.0, 1017.0, 1014.0, 1015.0, 1017.0, 1016.0, 1016.0, 1016.0, 1015.0, 1015.0, 1016.0, 1015.0, 1017.0, 1017.0, 1015.0, 1015.0, 1014.0, 1015.0, 1016.0, 1017.0, 1016.0, 1015.0, 1015.0, 1014.0, 1016.0]
Is bad individual winner: 0
Real fitness of best good: 1017.0
Noisy fitness of best good: 1017.0
Real fitness of best bad: 1016.0
Noisy fitness of best bad: 1016.0

l: 105
Real fitness of mutation winner: 918.0
Noisy fitness of mutation winner: 918.0
Crossover offspring real fitness: [1016.0, 1016.0, 1011.0, 1017.0, 1015.0, 1015.0, 1017.0, 1016.0, 1017.0, 1016.0, 1017.0, 1015.0, 1016.0, 1014.0, 1017.0, 1015.0, 1016.0, 1016.0, 1017.0, 1015.0, 1016.0, 1016.0, 1017.0, 1014.0, 1016.0, 1015.0, 1017.0, 1017.0, 1016.0, 1016.0, 1016.0, 1016.0, 1017.0, 1016.0, 1017.0, 1016.0, 1017.0, 1017.0, 1015.0, 1017.0, 1017.0, 1016.0, 1017.0, 1017.0, 1016.0, 1017.0, 1017.0, 1017.0, 1016.0, 1014.0, 1017.0, 1016.0, 1016.0, 1016.0, 1017.0, 1014.0, 1016.0, 1015.0, 1015.0, 1017.0, 1016.0, 1013.0, 1017.0, 1017.0, 1017.0, 1018.0, 1017.0, 1016.0, 1016.0, 1014.0, 1016.0, 1017.0, 1017.0, 1017.0, 1017.0, 1015.0, 1017.0, 1015.0, 1016.0, 1017.0, 1015.0, 1014.0, 1017.0, 1015.0, 1014.0, 1016.0, 1015.0, 1016.0, 1015.0, 1015.0, 1015.0, 1017.0, 1015.0, 1017.0, 1016.0, 1017.0, 1017.0, 1015.0, 1018.0, 1017.0, 1016.0]
Crossover offspring noisy fitness: [1016.0, 1016.0, 1011.0, 1017.0, 1015.0, 1015.0, 1017.0, 1016.0, 1017.0, 1016.0, 1017.0, 1015.0, 1016.0, 1014.0, 1017.0, 1015.0, 1016.0, 1016.0, 1017.0, 1015.0, 1016.0, 1016.0, 1017.0, 1014.0, 1016.0, 1015.0, 1017.0, 1017.0, 1016.0, 1016.0, 1016.0, 1016.0, 1017.0, 1016.0, 1017.0, 1016.0, 1017.0, 1017.0, 1015.0, 1017.0, 1017.0, 1016.0, 1017.0, 1017.0, 1016.0, 1017.0, 1017.0, 1017.0, 1015.0, 1014.0, 1017.0, 1016.0, 1016.0, 1016.0, 1017.0, 1014.0, 1015.0, 1015.0, 1015.0, 1017.0, 1016.0, 1013.0, 1017.0, 1017.0, 1017.0, 1018.0, 1017.0, 1016.0, 1016.0, 1013.0, 1016.0, 1017.0, 1016.0, 1017.0, 1017.0, 1015.0, 1017.0, 1015.0, 1016.0, 1017.0, 1015.0, 1014.0, 1017.0, 1015.0, 1014.0, 1016.0, 1015.0, 1016.0, 1015.0, 1015.0, 1015.0, 1017.0, 1015.0, 1017.0, 1016.0, 1017.0, 1017.0, 1015.0, 1018.0, 1017.0, 1016.0]
Is bad individual winner: 0
Real fitness of best good: 1018.0
Noisy fitness of best good: 1018.0
Real fitness of best bad: 1016.0
Noisy fitness of best bad: 1016.0

l: 105
Real fitness of mutation winner: 918.0
Noisy fitness of mutation winner: 918.0
Crossover offspring real fitness: [1017.0, 1016.0, 1015.0, 1016.0, 1017.0, 1016.0, 1015.0, 1016.0, 1015.0, 1016.0, 1014.0, 1016.0, 1016.0, 1017.0, 1013.0, 1016.0, 1016.0, 1016.0, 1016.0, 1017.0, 1016.0, 1015.0, 1017.0, 1017.0, 1016.0, 1016.0, 1014.0, 1017.0, 1015.0, 1016.0, 1017.0, 1017.0, 1017.0, 1017.0, 1016.0, 1014.0, 1017.0, 1017.0, 1017.0, 1016.0, 1017.0, 1015.0, 1016.0, 1017.0, 1017.0, 1017.0, 1016.0, 1017.0, 1014.0, 1016.0, 1016.0, 1017.0, 1016.0, 1016.0, 1017.0, 1016.0, 1017.0, 1014.0, 1016.0, 1017.0, 1017.0, 1016.0, 1015.0, 1017.0, 1016.0, 1016.0, 1013.0, 1015.0, 1013.0, 1017.0, 1015.0, 1014.0, 1013.0, 1017.0, 1017.0, 1015.0, 1017.0, 1017.0, 1018.0, 1015.0, 1014.0, 1016.0, 1015.0, 1017.0, 1014.0, 1015.0, 1018.0, 1017.0, 1017.0, 1013.0, 1015.0, 1016.0, 1016.0, 1016.0, 1014.0, 1017.0, 1016.0, 1014.0, 1016.0, 1015.0, 1016.0]
Crossover offspring noisy fitness: [1017.0, 1016.0, 1015.0, 1016.0, 1017.0, 1016.0, 1015.0, 1016.0, 1015.0, 1016.0, 1014.0, 1016.0, 1016.0, 1017.0, 1013.0, 1016.0, 1016.0, 1016.0, 1016.0, 1017.0, 1016.0, 1015.0, 1017.0, 1017.0, 1016.0, 1016.0, 1014.0, 1017.0, 1015.0, 1016.0, 1016.0, 1017.0, 1017.0, 1017.0, 1015.0, 1014.0, 1017.0, 1017.0, 1017.0, 1016.0, 1017.0, 1014.0, 1016.0, 1017.0, 1017.0, 1017.0, 1016.0, 1017.0, 1014.0, 1016.0, 1016.0, 1017.0, 1016.0, 1016.0, 1017.0, 1016.0, 1017.0, 1014.0, 1016.0, 1017.0, 1017.0, 1016.0, 1015.0, 1017.0, 1016.0, 1016.0, 1013.0, 1015.0, 1013.0, 1017.0, 1015.0, 1014.0, 1013.0, 1017.0, 1017.0, 1015.0, 1017.0, 1017.0, 1018.0, 1015.0, 1014.0, 1016.0, 1015.0, 1017.0, 1014.0, 1014.0, 1018.0, 1017.0, 1017.0, 1013.0, 1014.0, 1016.0, 1016.0, 1016.0, 1014.0, 1017.0, 1016.0, 1014.0, 1016.0, 1014.0, 1016.0]
Is bad individual winner: 0
Real fitness of best good: 1018.0
Noisy fitness of best good: 1018.0
Real fitness of best bad: 1016.0
Noisy fitness of best bad: 1016.0

l: 97
Real fitness of mutation winner: 928.0
Noisy fitness of mutation winner: 928.0
Crossover offspring real fitness: [1017.0, 1017.0, 1015.0, 1017.0, 1016.0, 1016.0, 1017.0, 1017.0, 1016.0, 1017.0, 1016.0, 1016.0, 1016.0, 1017.0, 1017.0, 1017.0, 1015.0, 1018.0, 1016.0, 1014.0, 1017.0, 1018.0, 1015.0, 1015.0, 1015.0, 1016.0, 1016.0, 1016.0, 1014.0, 1015.0, 1015.0, 1016.0, 1016.0, 1016.0, 1015.0, 1015.0, 1016.0, 1014.0, 1014.0, 1017.0, 1016.0, 1017.0, 1017.0, 1017.0, 1014.0, 1017.0, 1014.0, 1017.0, 1017.0, 1017.0, 1015.0, 1016.0, 1017.0, 1016.0, 1016.0, 1016.0, 1015.0, 1016.0, 1017.0, 1016.0, 1017.0, 1014.0, 1017.0, 1017.0, 1017.0, 1017.0, 1015.0, 1017.0, 1016.0, 1015.0, 1016.0, 1016.0, 1017.0, 1015.0, 1015.0, 1017.0, 1017.0, 1017.0, 1017.0, 1015.0, 1017.0, 1017.0, 1016.0, 1017.0, 1017.0, 1016.0, 1016.0, 1017.0, 1016.0, 1015.0, 1016.0, 1017.0, 1016.0, 1013.0, 1017.0, 1016.0, 1016.0, 1015.0, 1016.0, 1016.0, 1017.0]
Crossover offspring noisy fitness: [1017.0, 1017.0, 1015.0, 1017.0, 1016.0, 1016.0, 1016.0, 1017.0, 1016.0, 1017.0, 1016.0, 1016.0, 1016.0, 1017.0, 1017.0, 1017.0, 1015.0, 1018.0, 1016.0, 1014.0, 1017.0, 1018.0, 1015.0, 1015.0, 1015.0, 1016.0, 1016.0, 1016.0, 1014.0, 1015.0, 1015.0, 1016.0, 1016.0, 1016.0, 1015.0, 1015.0, 1016.0, 1014.0, 1013.0, 1017.0, 1015.0, 1017.0, 1017.0, 1017.0, 1014.0, 1017.0, 1014.0, 1017.0, 1017.0, 1017.0, 1015.0, 1016.0, 1017.0, 1016.0, 1016.0, 1016.0, 1015.0, 1016.0, 1017.0, 1016.0, 1017.0, 1014.0, 1017.0, 1017.0, 1017.0, 1017.0, 1015.0, 1017.0, 1016.0, 1015.0, 1016.0, 1016.0, 1017.0, 1015.0, 1015.0, 1017.0, 1017.0, 1017.0, 1017.0, 1015.0, 1017.0, 1017.0, 1016.0, 1017.0, 1017.0, 1016.0, 1016.0, 1017.0, 1016.0, 1015.0, 1016.0, 1017.0, 1016.0, 1013.0, 1017.0, 1016.0, 1016.0, 1015.0, 1016.0, 1015.0, 1017.0]
Is bad individual winner: 0
Real fitness of best good: 1018.0
Noisy fitness of best good: 1018.0
Real fitness of best bad: 1016.0
Noisy fitness of best bad: 1016.0

l: 96
Real fitness of mutation winner: 927.0
Noisy fitness of mutation winner: 927.0
Crossover offspring real fitness: [1014.0, 1017.0, 1016.0, 1016.0, 1017.0, 1017.0, 1017.0, 1015.0, 1017.0, 1017.0, 1016.0, 1017.0, 1016.0, 1017.0, 1016.0, 1015.0, 1016.0, 1016.0, 1016.0, 1016.0, 1016.0, 1016.0, 1015.0, 1016.0, 1017.0, 1016.0, 1015.0, 1016.0, 1017.0, 1017.0, 1016.0, 1017.0, 1014.0, 1016.0, 1017.0, 1015.0, 1017.0, 1017.0, 1017.0, 1017.0, 1014.0, 1015.0, 1017.0, 1017.0, 1017.0, 1017.0, 1015.0, 1016.0, 1014.0, 1017.0, 1015.0, 1015.0, 1015.0, 1017.0, 1015.0, 1016.0, 1016.0, 1016.0, 1016.0, 1016.0, 1016.0, 1015.0, 1017.0, 1017.0, 1017.0, 1014.0, 1017.0, 1016.0, 1016.0, 1016.0, 1016.0, 1016.0, 1016.0, 1017.0, 1016.0, 1016.0, 1016.0, 1015.0, 1015.0, 1017.0, 1016.0, 1014.0, 1016.0, 1017.0, 1014.0, 1017.0, 1016.0, 1017.0, 1017.0, 1017.0, 1017.0, 1016.0, 1017.0, 1016.0, 1016.0, 1017.0, 1017.0, 1016.0, 1015.0, 1015.0, 1017.0]
Crossover offspring noisy fitness: [1014.0, 1017.0, 1016.0, 1016.0, 1017.0, 1017.0, 1017.0, 1015.0, 1016.0, 1017.0, 1016.0, 1017.0, 1016.0, 1016.0, 1016.0, 1015.0, 1016.0, 1016.0, 1016.0, 1015.0, 1016.0, 1016.0, 1015.0, 1016.0, 1017.0, 1015.0, 1015.0, 1016.0, 1017.0, 1017.0, 1015.0, 1017.0, 1014.0, 1016.0, 1017.0, 1015.0, 1017.0, 1017.0, 1017.0, 1017.0, 1014.0, 1015.0, 1017.0, 1017.0, 1017.0, 1017.0, 1015.0, 1016.0, 1013.0, 1017.0, 1015.0, 1015.0, 1015.0, 1017.0, 1015.0, 1016.0, 1016.0, 1016.0, 1016.0, 1016.0, 1016.0, 1015.0, 1017.0, 1017.0, 1016.0, 1014.0, 1017.0, 1016.0, 1016.0, 1016.0, 1016.0, 1016.0, 1015.0, 1017.0, 1016.0, 1016.0, 1016.0, 1015.0, 1015.0, 1017.0, 1016.0, 1014.0, 1016.0, 1017.0, 1014.0, 1017.0, 1016.0, 1017.0, 1017.0, 1017.0, 1017.0, 1016.0, 1017.0, 1016.0, 1016.0, 1017.0, 1017.0, 1016.0, 1015.0, 1015.0, 1017.0]
Is bad individual winner: 0
Real fitness of best good: 1017.0
Noisy fitness of best good: 1017.0
Real fitness of best bad: 1016.0
Noisy fitness of best bad: 1016.0

l: 98
Real fitness of mutation winner: 925.0
Noisy fitness of mutation winner: 925.0
Crossover offspring real fitness: [1017.0, 1015.0, 1017.0, 1017.0, 1016.0, 1017.0, 1016.0, 1016.0, 1015.0, 1013.0, 1016.0, 1017.0, 1016.0, 1016.0, 1016.0, 1017.0, 1016.0, 1016.0, 1017.0, 1017.0, 1017.0, 1017.0, 1016.0, 1017.0, 1014.0, 1016.0, 1016.0, 1016.0, 1016.0, 1017.0, 1015.0, 1014.0, 1017.0, 1017.0, 1017.0, 1017.0, 1017.0, 1017.0, 1015.0, 1017.0, 1015.0, 1017.0, 1017.0, 1016.0, 1015.0, 1017.0, 1016.0, 1016.0, 1015.0, 1016.0, 1017.0, 1017.0, 1017.0, 1017.0, 1017.0, 1017.0, 1017.0, 1015.0, 1015.0, 1017.0, 1016.0, 1016.0, 1018.0, 1017.0, 1015.0, 1017.0, 1014.0, 1015.0, 1015.0, 1017.0, 1015.0, 1017.0, 1014.0, 1016.0, 1016.0, 1017.0, 1016.0, 1017.0, 1017.0, 1016.0, 1017.0, 1017.0, 1014.0, 1017.0, 1016.0, 1016.0, 1014.0, 1016.0, 1016.0, 1016.0, 1016.0, 1017.0, 1017.0, 1016.0, 1016.0, 1016.0, 1015.0, 1017.0, 1017.0, 1016.0, 1013.0]
Crossover offspring noisy fitness: [1017.0, 1015.0, 1017.0, 1017.0, 1016.0, 1017.0, 1016.0, 1016.0, 1015.0, 1013.0, 1016.0, 1017.0, 1016.0, 1016.0, 1016.0, 1017.0, 1016.0, 1016.0, 1017.0, 1017.0, 1017.0, 1017.0, 1016.0, 1017.0, 1014.0, 1016.0, 1016.0, 1015.0, 1016.0, 1017.0, 1015.0, 1014.0, 1017.0, 1017.0, 1017.0, 1017.0, 1017.0, 1017.0, 1014.0, 1017.0, 1015.0, 1017.0, 1017.0, 1016.0, 1015.0, 1017.0, 1016.0, 1016.0, 1014.0, 1016.0, 1017.0, 1017.0, 1016.0, 1017.0, 1017.0, 1017.0, 1017.0, 1015.0, 1015.0, 1016.0, 1016.0, 1016.0, 1018.0, 1017.0, 1015.0, 1017.0, 1014.0, 1015.0, 1015.0, 1016.0, 1015.0, 1017.0, 1014.0, 1016.0, 1016.0, 1017.0, 1016.0, 1017.0, 1017.0, 1016.0, 1017.0, 1017.0, 1014.0, 1017.0, 1016.0, 1016.0, 1014.0, 1016.0, 1016.0, 1016.0, 1016.0, 1017.0, 1017.0, 1015.0, 1016.0, 1016.0, 1015.0, 1017.0, 1017.0, 1016.0, 1013.0]
Is bad individual winner: 0
Real fitness of best good: 1018.0
Noisy fitness of best good: 1018.0
Real fitness of best bad: 1016.0
Noisy fitness of best bad: 1016.0

