l: 27
Fitness of mutation winner: 519.0
Crossover offspring real fitness: [511.0, 513.0, 513.0, 514.0, 512.0, 513.0, 512.0, 512.0, 512.0, 512.0, 511.0, 515.0, 512.0, 512.0, 512.0, 513.0, 513.0, 513.0, 512.0, 512.0, 512.0, 512.0, 512.0, 512.0, 512.0, 511.0, 513.0, 512.0, 512.0, 511.0, 512.0, 512.0]
Crossover offspring noisy fitness: [511.0, 513.0, 513.0, 514.0, 513.0, 513.0, 512.0, 512.0, 512.0, 512.0, 511.0, 514.0, 512.0, 513.0, 512.0, 513.0, 513.0, 513.0, 512.0, 512.0, 512.0, 512.0, 512.0, 512.0, 512.0, 511.0, 513.0, 512.0, 512.0, 511.0, 512.0, 512.0]

l: 29
Fitness of mutation winner: 525.0
Crossover offspring real fitness: [513.0, 515.0, 512.0, 512.0, 514.0, 512.0, 513.0, 512.0, 514.0, 512.0, 514.0, 513.0, 512.0, 511.0, 511.0, 514.0, 511.0, 514.0, 512.0, 512.0, 514.0, 512.0, 513.0, 512.0, 511.0, 514.0, 512.0, 512.0, 513.0, 514.0, 513.0, 512.0]
Crossover offspring noisy fitness: [513.0, 515.0, 512.0, 512.0, 514.0, 512.0, 513.0, 512.0, 514.0, 512.0, 514.0, 513.0, 512.0, 511.0, 511.0, 514.0, 511.0, 514.0, 512.0, 512.0, 514.0, 513.0, 513.0, 512.0, 511.0, 514.0, 512.0, 511.0, 513.0, 514.0, 513.0, 512.0]

l: 33
Fitness of mutation winner: 519.0
Crossover offspring real fitness: [511.0, 512.0, 511.0, 513.0, 512.0, 512.0, 512.0, 514.0, 512.0, 513.0, 513.0, 512.0, 514.0, 513.0, 513.0, 513.0, 513.0, 511.0, 512.0, 513.0, 512.0, 512.0, 512.0, 512.0, 511.0, 512.0, 514.0, 513.0, 512.0, 512.0, 513.0, 512.0]
Crossover offspring noisy fitness: [511.0, 512.0, 511.0, 513.0, 512.0, 512.0, 512.0, 514.0, 513.0, 513.0, 513.0, 512.0, 514.0, 513.0, 513.0, 513.0, 513.0, 511.0, 512.0, 513.0, 512.0, 512.0, 512.0, 512.0, 511.0, 512.0, 514.0, 513.0, 512.0, 513.0, 513.0, 512.0]

l: 30
Fitness of mutation winner: 523.0
Crossover offspring real fitness: [511.0, 512.0, 512.0, 512.0, 513.0, 512.0, 512.0, 512.0, 513.0, 511.0, 512.0, 512.0, 512.0, 513.0, 513.0, 512.0, 513.0, 511.0, 511.0, 516.0, 512.0, 512.0, 511.0, 513.0, 513.0, 512.0, 513.0, 513.0, 512.0, 513.0, 513.0, 513.0]
Crossover offspring noisy fitness: [511.0, 512.0, 512.0, 512.0, 513.0, 512.0, 512.0, 512.0, 513.0, 511.0, 512.0, 512.0, 512.0, 513.0, 513.0, 512.0, 513.0, 511.0, 511.0, 516.0, 512.0, 512.0, 511.0, 513.0, 512.0, 512.0, 513.0, 513.0, 512.0, 513.0, 513.0, 513.0]

