l: 114
Real fitness of mutation winner: 544.0
Noisy fitness of mutation winner: 544.0
Crossover offspring real fitness: [514.0, 512.0, 513.0, 512.0, 511.0, 512.0, 513.0, 515.0, 513.0, 513.0, 512.0, 512.0, 512.0, 512.0, 512.0, 513.0, 513.0, 512.0, 514.0, 515.0, 512.0, 513.0, 513.0, 512.0, 513.0, 512.0, 514.0, 511.0, 512.0, 513.0, 512.0, 512.0, 514.0, 512.0, 513.0, 512.0, 512.0, 513.0, 512.0, 511.0, 513.0, 513.0, 512.0, 512.0, 512.0, 513.0, 512.0, 512.0, 510.0, 513.0, 515.0, 514.0, 512.0, 513.0, 512.0, 512.0, 512.0, 513.0, 513.0, 512.0, 512.0, 511.0, 513.0, 511.0, 513.0, 513.0, 512.0, 513.0, 511.0, 512.0, 513.0, 515.0, 513.0, 513.0, 511.0, 514.0, 513.0, 512.0, 511.0, 512.0, 512.0, 513.0, 513.0, 512.0, 513.0, 514.0, 512.0, 512.0, 514.0, 511.0, 511.0, 513.0, 511.0, 513.0, 513.0, 514.0, 510.0, 512.0, 514.0, 513.0, 511.0]
Crossover offspring noisy fitness: [514.0, 512.0, 513.0, 512.0, 511.0, 512.0, 513.0, 515.0, 513.0, 513.0, 512.0, 512.0, 512.0, 512.0, 512.0, 513.0, 513.0, 512.0, 514.0, 515.0, 512.0, 513.0, 513.0, 512.0, 513.0, 512.0, 514.0, 510.0, 512.0, 513.0, 512.0, 512.0, 514.0, 512.0, 513.0, 512.0, 512.0, 513.0, 512.0, 511.0, 513.0, 513.0, 512.0, 512.0, 512.0, 513.0, 512.0, 512.0, 510.0, 513.0, 515.0, 514.0, 513.0, 513.0, 512.0, 512.0, 512.0, 513.0, 513.0, 512.0, 512.0, 511.0, 513.0, 511.0, 513.0, 513.0, 512.0, 513.0, 511.0, 511.0, 513.0, 515.0, 513.0, 513.0, 511.0, 514.0, 513.0, 512.0, 512.0, 512.0, 512.0, 513.0, 513.0, 512.0, 513.0, 514.0, 512.0, 512.0, 514.0, 511.0, 511.0, 513.0, 511.0, 514.0, 513.0, 514.0, 510.0, 512.0, 514.0, 513.0, 511.0]

l: 118
Real fitness of mutation winner: 544.0
Noisy fitness of mutation winner: 544.0
Crossover offspring real fitness: [511.0, 511.0, 512.0, 512.0, 511.0, 513.0, 513.0, 512.0, 513.0, 513.0, 512.0, 512.0, 511.0, 512.0, 513.0, 513.0, 512.0, 511.0, 513.0, 512.0, 513.0, 512.0, 511.0, 514.0, 512.0, 511.0, 512.0, 513.0, 512.0, 513.0, 513.0, 512.0, 513.0, 510.0, 512.0, 511.0, 514.0, 511.0, 512.0, 508.0, 512.0, 514.0, 512.0, 512.0, 513.0, 514.0, 513.0, 512.0, 513.0, 511.0, 513.0, 512.0, 512.0, 512.0, 512.0, 512.0, 512.0, 512.0, 511.0, 512.0, 514.0, 512.0, 512.0, 512.0, 514.0, 512.0, 514.0, 511.0, 514.0, 511.0, 512.0, 510.0, 513.0, 513.0, 512.0, 511.0, 511.0, 513.0, 514.0, 513.0, 512.0, 512.0, 513.0, 512.0, 511.0, 513.0, 512.0, 515.0, 513.0, 512.0, 511.0, 513.0, 512.0, 512.0, 512.0, 512.0, 512.0, 513.0, 512.0, 512.0, 515.0]
Crossover offspring noisy fitness: [511.0, 511.0, 513.0, 512.0, 511.0, 513.0, 513.0, 512.0, 514.0, 513.0, 512.0, 512.0, 511.0, 512.0, 513.0, 513.0, 512.0, 511.0, 513.0, 512.0, 513.0, 512.0, 511.0, 514.0, 512.0, 511.0, 512.0, 513.0, 512.0, 513.0, 513.0, 512.0, 513.0, 510.0, 512.0, 511.0, 514.0, 511.0, 513.0, 508.0, 512.0, 514.0, 512.0, 511.0, 513.0, 514.0, 513.0, 512.0, 513.0, 511.0, 513.0, 512.0, 512.0, 512.0, 512.0, 513.0, 512.0, 512.0, 511.0, 512.0, 514.0, 512.0, 512.0, 512.0, 513.0, 512.0, 514.0, 511.0, 514.0, 511.0, 511.0, 510.0, 513.0, 513.0, 512.0, 511.0, 511.0, 513.0, 514.0, 513.0, 512.0, 512.0, 513.0, 512.0, 511.0, 513.0, 512.0, 515.0, 513.0, 512.0, 511.0, 513.0, 512.0, 512.0, 512.0, 512.0, 512.0, 513.0, 512.0, 512.0, 515.0]

l: 80
Real fitness of mutation winner: 534.0
Noisy fitness of mutation winner: 534.0
Crossover offspring real fitness: [513.0, 512.0, 513.0, 511.0, 511.0, 512.0, 512.0, 513.0, 513.0, 511.0, 512.0, 511.0, 512.0, 512.0, 512.0, 513.0, 514.0, 513.0, 512.0, 513.0, 512.0, 513.0, 512.0, 511.0, 512.0, 512.0, 512.0, 511.0, 510.0, 512.0, 513.0, 512.0, 512.0, 511.0, 512.0, 511.0, 511.0, 512.0, 512.0, 512.0, 512.0, 513.0, 510.0, 512.0, 512.0, 512.0, 512.0, 512.0, 513.0, 512.0, 512.0, 512.0, 512.0, 510.0, 513.0, 512.0, 512.0, 512.0, 513.0, 512.0, 515.0, 512.0, 512.0, 512.0, 513.0, 510.0, 512.0, 512.0, 511.0, 512.0, 511.0, 512.0, 513.0, 512.0, 512.0, 511.0, 511.0, 512.0, 512.0, 512.0, 511.0, 512.0, 512.0, 512.0, 512.0, 511.0, 512.0, 512.0, 513.0, 513.0, 511.0, 511.0, 512.0, 515.0, 513.0, 513.0, 512.0, 512.0, 512.0, 511.0, 513.0]
Crossover offspring noisy fitness: [513.0, 512.0, 513.0, 511.0, 511.0, 512.0, 512.0, 513.0, 512.0, 511.0, 512.0, 511.0, 512.0, 512.0, 512.0, 513.0, 514.0, 513.0, 512.0, 513.0, 512.0, 514.0, 512.0, 511.0, 512.0, 512.0, 512.0, 511.0, 510.0, 512.0, 513.0, 512.0, 512.0, 511.0, 512.0, 511.0, 511.0, 512.0, 512.0, 512.0, 512.0, 513.0, 510.0, 512.0, 512.0, 512.0, 512.0, 512.0, 513.0, 512.0, 512.0, 512.0, 512.0, 510.0, 513.0, 512.0, 512.0, 512.0, 513.0, 513.0, 515.0, 512.0, 512.0, 512.0, 513.0, 510.0, 512.0, 512.0, 512.0, 512.0, 511.0, 512.0, 513.0, 512.0, 512.0, 511.0, 511.0, 512.0, 512.0, 512.0, 511.0, 512.0, 512.0, 512.0, 512.0, 511.0, 512.0, 512.0, 513.0, 513.0, 511.0, 511.0, 512.0, 515.0, 513.0, 513.0, 512.0, 512.0, 511.0, 511.0, 513.0]

l: 106
Real fitness of mutation winner: 532.0
Noisy fitness of mutation winner: 532.0
Crossover offspring real fitness: [515.0, 513.0, 513.0, 513.0, 514.0, 512.0, 513.0, 513.0, 512.0, 512.0, 512.0, 512.0, 512.0, 514.0, 511.0, 512.0, 512.0, 513.0, 513.0, 514.0, 513.0, 513.0, 513.0, 511.0, 514.0, 513.0, 513.0, 511.0, 514.0, 512.0, 511.0, 511.0, 513.0, 510.0, 511.0, 511.0, 514.0, 512.0, 515.0, 514.0, 512.0, 512.0, 511.0, 514.0, 511.0, 512.0, 513.0, 515.0, 511.0, 513.0, 512.0, 513.0, 514.0, 514.0, 512.0, 511.0, 510.0, 511.0, 512.0, 512.0, 511.0, 512.0, 513.0, 512.0, 512.0, 513.0, 511.0, 511.0, 512.0, 512.0, 512.0, 512.0, 511.0, 512.0, 511.0, 511.0, 512.0, 512.0, 513.0, 511.0, 512.0, 512.0, 512.0, 514.0, 512.0, 512.0, 511.0, 513.0, 512.0, 513.0, 513.0, 512.0, 514.0, 513.0, 513.0, 513.0, 513.0, 512.0, 512.0, 512.0, 513.0]
Crossover offspring noisy fitness: [515.0, 513.0, 513.0, 513.0, 514.0, 512.0, 513.0, 513.0, 512.0, 512.0, 513.0, 512.0, 512.0, 514.0, 511.0, 512.0, 513.0, 513.0, 513.0, 514.0, 513.0, 513.0, 513.0, 511.0, 514.0, 513.0, 513.0, 511.0, 514.0, 512.0, 511.0, 511.0, 512.0, 510.0, 511.0, 511.0, 514.0, 512.0, 515.0, 514.0, 512.0, 512.0, 511.0, 514.0, 511.0, 512.0, 513.0, 515.0, 511.0, 513.0, 512.0, 513.0, 514.0, 514.0, 512.0, 511.0, 510.0, 511.0, 512.0, 512.0, 511.0, 512.0, 513.0, 512.0, 512.0, 513.0, 511.0, 511.0, 512.0, 512.0, 512.0, 512.0, 511.0, 512.0, 511.0, 511.0, 512.0, 513.0, 513.0, 510.0, 512.0, 512.0, 512.0, 514.0, 512.0, 512.0, 511.0, 513.0, 512.0, 513.0, 513.0, 512.0, 514.0, 513.0, 513.0, 513.0, 513.0, 512.0, 512.0, 512.0, 513.0]

