l: 49
Real fitness of mutation winner: 527.0
Noisy fitness of mutation winner: 527.0
Crossover offspring real fitness: [511.0, 513.0, 515.0, 512.0, 513.0, 514.0, 511.0, 512.0, 514.0, 511.0, 513.0, 513.0, 512.0, 512.0, 515.0, 513.0, 512.0, 512.0, 512.0, 514.0, 512.0, 517.0, 512.0, 513.0, 513.0, 513.0, 513.0, 513.0, 510.0, 512.0, 510.0, 513.0]
Crossover offspring noisy fitness: [511.0, 513.0, 515.0, 512.0, 513.0, 514.0, 511.0, 512.0, 514.0, 511.0, 513.0, 513.0, 512.0, 512.0, 515.0, 513.0, 512.0, 512.0, 512.0, 514.0, 512.0, 517.0, 512.0, 513.0, 513.0, 513.0, 513.0, 513.0, 510.0, 512.0, 510.0, 513.0]

l: 42
Real fitness of mutation winner: 530.0
Noisy fitness of mutation winner: 530.0
Crossover offspring real fitness: [512.0, 512.0, 512.0, 514.0, 512.0, 513.0, 512.0, 512.0, 511.0, 513.0, 512.0, 512.0, 512.0, 512.0, 511.0, 513.0, 512.0, 513.0, 515.0, 514.0, 511.0, 513.0, 514.0, 513.0, 514.0, 512.0, 511.0, 512.0, 515.0, 513.0, 512.0, 513.0]
Crossover offspring noisy fitness: [512.0, 512.0, 512.0, 514.0, 512.0, 513.0, 512.0, 512.0, 511.0, 513.0, 512.0, 512.0, 512.0, 512.0, 511.0, 513.0, 512.0, 513.0, 515.0, 515.0, 511.0, 513.0, 513.0, 513.0, 514.0, 512.0, 511.0, 512.0, 514.0, 513.0, 512.0, 513.0]

l: 27
Real fitness of mutation winner: 519.0
Noisy fitness of mutation winner: 519.0
Crossover offspring real fitness: [514.0, 512.0, 512.0, 514.0, 512.0, 512.0, 512.0, 512.0, 513.0, 511.0, 512.0, 510.0, 512.0, 513.0, 513.0, 512.0, 512.0, 513.0, 513.0, 512.0, 512.0, 512.0, 512.0, 513.0, 512.0, 512.0, 512.0, 512.0, 512.0, 511.0, 511.0, 511.0]
Crossover offspring noisy fitness: [514.0, 512.0, 512.0, 514.0, 512.0, 512.0, 512.0, 512.0, 513.0, 511.0, 512.0, 510.0, 512.0, 513.0, 513.0, 512.0, 512.0, 513.0, 513.0, 512.0, 512.0, 512.0, 512.0, 513.0, 512.0, 512.0, 512.0, 512.0, 512.0, 511.0, 511.0, 511.0]

l: 29
Real fitness of mutation winner: 521.0
Noisy fitness of mutation winner: 521.0
Crossover offspring real fitness: [511.0, 512.0, 512.0, 512.0, 513.0, 512.0, 512.0, 512.0, 511.0, 512.0, 513.0, 513.0, 513.0, 512.0, 512.0, 511.0, 511.0, 512.0, 512.0, 513.0, 510.0, 512.0, 513.0, 513.0, 512.0, 511.0, 513.0, 511.0, 512.0, 512.0, 515.0, 512.0]
Crossover offspring noisy fitness: [511.0, 512.0, 512.0, 512.0, 513.0, 512.0, 512.0, 512.0, 511.0, 512.0, 513.0, 513.0, 513.0, 511.0, 512.0, 511.0, 511.0, 512.0, 512.0, 513.0, 510.0, 512.0, 513.0, 513.0, 512.0, 511.0, 513.0, 511.0, 512.0, 512.0, 515.0, 512.0]

