l: 31
Real fitness of mutation winner: 519.0
Noisy fitness of mutation winner: 519.0
Crossover offspring real fitness: [512.0, 513.0, 513.0, 511.0, 510.0, 513.0, 512.0, 511.0, 512.0, 514.0, 513.0, 514.0, 511.0, 512.0, 512.0, 514.0, 513.0, 512.0, 512.0, 511.0, 512.0, 512.0, 513.0, 512.0, 512.0, 513.0, 511.0, 512.0, 513.0, 511.0, 513.0, 510.0]
Crossover offspring noisy fitness: [512.0, 513.0, 513.0, 511.0, 510.0, 513.0, 512.0, 511.0, 511.0, 514.0, 514.0, 514.0, 511.0, 512.0, 512.0, 514.0, 513.0, 512.0, 512.0, 511.0, 512.0, 512.0, 513.0, 512.0, 512.0, 513.0, 511.0, 512.0, 513.0, 511.0, 513.0, 510.0]

l: 30
Real fitness of mutation winner: 520.0
Noisy fitness of mutation winner: 520.0
Crossover offspring real fitness: [510.0, 514.0, 512.0, 512.0, 512.0, 512.0, 512.0, 512.0, 513.0, 511.0, 514.0, 512.0, 513.0, 513.0, 512.0, 512.0, 512.0, 514.0, 513.0, 512.0, 513.0, 512.0, 512.0, 512.0, 512.0, 514.0, 512.0, 511.0, 512.0, 512.0, 512.0, 511.0]
Crossover offspring noisy fitness: [510.0, 514.0, 512.0, 512.0, 512.0, 512.0, 512.0, 512.0, 513.0, 511.0, 514.0, 512.0, 513.0, 513.0, 512.0, 512.0, 512.0, 514.0, 513.0, 512.0, 513.0, 513.0, 512.0, 512.0, 512.0, 514.0, 512.0, 511.0, 512.0, 512.0, 512.0, 511.0]

l: 32
Real fitness of mutation winner: 522.0
Noisy fitness of mutation winner: 522.0
Crossover offspring real fitness: [515.0, 512.0, 512.0, 510.0, 512.0, 513.0, 512.0, 515.0, 513.0, 512.0, 514.0, 511.0, 512.0, 511.0, 511.0, 512.0, 513.0, 514.0, 511.0, 513.0, 513.0, 512.0, 512.0, 512.0, 510.0, 512.0, 512.0, 513.0, 512.0, 510.0, 513.0, 511.0]
Crossover offspring noisy fitness: [515.0, 512.0, 512.0, 510.0, 512.0, 513.0, 512.0, 515.0, 513.0, 512.0, 514.0, 511.0, 512.0, 511.0, 511.0, 512.0, 513.0, 514.0, 511.0, 513.0, 513.0, 512.0, 512.0, 512.0, 510.0, 512.0, 512.0, 513.0, 512.0, 510.0, 513.0, 511.0]

l: 34
Real fitness of mutation winner: 522.0
Noisy fitness of mutation winner: 523.0
Crossover offspring real fitness: [513.0, 512.0, 512.0, 512.0, 513.0, 513.0, 513.0, 513.0, 513.0, 511.0, 513.0, 513.0, 512.0, 512.0, 514.0, 512.0, 512.0, 513.0, 512.0, 513.0, 512.0, 512.0, 512.0, 512.0, 511.0, 513.0, 511.0, 513.0, 513.0, 515.0, 512.0, 512.0]
Crossover offspring noisy fitness: [513.0, 512.0, 512.0, 512.0, 513.0, 513.0, 513.0, 513.0, 513.0, 511.0, 513.0, 513.0, 512.0, 512.0, 514.0, 513.0, 512.0, 513.0, 512.0, 512.0, 512.0, 512.0, 512.0, 512.0, 511.0, 513.0, 511.0, 513.0, 513.0, 515.0, 512.0, 512.0]

