l: 84
Fitness of mutation winner: 532.0
Crossover offspring real fitness: [513.0, 513.0, 513.0, 512.0, 512.0, 512.0, 513.0, 514.0, 512.0, 513.0, 511.0, 512.0, 513.0, 515.0, 512.0, 511.0, 513.0, 513.0, 514.0, 512.0, 512.0, 512.0, 511.0, 512.0, 512.0, 512.0, 512.0, 512.0, 513.0, 512.0, 512.0, 515.0, 514.0, 512.0, 513.0, 513.0, 513.0, 512.0, 512.0, 513.0, 512.0, 512.0, 511.0, 512.0, 511.0, 512.0, 512.0, 512.0, 511.0, 514.0, 514.0, 512.0, 513.0, 511.0, 513.0, 514.0, 516.0, 513.0, 515.0, 512.0, 512.0, 512.0, 513.0, 512.0, 512.0, 511.0, 512.0, 512.0, 512.0, 512.0, 513.0, 512.0, 512.0, 513.0, 511.0, 512.0, 512.0, 512.0, 512.0, 511.0, 512.0, 512.0, 513.0, 512.0, 513.0, 512.0, 512.0, 511.0, 512.0, 513.0, 512.0, 513.0, 512.0, 512.0, 511.0, 514.0, 512.0, 513.0, 512.0, 512.0, 512.0]
Crossover offspring noisy fitness: [513.0, 513.0, 513.0, 512.0, 512.0, 512.0, 513.0, 514.0, 512.0, 513.0, 511.0, 512.0, 513.0, 515.0, 512.0, 511.0, 512.0, 513.0, 514.0, 512.0, 512.0, 513.0, 511.0, 512.0, 512.0, 512.0, 512.0, 512.0, 513.0, 512.0, 512.0, 515.0, 514.0, 512.0, 513.0, 513.0, 512.0, 512.0, 511.0, 513.0, 512.0, 512.0, 511.0, 512.0, 511.0, 512.0, 512.0, 512.0, 511.0, 514.0, 514.0, 512.0, 513.0, 511.0, 513.0, 514.0, 516.0, 513.0, 514.0, 512.0, 512.0, 512.0, 513.0, 512.0, 512.0, 511.0, 512.0, 512.0, 512.0, 512.0, 513.0, 512.0, 512.0, 513.0, 511.0, 512.0, 512.0, 512.0, 512.0, 511.0, 512.0, 512.0, 513.0, 512.0, 513.0, 512.0, 513.0, 511.0, 512.0, 513.0, 512.0, 513.0, 512.0, 511.0, 511.0, 514.0, 512.0, 513.0, 512.0, 512.0, 512.0]

l: 101
Fitness of mutation winner: 531.0
Crossover offspring real fitness: [513.0, 513.0, 512.0, 513.0, 512.0, 511.0, 511.0, 511.0, 512.0, 511.0, 512.0, 512.0, 512.0, 513.0, 512.0, 512.0, 512.0, 513.0, 513.0, 512.0, 512.0, 512.0, 512.0, 511.0, 513.0, 511.0, 511.0, 511.0, 513.0, 513.0, 512.0, 512.0, 512.0, 513.0, 512.0, 513.0, 512.0, 509.0, 512.0, 512.0, 512.0, 513.0, 512.0, 512.0, 512.0, 513.0, 513.0, 513.0, 513.0, 512.0, 512.0, 515.0, 512.0, 510.0, 512.0, 512.0, 510.0, 513.0, 513.0, 511.0, 512.0, 512.0, 513.0, 512.0, 512.0, 512.0, 512.0, 512.0, 512.0, 512.0, 513.0, 514.0, 511.0, 512.0, 512.0, 513.0, 513.0, 513.0, 511.0, 513.0, 514.0, 512.0, 513.0, 512.0, 514.0, 512.0, 513.0, 512.0, 512.0, 512.0, 510.0, 512.0, 512.0, 512.0, 513.0, 514.0, 513.0, 512.0, 513.0, 511.0, 514.0]
Crossover offspring noisy fitness: [513.0, 513.0, 512.0, 513.0, 512.0, 511.0, 511.0, 511.0, 512.0, 511.0, 512.0, 512.0, 512.0, 513.0, 512.0, 513.0, 512.0, 513.0, 513.0, 512.0, 512.0, 512.0, 512.0, 511.0, 513.0, 511.0, 511.0, 511.0, 513.0, 513.0, 512.0, 512.0, 512.0, 512.0, 512.0, 513.0, 512.0, 509.0, 512.0, 512.0, 512.0, 513.0, 512.0, 513.0, 512.0, 513.0, 513.0, 513.0, 514.0, 512.0, 512.0, 515.0, 512.0, 510.0, 512.0, 512.0, 510.0, 513.0, 513.0, 512.0, 512.0, 512.0, 512.0, 513.0, 512.0, 512.0, 513.0, 512.0, 512.0, 512.0, 513.0, 515.0, 511.0, 512.0, 512.0, 513.0, 513.0, 513.0, 511.0, 513.0, 514.0, 512.0, 513.0, 512.0, 514.0, 512.0, 513.0, 512.0, 512.0, 512.0, 510.0, 512.0, 512.0, 512.0, 513.0, 514.0, 513.0, 512.0, 513.0, 511.0, 514.0]

l: 84
Fitness of mutation winner: 532.0
Crossover offspring real fitness: [512.0, 512.0, 513.0, 511.0, 512.0, 512.0, 512.0, 512.0, 511.0, 512.0, 512.0, 512.0, 513.0, 512.0, 514.0, 511.0, 513.0, 509.0, 511.0, 512.0, 512.0, 511.0, 514.0, 513.0, 511.0, 514.0, 512.0, 513.0, 513.0, 512.0, 512.0, 513.0, 512.0, 512.0, 512.0, 512.0, 514.0, 512.0, 512.0, 511.0, 512.0, 512.0, 513.0, 514.0, 512.0, 512.0, 513.0, 512.0, 513.0, 513.0, 513.0, 511.0, 512.0, 512.0, 513.0, 513.0, 512.0, 512.0, 511.0, 510.0, 512.0, 512.0, 511.0, 512.0, 512.0, 512.0, 512.0, 514.0, 511.0, 511.0, 513.0, 511.0, 512.0, 512.0, 512.0, 512.0, 511.0, 512.0, 512.0, 512.0, 511.0, 513.0, 511.0, 511.0, 512.0, 512.0, 512.0, 512.0, 513.0, 513.0, 516.0, 513.0, 513.0, 512.0, 512.0, 513.0, 511.0, 512.0, 512.0, 513.0, 512.0]
Crossover offspring noisy fitness: [512.0, 512.0, 513.0, 511.0, 512.0, 512.0, 513.0, 512.0, 511.0, 512.0, 512.0, 512.0, 513.0, 512.0, 514.0, 511.0, 513.0, 509.0, 511.0, 512.0, 512.0, 511.0, 514.0, 513.0, 511.0, 514.0, 512.0, 513.0, 514.0, 512.0, 512.0, 513.0, 512.0, 512.0, 511.0, 512.0, 514.0, 512.0, 512.0, 511.0, 512.0, 512.0, 513.0, 515.0, 512.0, 511.0, 513.0, 512.0, 513.0, 513.0, 513.0, 511.0, 512.0, 512.0, 513.0, 513.0, 511.0, 512.0, 511.0, 510.0, 512.0, 512.0, 511.0, 512.0, 512.0, 512.0, 512.0, 514.0, 511.0, 511.0, 513.0, 511.0, 512.0, 512.0, 512.0, 513.0, 511.0, 512.0, 512.0, 512.0, 511.0, 513.0, 511.0, 511.0, 512.0, 512.0, 512.0, 512.0, 513.0, 513.0, 516.0, 513.0, 513.0, 512.0, 512.0, 513.0, 510.0, 512.0, 512.0, 512.0, 512.0]

l: 112
Fitness of mutation winner: 540.0
Crossover offspring real fitness: [511.0, 514.0, 512.0, 512.0, 511.0, 512.0, 512.0, 512.0, 513.0, 513.0, 511.0, 512.0, 512.0, 513.0, 513.0, 512.0, 511.0, 512.0, 512.0, 512.0, 513.0, 512.0, 513.0, 511.0, 512.0, 512.0, 512.0, 513.0, 513.0, 512.0, 512.0, 511.0, 513.0, 511.0, 512.0, 512.0, 512.0, 513.0, 511.0, 513.0, 513.0, 512.0, 511.0, 512.0, 512.0, 512.0, 512.0, 513.0, 512.0, 512.0, 511.0, 513.0, 511.0, 513.0, 511.0, 511.0, 512.0, 512.0, 512.0, 511.0, 513.0, 512.0, 513.0, 512.0, 511.0, 512.0, 512.0, 513.0, 513.0, 514.0, 512.0, 511.0, 512.0, 514.0, 511.0, 512.0, 513.0, 512.0, 513.0, 512.0, 509.0, 510.0, 513.0, 513.0, 512.0, 514.0, 512.0, 512.0, 512.0, 512.0, 512.0, 512.0, 511.0, 512.0, 513.0, 512.0, 514.0, 511.0, 514.0, 511.0, 512.0]
Crossover offspring noisy fitness: [511.0, 514.0, 512.0, 512.0, 511.0, 512.0, 512.0, 512.0, 513.0, 513.0, 511.0, 512.0, 512.0, 513.0, 513.0, 512.0, 510.0, 512.0, 512.0, 512.0, 513.0, 512.0, 513.0, 511.0, 512.0, 512.0, 512.0, 513.0, 514.0, 512.0, 512.0, 511.0, 513.0, 511.0, 512.0, 512.0, 512.0, 513.0, 511.0, 513.0, 513.0, 512.0, 511.0, 512.0, 512.0, 512.0, 512.0, 513.0, 512.0, 512.0, 512.0, 513.0, 511.0, 513.0, 511.0, 511.0, 512.0, 512.0, 512.0, 511.0, 513.0, 512.0, 513.0, 512.0, 511.0, 512.0, 512.0, 513.0, 513.0, 514.0, 512.0, 511.0, 512.0, 514.0, 511.0, 512.0, 512.0, 512.0, 513.0, 512.0, 509.0, 510.0, 513.0, 513.0, 512.0, 514.0, 512.0, 512.0, 512.0, 512.0, 512.0, 512.0, 511.0, 512.0, 513.0, 513.0, 514.0, 511.0, 514.0, 511.0, 512.0]

