l: 113
Fitness of mutation winner: 539.0
Crossover offspring real fitness: [512.0, 512.0, 513.0, 511.0, 513.0, 513.0, 511.0, 512.0, 513.0, 512.0, 515.0, 512.0, 512.0, 514.0, 513.0, 514.0, 513.0, 512.0, 512.0, 513.0, 511.0, 512.0, 511.0, 514.0, 514.0, 510.0, 511.0, 512.0, 511.0, 513.0, 512.0, 512.0, 512.0, 511.0, 512.0, 513.0, 513.0, 515.0, 512.0, 513.0, 513.0, 510.0, 512.0, 512.0, 513.0, 513.0, 513.0, 512.0, 512.0, 512.0, 515.0, 511.0, 513.0, 514.0, 512.0, 512.0, 512.0, 512.0, 511.0, 512.0, 512.0, 512.0, 511.0, 513.0, 513.0, 514.0, 513.0, 513.0, 511.0, 514.0, 512.0, 512.0, 511.0, 511.0, 511.0, 512.0, 512.0, 513.0, 513.0, 513.0, 510.0, 514.0, 513.0, 513.0, 514.0, 510.0, 513.0, 512.0, 512.0, 512.0, 512.0, 512.0, 514.0, 512.0, 513.0, 514.0, 511.0, 514.0, 512.0, 514.0, 512.0]
Crossover offspring noisy fitness: [512.0, 512.0, 513.0, 511.0, 513.0, 513.0, 511.0, 512.0, 513.0, 512.0, 515.0, 512.0, 512.0, 514.0, 513.0, 514.0, 513.0, 512.0, 512.0, 513.0, 511.0, 512.0, 511.0, 514.0, 514.0, 510.0, 511.0, 512.0, 511.0, 513.0, 512.0, 512.0, 512.0, 511.0, 512.0, 513.0, 513.0, 515.0, 512.0, 513.0, 513.0, 510.0, 512.0, 512.0, 513.0, 513.0, 513.0, 512.0, 512.0, 512.0, 515.0, 512.0, 513.0, 514.0, 512.0, 512.0, 512.0, 512.0, 511.0, 512.0, 512.0, 512.0, 511.0, 514.0, 513.0, 514.0, 513.0, 513.0, 511.0, 514.0, 512.0, 512.0, 511.0, 511.0, 511.0, 512.0, 512.0, 513.0, 513.0, 513.0, 510.0, 514.0, 513.0, 513.0, 514.0, 510.0, 513.0, 512.0, 512.0, 512.0, 512.0, 512.0, 514.0, 512.0, 513.0, 513.0, 511.0, 514.0, 512.0, 514.0, 511.0]

l: 119
Fitness of mutation winner: 535.0
Crossover offspring real fitness: [513.0, 511.0, 511.0, 513.0, 512.0, 511.0, 513.0, 514.0, 512.0, 512.0, 513.0, 512.0, 513.0, 512.0, 513.0, 513.0, 511.0, 513.0, 513.0, 512.0, 512.0, 514.0, 513.0, 511.0, 513.0, 512.0, 512.0, 511.0, 512.0, 513.0, 514.0, 512.0, 514.0, 512.0, 512.0, 512.0, 512.0, 511.0, 511.0, 512.0, 512.0, 514.0, 512.0, 512.0, 512.0, 512.0, 512.0, 512.0, 512.0, 514.0, 514.0, 511.0, 512.0, 513.0, 512.0, 511.0, 512.0, 512.0, 512.0, 512.0, 511.0, 511.0, 514.0, 513.0, 512.0, 514.0, 514.0, 515.0, 512.0, 514.0, 512.0, 511.0, 512.0, 512.0, 512.0, 512.0, 511.0, 513.0, 511.0, 513.0, 512.0, 511.0, 513.0, 513.0, 512.0, 513.0, 513.0, 512.0, 512.0, 511.0, 512.0, 513.0, 513.0, 513.0, 513.0, 513.0, 512.0, 512.0, 512.0, 512.0, 512.0]
Crossover offspring noisy fitness: [513.0, 511.0, 511.0, 513.0, 512.0, 511.0, 513.0, 514.0, 513.0, 512.0, 513.0, 512.0, 513.0, 512.0, 513.0, 513.0, 511.0, 513.0, 513.0, 512.0, 512.0, 514.0, 513.0, 511.0, 513.0, 512.0, 512.0, 511.0, 512.0, 513.0, 514.0, 512.0, 514.0, 512.0, 512.0, 512.0, 513.0, 511.0, 511.0, 512.0, 512.0, 514.0, 512.0, 512.0, 512.0, 512.0, 512.0, 512.0, 512.0, 514.0, 514.0, 511.0, 512.0, 513.0, 512.0, 511.0, 512.0, 512.0, 512.0, 511.0, 511.0, 511.0, 514.0, 513.0, 512.0, 514.0, 514.0, 515.0, 512.0, 514.0, 512.0, 511.0, 512.0, 512.0, 512.0, 512.0, 511.0, 513.0, 511.0, 513.0, 512.0, 511.0, 513.0, 513.0, 512.0, 513.0, 513.0, 512.0, 512.0, 511.0, 512.0, 513.0, 513.0, 513.0, 513.0, 513.0, 512.0, 512.0, 512.0, 512.0, 512.0]

l: 118
Fitness of mutation winner: 548.0
Crossover offspring real fitness: [512.0, 514.0, 513.0, 512.0, 513.0, 512.0, 513.0, 513.0, 513.0, 513.0, 514.0, 512.0, 512.0, 512.0, 513.0, 512.0, 513.0, 512.0, 512.0, 514.0, 512.0, 510.0, 513.0, 512.0, 513.0, 511.0, 512.0, 513.0, 513.0, 513.0, 513.0, 513.0, 513.0, 513.0, 511.0, 512.0, 513.0, 512.0, 511.0, 512.0, 513.0, 513.0, 512.0, 514.0, 512.0, 514.0, 512.0, 510.0, 510.0, 512.0, 512.0, 512.0, 510.0, 515.0, 512.0, 512.0, 514.0, 513.0, 514.0, 513.0, 513.0, 512.0, 514.0, 512.0, 513.0, 515.0, 514.0, 512.0, 512.0, 513.0, 514.0, 511.0, 512.0, 512.0, 513.0, 514.0, 512.0, 515.0, 511.0, 512.0, 512.0, 514.0, 513.0, 512.0, 513.0, 513.0, 512.0, 512.0, 512.0, 512.0, 512.0, 513.0, 511.0, 513.0, 512.0, 513.0, 513.0, 512.0, 513.0, 512.0, 512.0]
Crossover offspring noisy fitness: [512.0, 514.0, 513.0, 512.0, 513.0, 512.0, 513.0, 513.0, 513.0, 513.0, 514.0, 512.0, 512.0, 512.0, 513.0, 512.0, 513.0, 512.0, 512.0, 514.0, 512.0, 510.0, 513.0, 512.0, 513.0, 511.0, 512.0, 513.0, 513.0, 513.0, 513.0, 513.0, 513.0, 513.0, 511.0, 512.0, 513.0, 512.0, 511.0, 512.0, 513.0, 513.0, 512.0, 514.0, 512.0, 514.0, 512.0, 510.0, 510.0, 511.0, 512.0, 512.0, 510.0, 515.0, 512.0, 512.0, 514.0, 513.0, 514.0, 513.0, 513.0, 512.0, 514.0, 512.0, 512.0, 515.0, 514.0, 512.0, 512.0, 513.0, 514.0, 511.0, 512.0, 512.0, 513.0, 514.0, 512.0, 516.0, 511.0, 513.0, 513.0, 514.0, 513.0, 511.0, 512.0, 513.0, 512.0, 512.0, 511.0, 512.0, 512.0, 513.0, 511.0, 513.0, 512.0, 513.0, 513.0, 513.0, 513.0, 512.0, 512.0]

l: 115
Fitness of mutation winner: 533.0
Crossover offspring real fitness: [511.0, 513.0, 512.0, 513.0, 513.0, 512.0, 511.0, 512.0, 513.0, 510.0, 512.0, 512.0, 511.0, 513.0, 511.0, 511.0, 512.0, 512.0, 513.0, 512.0, 514.0, 513.0, 513.0, 515.0, 513.0, 511.0, 512.0, 512.0, 512.0, 511.0, 512.0, 511.0, 510.0, 512.0, 510.0, 512.0, 516.0, 512.0, 514.0, 514.0, 514.0, 511.0, 512.0, 512.0, 511.0, 514.0, 512.0, 513.0, 511.0, 511.0, 512.0, 512.0, 512.0, 512.0, 511.0, 513.0, 512.0, 513.0, 514.0, 511.0, 512.0, 513.0, 512.0, 514.0, 512.0, 512.0, 513.0, 512.0, 513.0, 512.0, 512.0, 511.0, 513.0, 514.0, 512.0, 514.0, 512.0, 512.0, 512.0, 511.0, 509.0, 512.0, 512.0, 510.0, 512.0, 514.0, 512.0, 512.0, 512.0, 510.0, 511.0, 513.0, 514.0, 513.0, 512.0, 512.0, 513.0, 513.0, 514.0, 511.0, 513.0]
Crossover offspring noisy fitness: [511.0, 513.0, 512.0, 513.0, 513.0, 512.0, 511.0, 512.0, 513.0, 510.0, 512.0, 512.0, 511.0, 513.0, 511.0, 511.0, 512.0, 512.0, 513.0, 512.0, 514.0, 513.0, 513.0, 515.0, 513.0, 511.0, 512.0, 512.0, 512.0, 511.0, 512.0, 511.0, 510.0, 512.0, 510.0, 512.0, 517.0, 512.0, 514.0, 514.0, 514.0, 511.0, 512.0, 512.0, 511.0, 514.0, 512.0, 513.0, 511.0, 511.0, 512.0, 512.0, 512.0, 512.0, 511.0, 513.0, 512.0, 513.0, 514.0, 511.0, 512.0, 513.0, 512.0, 514.0, 512.0, 512.0, 513.0, 512.0, 513.0, 512.0, 512.0, 511.0, 513.0, 514.0, 512.0, 514.0, 512.0, 512.0, 512.0, 511.0, 509.0, 512.0, 512.0, 510.0, 512.0, 514.0, 511.0, 512.0, 512.0, 510.0, 511.0, 513.0, 515.0, 513.0, 512.0, 512.0, 512.0, 513.0, 514.0, 511.0, 513.0]

