l: 28
Fitness of mutation winner: 524.0
Crossover offspring real fitness: [512.0, 512.0, 511.0, 512.0, 513.0, 511.0, 512.0, 512.0, 513.0, 513.0, 512.0, 513.0, 512.0, 512.0, 511.0, 513.0, 512.0, 512.0, 512.0, 512.0, 513.0, 512.0, 512.0, 512.0, 512.0, 512.0, 511.0, 512.0, 513.0, 512.0, 512.0, 513.0]
Crossover offspring noisy fitness: [512.0, 512.0, 511.0, 512.0, 513.0, 511.0, 512.0, 512.0, 513.0, 513.0, 512.0, 513.0, 511.0, 512.0, 511.0, 513.0, 513.0, 512.0, 512.0, 512.0, 513.0, 512.0, 512.0, 512.0, 512.0, 512.0, 511.0, 511.0, 513.0, 512.0, 512.0, 513.0]

l: 34
Fitness of mutation winner: 524.0
Crossover offspring real fitness: [514.0, 512.0, 510.0, 513.0, 512.0, 512.0, 512.0, 512.0, 511.0, 513.0, 512.0, 512.0, 514.0, 511.0, 513.0, 511.0, 513.0, 515.0, 512.0, 511.0, 513.0, 512.0, 513.0, 512.0, 512.0, 512.0, 512.0, 512.0, 513.0, 512.0, 513.0, 512.0]
Crossover offspring noisy fitness: [513.0, 512.0, 510.0, 513.0, 512.0, 512.0, 512.0, 512.0, 511.0, 513.0, 512.0, 512.0, 514.0, 511.0, 513.0, 511.0, 513.0, 515.0, 512.0, 511.0, 513.0, 512.0, 513.0, 512.0, 512.0, 512.0, 512.0, 512.0, 513.0, 512.0, 513.0, 512.0]

l: 35
Fitness of mutation winner: 522.0
Crossover offspring real fitness: [512.0, 512.0, 512.0, 515.0, 511.0, 512.0, 513.0, 512.0, 512.0, 513.0, 512.0, 512.0, 512.0, 513.0, 513.0, 512.0, 512.0, 512.0, 512.0, 512.0, 513.0, 512.0, 511.0, 512.0, 512.0, 512.0, 514.0, 511.0, 511.0, 510.0, 512.0, 512.0]
Crossover offspring noisy fitness: [512.0, 512.0, 513.0, 515.0, 510.0, 512.0, 513.0, 512.0, 512.0, 514.0, 512.0, 512.0, 512.0, 513.0, 513.0, 512.0, 512.0, 512.0, 512.0, 512.0, 513.0, 512.0, 511.0, 512.0, 512.0, 512.0, 514.0, 511.0, 511.0, 510.0, 512.0, 512.0]

l: 32
Fitness of mutation winner: 520.0
Crossover offspring real fitness: [512.0, 512.0, 513.0, 513.0, 514.0, 513.0, 512.0, 513.0, 510.0, 512.0, 513.0, 512.0, 512.0, 512.0, 512.0, 513.0, 513.0, 512.0, 514.0, 511.0, 513.0, 512.0, 512.0, 512.0, 513.0, 511.0, 512.0, 511.0, 512.0, 512.0, 511.0, 512.0]
Crossover offspring noisy fitness: [512.0, 512.0, 513.0, 513.0, 514.0, 513.0, 513.0, 513.0, 510.0, 512.0, 513.0, 512.0, 512.0, 512.0, 512.0, 513.0, 514.0, 512.0, 514.0, 511.0, 513.0, 512.0, 512.0, 512.0, 513.0, 511.0, 512.0, 511.0, 512.0, 512.0, 511.0, 512.0]

