l: 34
Real fitness of mutation winner: 522.0
Noisy fitness of mutation winner: 522.0
Crossover offspring real fitness: [512.0, 512.0, 512.0, 511.0, 511.0, 512.0, 513.0, 511.0, 514.0, 510.0, 511.0, 511.0, 513.0, 510.0, 512.0, 513.0, 513.0, 513.0, 517.0, 513.0, 511.0, 513.0, 512.0, 512.0, 512.0, 512.0, 513.0, 512.0, 511.0, 512.0, 512.0, 511.0]
Crossover offspring noisy fitness: [512.0, 513.0, 512.0, 511.0, 510.0, 512.0, 513.0, 511.0, 514.0, 510.0, 511.0, 511.0, 513.0, 510.0, 512.0, 513.0, 513.0, 513.0, 517.0, 513.0, 511.0, 513.0, 512.0, 512.0, 512.0, 512.0, 513.0, 512.0, 511.0, 512.0, 512.0, 511.0]

l: 39
Real fitness of mutation winner: 525.0
Noisy fitness of mutation winner: 525.0
Crossover offspring real fitness: [513.0, 511.0, 512.0, 513.0, 511.0, 512.0, 512.0, 512.0, 513.0, 514.0, 511.0, 513.0, 512.0, 512.0, 513.0, 512.0, 512.0, 511.0, 513.0, 514.0, 512.0, 511.0, 512.0, 513.0, 512.0, 511.0, 512.0, 512.0, 512.0, 513.0, 513.0, 512.0]
Crossover offspring noisy fitness: [513.0, 511.0, 512.0, 513.0, 511.0, 512.0, 512.0, 512.0, 513.0, 514.0, 511.0, 513.0, 512.0, 512.0, 513.0, 512.0, 512.0, 511.0, 513.0, 513.0, 512.0, 511.0, 512.0, 513.0, 512.0, 511.0, 512.0, 511.0, 512.0, 513.0, 513.0, 512.0]

l: 35
Real fitness of mutation winner: 527.0
Noisy fitness of mutation winner: 527.0
Crossover offspring real fitness: [513.0, 514.0, 512.0, 514.0, 512.0, 512.0, 513.0, 512.0, 513.0, 512.0, 512.0, 514.0, 512.0, 511.0, 512.0, 513.0, 511.0, 511.0, 513.0, 512.0, 514.0, 513.0, 514.0, 513.0, 512.0, 512.0, 512.0, 514.0, 512.0, 511.0, 513.0, 512.0]
Crossover offspring noisy fitness: [513.0, 514.0, 512.0, 513.0, 512.0, 512.0, 513.0, 512.0, 513.0, 512.0, 512.0, 514.0, 512.0, 510.0, 512.0, 512.0, 511.0, 511.0, 513.0, 512.0, 514.0, 513.0, 514.0, 513.0, 512.0, 512.0, 512.0, 514.0, 512.0, 511.0, 513.0, 512.0]

l: 24
Real fitness of mutation winner: 518.0
Noisy fitness of mutation winner: 518.0
Crossover offspring real fitness: [511.0, 512.0, 512.0, 511.0, 513.0, 512.0, 512.0, 512.0, 512.0, 512.0, 512.0, 512.0, 512.0, 513.0, 513.0, 514.0, 513.0, 511.0, 512.0, 512.0, 512.0, 512.0, 512.0, 512.0, 513.0, 513.0, 512.0, 513.0, 512.0, 513.0, 512.0, 512.0]
Crossover offspring noisy fitness: [511.0, 512.0, 512.0, 511.0, 513.0, 512.0, 512.0, 512.0, 512.0, 512.0, 512.0, 512.0, 512.0, 513.0, 513.0, 514.0, 512.0, 511.0, 512.0, 512.0, 512.0, 512.0, 512.0, 512.0, 513.0, 513.0, 512.0, 513.0, 512.0, 513.0, 512.0, 512.0]

