l: 25
Real fitness of mutation winner: 523.0
Noisy fitness of mutation winner: 523.0
Crossover offspring real fitness: [511.0, 512.0, 512.0, 511.0, 512.0, 512.0, 512.0, 513.0, 510.0, 512.0, 512.0, 513.0, 512.0, 511.0, 513.0, 513.0, 513.0, 512.0, 512.0, 512.0, 511.0, 513.0, 511.0, 512.0, 512.0, 512.0, 511.0, 513.0, 513.0, 512.0, 512.0, 512.0]
Crossover offspring noisy fitness: [511.0, 512.0, 512.0, 512.0, 512.0, 512.0, 512.0, 513.0, 510.0, 512.0, 512.0, 513.0, 512.0, 512.0, 513.0, 513.0, 513.0, 512.0, 512.0, 512.0, 511.0, 513.0, 512.0, 512.0, 512.0, 512.0, 511.0, 513.0, 513.0, 512.0, 512.0, 512.0]

l: 27
Real fitness of mutation winner: 521.0
Noisy fitness of mutation winner: 521.0
Crossover offspring real fitness: [511.0, 514.0, 512.0, 514.0, 510.0, 511.0, 513.0, 512.0, 511.0, 514.0, 514.0, 511.0, 511.0, 512.0, 512.0, 513.0, 511.0, 514.0, 511.0, 511.0, 512.0, 513.0, 514.0, 512.0, 513.0, 512.0, 512.0, 514.0, 514.0, 513.0, 512.0, 513.0]
Crossover offspring noisy fitness: [511.0, 514.0, 512.0, 514.0, 510.0, 511.0, 513.0, 512.0, 511.0, 514.0, 514.0, 511.0, 511.0, 512.0, 512.0, 513.0, 511.0, 514.0, 511.0, 511.0, 512.0, 513.0, 514.0, 512.0, 513.0, 512.0, 512.0, 514.0, 514.0, 513.0, 512.0, 513.0]

l: 29
Real fitness of mutation winner: 523.0
Noisy fitness of mutation winner: 523.0
Crossover offspring real fitness: [510.0, 512.0, 512.0, 513.0, 514.0, 512.0, 511.0, 513.0, 511.0, 512.0, 514.0, 513.0, 512.0, 513.0, 512.0, 512.0, 511.0, 511.0, 513.0, 512.0, 513.0, 512.0, 514.0, 511.0, 512.0, 512.0, 512.0, 512.0, 513.0, 512.0, 512.0, 513.0]
Crossover offspring noisy fitness: [510.0, 512.0, 512.0, 513.0, 514.0, 512.0, 511.0, 513.0, 511.0, 512.0, 514.0, 513.0, 512.0, 513.0, 512.0, 512.0, 511.0, 511.0, 513.0, 512.0, 513.0, 512.0, 514.0, 511.0, 512.0, 512.0, 512.0, 512.0, 513.0, 512.0, 512.0, 513.0]

l: 39
Real fitness of mutation winner: 523.0
Noisy fitness of mutation winner: 523.0
Crossover offspring real fitness: [512.0, 513.0, 509.0, 512.0, 512.0, 511.0, 512.0, 511.0, 509.0, 512.0, 512.0, 511.0, 512.0, 511.0, 509.0, 512.0, 513.0, 512.0, 511.0, 512.0, 511.0, 513.0, 512.0, 514.0, 512.0, 511.0, 512.0, 512.0, 513.0, 511.0, 513.0, 512.0]
Crossover offspring noisy fitness: [512.0, 513.0, 509.0, 512.0, 512.0, 511.0, 512.0, 510.0, 509.0, 512.0, 512.0, 511.0, 513.0, 511.0, 509.0, 512.0, 513.0, 512.0, 511.0, 512.0, 511.0, 513.0, 512.0, 514.0, 512.0, 511.0, 512.0, 512.0, 513.0, 510.0, 513.0, 512.0]

