l: 31
Fitness of mutation winner: 524.0
Crossover offspring real fitness: [513.0, 512.0, 512.0, 511.0, 511.0, 512.0, 511.0, 510.0, 514.0, 512.0, 514.0, 513.0, 510.0, 512.0, 512.0, 512.0, 514.0, 514.0, 513.0, 512.0, 513.0, 513.0, 512.0, 513.0, 512.0, 512.0, 512.0, 511.0, 512.0, 512.0, 511.0, 512.0]
Crossover offspring noisy fitness: [513.0, 512.0, 512.0, 511.0, 511.0, 512.0, 511.0, 510.0, 514.0, 511.0, 513.0, 513.0, 511.0, 512.0, 512.0, 512.0, 514.0, 514.0, 513.0, 512.0, 512.0, 513.0, 512.0, 513.0, 512.0, 512.0, 512.0, 510.0, 511.0, 512.0, 511.0, 512.0]

l: 29
Fitness of mutation winner: 527.0
Crossover offspring real fitness: [511.0, 514.0, 512.0, 513.0, 512.0, 513.0, 512.0, 512.0, 512.0, 514.0, 512.0, 514.0, 512.0, 512.0, 513.0, 512.0, 514.0, 513.0, 512.0, 512.0, 512.0, 512.0, 511.0, 513.0, 512.0, 512.0, 513.0, 513.0, 512.0, 512.0, 511.0, 512.0]
Crossover offspring noisy fitness: [511.0, 514.0, 512.0, 513.0, 512.0, 513.0, 512.0, 512.0, 512.0, 514.0, 512.0, 514.0, 512.0, 512.0, 514.0, 512.0, 514.0, 513.0, 512.0, 513.0, 512.0, 512.0, 511.0, 513.0, 512.0, 512.0, 513.0, 513.0, 512.0, 512.0, 511.0, 511.0]

l: 27
Fitness of mutation winner: 521.0
Crossover offspring real fitness: [511.0, 510.0, 514.0, 511.0, 514.0, 514.0, 512.0, 511.0, 513.0, 512.0, 512.0, 512.0, 512.0, 512.0, 514.0, 514.0, 513.0, 512.0, 512.0, 512.0, 512.0, 513.0, 512.0, 512.0, 513.0, 512.0, 511.0, 512.0, 512.0, 513.0, 512.0, 511.0]
Crossover offspring noisy fitness: [511.0, 510.0, 515.0, 511.0, 514.0, 514.0, 512.0, 511.0, 513.0, 512.0, 512.0, 512.0, 512.0, 512.0, 514.0, 514.0, 513.0, 512.0, 512.0, 512.0, 512.0, 513.0, 512.0, 512.0, 513.0, 512.0, 511.0, 512.0, 512.0, 513.0, 512.0, 511.0]

l: 25
Fitness of mutation winner: 523.0
Crossover offspring real fitness: [512.0, 512.0, 512.0, 512.0, 512.0, 512.0, 512.0, 515.0, 512.0, 513.0, 512.0, 513.0, 514.0, 512.0, 513.0, 512.0, 512.0, 512.0, 512.0, 511.0, 512.0, 514.0, 511.0, 514.0, 514.0, 514.0, 512.0, 512.0, 514.0, 512.0, 512.0, 513.0]
Crossover offspring noisy fitness: [512.0, 512.0, 512.0, 511.0, 512.0, 512.0, 512.0, 515.0, 512.0, 513.0, 512.0, 513.0, 514.0, 512.0, 513.0, 512.0, 513.0, 512.0, 512.0, 511.0, 512.0, 514.0, 511.0, 514.0, 514.0, 513.0, 512.0, 512.0, 514.0, 512.0, 512.0, 513.0]

