l: 96
Real fitness of mutation winner: 530.0
Noisy fitness of mutation winner: 530.0
Crossover offspring real fitness: [512.0, 513.0, 512.0, 513.0, 513.0, 511.0, 513.0, 512.0, 513.0, 512.0, 513.0, 512.0, 511.0, 513.0, 512.0, 512.0, 511.0, 516.0, 512.0, 511.0, 514.0, 512.0, 512.0, 511.0, 511.0, 512.0, 512.0, 511.0, 513.0, 509.0, 513.0, 513.0, 512.0, 511.0, 512.0, 513.0, 512.0, 512.0, 512.0, 513.0, 513.0, 512.0, 513.0, 513.0, 512.0, 512.0, 511.0, 512.0, 511.0, 513.0, 513.0, 512.0, 512.0, 512.0, 512.0, 512.0, 512.0, 514.0, 512.0, 516.0, 513.0, 512.0, 512.0, 513.0, 512.0, 512.0, 513.0, 512.0, 513.0, 511.0, 512.0, 512.0, 513.0, 513.0, 513.0, 510.0, 513.0, 511.0, 513.0, 512.0, 511.0, 512.0, 512.0, 512.0, 513.0, 512.0, 512.0, 513.0, 511.0, 514.0, 512.0, 512.0, 512.0, 512.0, 513.0, 512.0, 513.0, 513.0, 512.0, 513.0, 514.0]
Crossover offspring noisy fitness: [512.0, 513.0, 512.0, 513.0, 513.0, 511.0, 513.0, 512.0, 513.0, 513.0, 513.0, 512.0, 511.0, 513.0, 512.0, 512.0, 511.0, 516.0, 512.0, 511.0, 514.0, 512.0, 512.0, 511.0, 511.0, 512.0, 512.0, 511.0, 513.0, 509.0, 513.0, 513.0, 512.0, 511.0, 512.0, 513.0, 512.0, 512.0, 512.0, 513.0, 513.0, 512.0, 513.0, 513.0, 512.0, 512.0, 511.0, 512.0, 510.0, 513.0, 513.0, 512.0, 512.0, 512.0, 512.0, 511.0, 512.0, 514.0, 512.0, 516.0, 513.0, 512.0, 512.0, 514.0, 512.0, 512.0, 513.0, 512.0, 513.0, 511.0, 512.0, 513.0, 513.0, 513.0, 513.0, 510.0, 513.0, 511.0, 513.0, 512.0, 511.0, 512.0, 512.0, 512.0, 513.0, 512.0, 512.0, 513.0, 511.0, 513.0, 512.0, 512.0, 512.0, 512.0, 513.0, 512.0, 513.0, 513.0, 512.0, 513.0, 514.0]

l: 102
Real fitness of mutation winner: 536.0
Noisy fitness of mutation winner: 536.0
Crossover offspring real fitness: [512.0, 512.0, 513.0, 513.0, 513.0, 512.0, 512.0, 513.0, 513.0, 512.0, 512.0, 513.0, 513.0, 512.0, 513.0, 512.0, 510.0, 513.0, 512.0, 512.0, 511.0, 511.0, 512.0, 512.0, 512.0, 513.0, 511.0, 511.0, 514.0, 511.0, 513.0, 512.0, 512.0, 510.0, 513.0, 513.0, 512.0, 513.0, 511.0, 512.0, 513.0, 512.0, 513.0, 512.0, 512.0, 512.0, 512.0, 510.0, 514.0, 513.0, 512.0, 512.0, 512.0, 511.0, 511.0, 511.0, 512.0, 513.0, 513.0, 513.0, 513.0, 511.0, 511.0, 511.0, 513.0, 513.0, 515.0, 511.0, 512.0, 512.0, 513.0, 512.0, 515.0, 512.0, 512.0, 512.0, 511.0, 512.0, 513.0, 511.0, 512.0, 512.0, 511.0, 511.0, 513.0, 514.0, 511.0, 514.0, 513.0, 513.0, 511.0, 512.0, 513.0, 511.0, 512.0, 512.0, 512.0, 513.0, 513.0, 512.0, 513.0]
Crossover offspring noisy fitness: [512.0, 512.0, 513.0, 513.0, 513.0, 512.0, 512.0, 513.0, 513.0, 512.0, 512.0, 513.0, 512.0, 512.0, 513.0, 512.0, 510.0, 513.0, 512.0, 512.0, 511.0, 511.0, 512.0, 512.0, 512.0, 513.0, 511.0, 511.0, 514.0, 511.0, 513.0, 512.0, 512.0, 511.0, 513.0, 513.0, 512.0, 513.0, 511.0, 512.0, 513.0, 512.0, 513.0, 512.0, 512.0, 512.0, 512.0, 510.0, 514.0, 513.0, 512.0, 512.0, 512.0, 511.0, 510.0, 511.0, 512.0, 512.0, 513.0, 513.0, 513.0, 512.0, 511.0, 511.0, 513.0, 513.0, 515.0, 511.0, 512.0, 512.0, 513.0, 512.0, 515.0, 512.0, 512.0, 512.0, 512.0, 513.0, 513.0, 511.0, 512.0, 512.0, 511.0, 511.0, 512.0, 514.0, 511.0, 514.0, 513.0, 513.0, 511.0, 512.0, 513.0, 511.0, 513.0, 512.0, 512.0, 513.0, 513.0, 512.0, 513.0]

l: 112
Real fitness of mutation winner: 538.0
Noisy fitness of mutation winner: 538.0
Crossover offspring real fitness: [514.0, 514.0, 513.0, 512.0, 511.0, 512.0, 513.0, 513.0, 513.0, 513.0, 513.0, 511.0, 513.0, 511.0, 513.0, 513.0, 513.0, 512.0, 514.0, 512.0, 513.0, 512.0, 512.0, 512.0, 515.0, 513.0, 512.0, 512.0, 514.0, 513.0, 513.0, 512.0, 514.0, 512.0, 512.0, 513.0, 512.0, 512.0, 513.0, 511.0, 511.0, 513.0, 511.0, 511.0, 513.0, 513.0, 513.0, 511.0, 513.0, 512.0, 513.0, 513.0, 511.0, 511.0, 514.0, 512.0, 512.0, 511.0, 512.0, 513.0, 512.0, 512.0, 513.0, 512.0, 512.0, 512.0, 512.0, 511.0, 512.0, 511.0, 512.0, 513.0, 513.0, 513.0, 514.0, 512.0, 512.0, 514.0, 511.0, 511.0, 512.0, 512.0, 512.0, 511.0, 512.0, 513.0, 512.0, 512.0, 512.0, 513.0, 513.0, 512.0, 513.0, 512.0, 513.0, 514.0, 512.0, 511.0, 512.0, 511.0, 513.0]
Crossover offspring noisy fitness: [514.0, 514.0, 513.0, 512.0, 511.0, 512.0, 513.0, 513.0, 513.0, 513.0, 513.0, 511.0, 513.0, 511.0, 513.0, 513.0, 513.0, 512.0, 514.0, 512.0, 514.0, 512.0, 512.0, 512.0, 515.0, 513.0, 512.0, 512.0, 514.0, 513.0, 513.0, 513.0, 514.0, 512.0, 512.0, 513.0, 512.0, 512.0, 513.0, 511.0, 511.0, 513.0, 511.0, 511.0, 513.0, 513.0, 513.0, 511.0, 514.0, 512.0, 513.0, 513.0, 511.0, 511.0, 514.0, 512.0, 512.0, 511.0, 512.0, 513.0, 512.0, 512.0, 513.0, 512.0, 512.0, 512.0, 512.0, 511.0, 512.0, 511.0, 511.0, 513.0, 513.0, 513.0, 514.0, 512.0, 512.0, 514.0, 511.0, 511.0, 513.0, 512.0, 512.0, 511.0, 512.0, 513.0, 512.0, 512.0, 512.0, 512.0, 513.0, 512.0, 513.0, 512.0, 513.0, 514.0, 512.0, 511.0, 512.0, 511.0, 513.0]

l: 79
Real fitness of mutation winner: 529.0
Noisy fitness of mutation winner: 529.0
Crossover offspring real fitness: [513.0, 512.0, 515.0, 512.0, 512.0, 512.0, 512.0, 512.0, 512.0, 512.0, 512.0, 513.0, 512.0, 512.0, 512.0, 512.0, 512.0, 511.0, 512.0, 511.0, 512.0, 512.0, 512.0, 513.0, 513.0, 513.0, 511.0, 512.0, 511.0, 513.0, 512.0, 511.0, 513.0, 514.0, 513.0, 512.0, 512.0, 512.0, 512.0, 511.0, 512.0, 512.0, 512.0, 513.0, 512.0, 511.0, 512.0, 512.0, 512.0, 512.0, 512.0, 512.0, 513.0, 514.0, 513.0, 512.0, 513.0, 511.0, 513.0, 513.0, 513.0, 511.0, 512.0, 512.0, 512.0, 511.0, 511.0, 512.0, 511.0, 512.0, 511.0, 513.0, 512.0, 512.0, 512.0, 512.0, 512.0, 512.0, 513.0, 512.0, 513.0, 512.0, 512.0, 512.0, 513.0, 512.0, 513.0, 513.0, 513.0, 511.0, 512.0, 512.0, 511.0, 512.0, 512.0, 513.0, 513.0, 513.0, 512.0, 514.0, 512.0]
Crossover offspring noisy fitness: [513.0, 512.0, 516.0, 512.0, 512.0, 512.0, 512.0, 512.0, 512.0, 512.0, 512.0, 513.0, 512.0, 512.0, 512.0, 512.0, 512.0, 511.0, 512.0, 511.0, 512.0, 511.0, 512.0, 513.0, 512.0, 513.0, 511.0, 512.0, 511.0, 513.0, 512.0, 511.0, 513.0, 514.0, 513.0, 512.0, 512.0, 512.0, 512.0, 511.0, 512.0, 512.0, 512.0, 513.0, 512.0, 511.0, 512.0, 512.0, 512.0, 512.0, 512.0, 512.0, 513.0, 514.0, 513.0, 512.0, 513.0, 511.0, 513.0, 513.0, 513.0, 511.0, 513.0, 512.0, 512.0, 510.0, 511.0, 512.0, 511.0, 512.0, 511.0, 513.0, 512.0, 512.0, 512.0, 512.0, 512.0, 512.0, 513.0, 512.0, 513.0, 513.0, 512.0, 512.0, 513.0, 512.0, 513.0, 513.0, 513.0, 511.0, 513.0, 512.0, 511.0, 512.0, 512.0, 513.0, 513.0, 513.0, 512.0, 514.0, 512.0]

