l: 107
Fitness of mutation winner: 533.0
Crossover offspring real fitness: [511.0, 513.0, 512.0, 512.0, 512.0, 512.0, 514.0, 512.0, 514.0, 513.0, 512.0, 513.0, 514.0, 512.0, 511.0, 512.0, 512.0, 512.0, 513.0, 513.0, 512.0, 510.0, 513.0, 510.0, 512.0, 514.0, 513.0, 513.0, 511.0, 512.0, 513.0, 513.0, 511.0, 511.0, 512.0, 511.0, 512.0, 512.0, 511.0, 512.0, 512.0, 511.0, 512.0, 512.0, 512.0, 513.0, 512.0, 513.0, 511.0, 512.0, 512.0, 512.0, 513.0, 511.0, 512.0, 513.0, 511.0, 511.0, 512.0, 514.0, 514.0, 512.0, 513.0, 512.0, 513.0, 515.0, 513.0, 515.0, 513.0, 512.0, 512.0, 514.0, 512.0, 513.0, 512.0, 512.0, 512.0, 513.0, 512.0, 511.0, 511.0, 515.0, 512.0, 512.0, 513.0, 511.0, 513.0, 514.0, 510.0, 512.0, 513.0, 512.0, 510.0, 513.0, 513.0, 514.0, 512.0, 512.0, 514.0, 512.0, 512.0]
Crossover offspring noisy fitness: [511.0, 513.0, 512.0, 512.0, 512.0, 512.0, 514.0, 512.0, 514.0, 513.0, 512.0, 513.0, 514.0, 512.0, 511.0, 512.0, 511.0, 512.0, 513.0, 513.0, 512.0, 510.0, 513.0, 510.0, 512.0, 513.0, 513.0, 512.0, 511.0, 512.0, 513.0, 513.0, 511.0, 511.0, 512.0, 511.0, 512.0, 512.0, 511.0, 512.0, 512.0, 510.0, 512.0, 512.0, 512.0, 513.0, 511.0, 514.0, 511.0, 512.0, 512.0, 512.0, 513.0, 511.0, 512.0, 513.0, 511.0, 511.0, 512.0, 514.0, 514.0, 512.0, 513.0, 512.0, 513.0, 515.0, 513.0, 515.0, 513.0, 512.0, 512.0, 514.0, 512.0, 513.0, 512.0, 512.0, 512.0, 513.0, 512.0, 511.0, 510.0, 515.0, 511.0, 512.0, 513.0, 511.0, 513.0, 514.0, 510.0, 512.0, 513.0, 512.0, 509.0, 513.0, 513.0, 514.0, 512.0, 512.0, 514.0, 512.0, 512.0]

l: 128
Fitness of mutation winner: 542.0
Crossover offspring real fitness: [513.0, 512.0, 513.0, 513.0, 513.0, 514.0, 513.0, 513.0, 513.0, 512.0, 512.0, 511.0, 512.0, 511.0, 513.0, 511.0, 512.0, 513.0, 513.0, 511.0, 511.0, 512.0, 511.0, 513.0, 512.0, 515.0, 513.0, 511.0, 512.0, 511.0, 512.0, 513.0, 512.0, 511.0, 511.0, 511.0, 511.0, 512.0, 512.0, 513.0, 513.0, 513.0, 514.0, 512.0, 513.0, 512.0, 512.0, 512.0, 511.0, 512.0, 513.0, 512.0, 513.0, 511.0, 512.0, 513.0, 511.0, 512.0, 515.0, 512.0, 511.0, 513.0, 512.0, 511.0, 513.0, 512.0, 511.0, 512.0, 514.0, 512.0, 512.0, 511.0, 516.0, 512.0, 512.0, 512.0, 512.0, 513.0, 512.0, 513.0, 513.0, 512.0, 513.0, 511.0, 513.0, 514.0, 512.0, 512.0, 514.0, 511.0, 513.0, 510.0, 512.0, 512.0, 512.0, 512.0, 514.0, 513.0, 511.0, 512.0, 515.0]
Crossover offspring noisy fitness: [513.0, 512.0, 513.0, 513.0, 512.0, 514.0, 513.0, 513.0, 513.0, 512.0, 512.0, 511.0, 512.0, 511.0, 513.0, 511.0, 512.0, 513.0, 513.0, 511.0, 511.0, 512.0, 511.0, 513.0, 512.0, 515.0, 513.0, 510.0, 512.0, 511.0, 512.0, 513.0, 512.0, 511.0, 511.0, 511.0, 510.0, 512.0, 512.0, 513.0, 513.0, 513.0, 514.0, 512.0, 513.0, 512.0, 512.0, 512.0, 511.0, 512.0, 514.0, 512.0, 513.0, 512.0, 512.0, 513.0, 511.0, 512.0, 515.0, 513.0, 511.0, 513.0, 512.0, 511.0, 513.0, 513.0, 511.0, 512.0, 514.0, 512.0, 512.0, 511.0, 516.0, 512.0, 512.0, 512.0, 512.0, 513.0, 513.0, 513.0, 514.0, 512.0, 513.0, 511.0, 513.0, 514.0, 512.0, 512.0, 514.0, 511.0, 513.0, 510.0, 512.0, 512.0, 512.0, 512.0, 514.0, 513.0, 511.0, 512.0, 515.0]

l: 86
Fitness of mutation winner: 538.0
Crossover offspring real fitness: [514.0, 512.0, 513.0, 512.0, 512.0, 512.0, 513.0, 513.0, 512.0, 514.0, 511.0, 513.0, 513.0, 511.0, 512.0, 515.0, 512.0, 513.0, 513.0, 511.0, 512.0, 513.0, 512.0, 510.0, 512.0, 512.0, 511.0, 512.0, 513.0, 511.0, 512.0, 513.0, 513.0, 512.0, 511.0, 512.0, 513.0, 513.0, 513.0, 512.0, 514.0, 512.0, 511.0, 514.0, 513.0, 512.0, 511.0, 513.0, 513.0, 510.0, 512.0, 512.0, 512.0, 512.0, 512.0, 511.0, 514.0, 513.0, 513.0, 512.0, 512.0, 512.0, 512.0, 512.0, 512.0, 512.0, 515.0, 514.0, 512.0, 512.0, 512.0, 512.0, 513.0, 512.0, 511.0, 514.0, 512.0, 513.0, 511.0, 512.0, 513.0, 510.0, 513.0, 513.0, 512.0, 512.0, 512.0, 513.0, 512.0, 511.0, 513.0, 511.0, 512.0, 512.0, 512.0, 514.0, 511.0, 513.0, 513.0, 512.0, 513.0]
Crossover offspring noisy fitness: [514.0, 512.0, 513.0, 512.0, 512.0, 512.0, 512.0, 513.0, 512.0, 514.0, 511.0, 513.0, 513.0, 512.0, 513.0, 515.0, 512.0, 513.0, 513.0, 511.0, 512.0, 513.0, 512.0, 510.0, 512.0, 512.0, 511.0, 512.0, 513.0, 511.0, 512.0, 513.0, 513.0, 512.0, 511.0, 512.0, 513.0, 513.0, 513.0, 512.0, 514.0, 512.0, 511.0, 514.0, 513.0, 512.0, 511.0, 513.0, 512.0, 510.0, 512.0, 512.0, 512.0, 512.0, 512.0, 512.0, 514.0, 513.0, 513.0, 512.0, 512.0, 512.0, 512.0, 512.0, 512.0, 512.0, 515.0, 514.0, 511.0, 512.0, 512.0, 512.0, 513.0, 512.0, 511.0, 514.0, 512.0, 513.0, 511.0, 512.0, 513.0, 510.0, 513.0, 513.0, 512.0, 512.0, 512.0, 513.0, 512.0, 511.0, 513.0, 511.0, 512.0, 512.0, 512.0, 514.0, 511.0, 513.0, 513.0, 512.0, 513.0]

l: 104
Fitness of mutation winner: 532.0
Crossover offspring real fitness: [512.0, 513.0, 511.0, 513.0, 513.0, 512.0, 514.0, 512.0, 513.0, 513.0, 512.0, 514.0, 512.0, 512.0, 512.0, 512.0, 512.0, 512.0, 515.0, 513.0, 514.0, 513.0, 512.0, 513.0, 514.0, 512.0, 512.0, 510.0, 511.0, 511.0, 515.0, 513.0, 513.0, 513.0, 512.0, 514.0, 512.0, 515.0, 512.0, 512.0, 512.0, 511.0, 511.0, 514.0, 513.0, 512.0, 514.0, 513.0, 513.0, 512.0, 513.0, 514.0, 511.0, 512.0, 513.0, 513.0, 511.0, 512.0, 513.0, 512.0, 513.0, 512.0, 511.0, 512.0, 511.0, 512.0, 512.0, 514.0, 513.0, 512.0, 514.0, 513.0, 511.0, 512.0, 514.0, 512.0, 511.0, 513.0, 512.0, 511.0, 514.0, 512.0, 512.0, 512.0, 513.0, 512.0, 511.0, 512.0, 512.0, 512.0, 513.0, 513.0, 511.0, 512.0, 512.0, 513.0, 513.0, 512.0, 512.0, 511.0, 512.0]
Crossover offspring noisy fitness: [512.0, 513.0, 511.0, 513.0, 513.0, 512.0, 514.0, 512.0, 513.0, 513.0, 512.0, 514.0, 512.0, 512.0, 512.0, 512.0, 512.0, 512.0, 515.0, 513.0, 514.0, 513.0, 512.0, 513.0, 514.0, 512.0, 512.0, 510.0, 511.0, 511.0, 516.0, 513.0, 513.0, 513.0, 512.0, 514.0, 512.0, 515.0, 512.0, 512.0, 512.0, 511.0, 511.0, 514.0, 513.0, 511.0, 514.0, 513.0, 513.0, 512.0, 513.0, 514.0, 511.0, 513.0, 513.0, 514.0, 511.0, 512.0, 513.0, 512.0, 513.0, 512.0, 511.0, 512.0, 511.0, 512.0, 512.0, 514.0, 513.0, 512.0, 515.0, 513.0, 511.0, 512.0, 514.0, 512.0, 511.0, 513.0, 512.0, 511.0, 514.0, 512.0, 512.0, 512.0, 513.0, 512.0, 511.0, 512.0, 512.0, 512.0, 513.0, 513.0, 511.0, 512.0, 512.0, 513.0, 513.0, 512.0, 512.0, 511.0, 512.0]

