l: 88
Real fitness of mutation winner: 540.0
Noisy fitness of mutation winner: 540.0
Crossover offspring real fitness: [512.0, 511.0, 512.0, 510.0, 512.0, 512.0, 513.0, 513.0, 512.0, 512.0, 512.0, 512.0, 513.0, 511.0, 511.0, 513.0, 512.0, 511.0, 513.0, 513.0, 513.0, 512.0, 512.0, 512.0, 512.0, 512.0, 512.0, 512.0, 512.0, 512.0, 512.0, 513.0, 513.0, 513.0, 510.0, 512.0, 512.0, 512.0, 512.0, 512.0, 512.0, 511.0, 512.0, 512.0, 513.0, 512.0, 512.0, 512.0, 512.0, 511.0, 512.0, 511.0, 513.0, 513.0, 512.0, 511.0, 512.0, 512.0, 511.0, 512.0, 512.0, 513.0, 513.0, 511.0, 511.0, 512.0, 512.0, 512.0, 512.0, 513.0, 512.0, 512.0, 514.0, 513.0, 514.0, 512.0, 514.0, 511.0, 511.0, 512.0, 511.0, 512.0, 512.0, 512.0, 512.0, 512.0, 510.0, 512.0, 512.0, 514.0, 512.0, 512.0, 514.0, 512.0, 512.0, 513.0, 512.0, 511.0, 513.0, 512.0, 512.0]
Crossover offspring noisy fitness: [512.0, 511.0, 512.0, 510.0, 512.0, 512.0, 513.0, 513.0, 512.0, 512.0, 512.0, 512.0, 513.0, 511.0, 511.0, 513.0, 512.0, 511.0, 513.0, 513.0, 513.0, 512.0, 512.0, 512.0, 512.0, 512.0, 512.0, 512.0, 512.0, 512.0, 512.0, 513.0, 513.0, 513.0, 510.0, 512.0, 512.0, 512.0, 512.0, 512.0, 512.0, 511.0, 512.0, 512.0, 513.0, 512.0, 512.0, 512.0, 512.0, 511.0, 512.0, 512.0, 513.0, 513.0, 512.0, 511.0, 512.0, 512.0, 511.0, 512.0, 511.0, 512.0, 513.0, 511.0, 511.0, 512.0, 512.0, 512.0, 512.0, 513.0, 512.0, 512.0, 514.0, 513.0, 515.0, 512.0, 514.0, 511.0, 511.0, 511.0, 511.0, 512.0, 512.0, 512.0, 512.0, 512.0, 510.0, 512.0, 512.0, 514.0, 512.0, 512.0, 514.0, 512.0, 512.0, 513.0, 512.0, 511.0, 513.0, 512.0, 512.0]

l: 108
Real fitness of mutation winner: 538.0
Noisy fitness of mutation winner: 538.0
Crossover offspring real fitness: [513.0, 513.0, 513.0, 512.0, 512.0, 512.0, 511.0, 512.0, 512.0, 511.0, 512.0, 511.0, 515.0, 512.0, 512.0, 512.0, 513.0, 512.0, 511.0, 512.0, 515.0, 512.0, 513.0, 512.0, 513.0, 512.0, 516.0, 512.0, 512.0, 512.0, 514.0, 512.0, 511.0, 512.0, 511.0, 513.0, 512.0, 512.0, 512.0, 512.0, 513.0, 515.0, 512.0, 512.0, 513.0, 512.0, 513.0, 512.0, 514.0, 513.0, 512.0, 513.0, 512.0, 512.0, 513.0, 513.0, 513.0, 512.0, 513.0, 512.0, 514.0, 512.0, 513.0, 512.0, 512.0, 512.0, 512.0, 512.0, 512.0, 512.0, 513.0, 513.0, 513.0, 513.0, 512.0, 514.0, 512.0, 512.0, 512.0, 510.0, 512.0, 512.0, 512.0, 512.0, 512.0, 512.0, 512.0, 514.0, 511.0, 512.0, 512.0, 514.0, 512.0, 511.0, 511.0, 512.0, 512.0, 514.0, 513.0, 511.0, 513.0]
Crossover offspring noisy fitness: [513.0, 513.0, 513.0, 512.0, 512.0, 512.0, 512.0, 512.0, 512.0, 511.0, 512.0, 511.0, 515.0, 512.0, 512.0, 512.0, 513.0, 512.0, 511.0, 512.0, 515.0, 512.0, 513.0, 512.0, 512.0, 512.0, 517.0, 511.0, 512.0, 512.0, 514.0, 512.0, 511.0, 512.0, 511.0, 513.0, 512.0, 512.0, 512.0, 512.0, 513.0, 515.0, 512.0, 512.0, 513.0, 512.0, 513.0, 512.0, 514.0, 513.0, 512.0, 513.0, 512.0, 512.0, 513.0, 513.0, 513.0, 512.0, 513.0, 512.0, 514.0, 512.0, 514.0, 512.0, 512.0, 512.0, 512.0, 513.0, 512.0, 512.0, 513.0, 513.0, 513.0, 513.0, 512.0, 514.0, 512.0, 512.0, 512.0, 510.0, 512.0, 512.0, 512.0, 512.0, 512.0, 512.0, 512.0, 514.0, 511.0, 512.0, 512.0, 514.0, 512.0, 511.0, 511.0, 512.0, 512.0, 514.0, 513.0, 511.0, 513.0]

l: 102
Real fitness of mutation winner: 532.0
Noisy fitness of mutation winner: 532.0
Crossover offspring real fitness: [512.0, 511.0, 512.0, 514.0, 511.0, 514.0, 512.0, 513.0, 513.0, 511.0, 512.0, 513.0, 512.0, 513.0, 513.0, 512.0, 512.0, 513.0, 511.0, 510.0, 513.0, 511.0, 511.0, 514.0, 513.0, 512.0, 513.0, 513.0, 512.0, 512.0, 512.0, 513.0, 512.0, 514.0, 512.0, 512.0, 512.0, 512.0, 511.0, 513.0, 512.0, 513.0, 512.0, 512.0, 512.0, 513.0, 513.0, 512.0, 511.0, 511.0, 512.0, 511.0, 512.0, 513.0, 512.0, 513.0, 514.0, 512.0, 512.0, 513.0, 512.0, 512.0, 512.0, 512.0, 512.0, 515.0, 512.0, 513.0, 512.0, 512.0, 512.0, 513.0, 512.0, 512.0, 511.0, 513.0, 511.0, 512.0, 512.0, 513.0, 512.0, 513.0, 512.0, 514.0, 512.0, 511.0, 512.0, 513.0, 511.0, 513.0, 512.0, 515.0, 512.0, 513.0, 515.0, 511.0, 513.0, 512.0, 511.0, 512.0, 512.0]
Crossover offspring noisy fitness: [512.0, 511.0, 512.0, 514.0, 511.0, 514.0, 512.0, 513.0, 513.0, 511.0, 512.0, 513.0, 512.0, 513.0, 513.0, 512.0, 511.0, 513.0, 511.0, 510.0, 513.0, 511.0, 511.0, 514.0, 513.0, 512.0, 513.0, 513.0, 513.0, 512.0, 512.0, 513.0, 512.0, 514.0, 512.0, 512.0, 512.0, 512.0, 511.0, 513.0, 512.0, 513.0, 511.0, 512.0, 512.0, 513.0, 514.0, 512.0, 512.0, 511.0, 512.0, 511.0, 512.0, 513.0, 512.0, 513.0, 514.0, 512.0, 512.0, 513.0, 512.0, 512.0, 512.0, 512.0, 513.0, 515.0, 512.0, 513.0, 512.0, 512.0, 512.0, 514.0, 512.0, 512.0, 510.0, 513.0, 511.0, 512.0, 512.0, 513.0, 512.0, 513.0, 512.0, 514.0, 512.0, 511.0, 512.0, 513.0, 511.0, 513.0, 512.0, 515.0, 512.0, 514.0, 515.0, 511.0, 513.0, 512.0, 511.0, 512.0, 511.0]

l: 98
Real fitness of mutation winner: 538.0
Noisy fitness of mutation winner: 538.0
Crossover offspring real fitness: [512.0, 512.0, 513.0, 511.0, 512.0, 512.0, 512.0, 511.0, 512.0, 512.0, 511.0, 512.0, 513.0, 511.0, 513.0, 512.0, 512.0, 512.0, 512.0, 512.0, 511.0, 512.0, 512.0, 512.0, 511.0, 512.0, 514.0, 512.0, 512.0, 512.0, 512.0, 511.0, 512.0, 511.0, 511.0, 509.0, 513.0, 512.0, 512.0, 512.0, 512.0, 511.0, 512.0, 512.0, 512.0, 511.0, 514.0, 513.0, 512.0, 512.0, 513.0, 512.0, 512.0, 512.0, 510.0, 510.0, 511.0, 512.0, 513.0, 513.0, 512.0, 514.0, 514.0, 511.0, 512.0, 511.0, 512.0, 511.0, 513.0, 512.0, 511.0, 512.0, 512.0, 512.0, 513.0, 512.0, 512.0, 511.0, 512.0, 512.0, 512.0, 512.0, 513.0, 512.0, 512.0, 512.0, 512.0, 511.0, 512.0, 511.0, 513.0, 511.0, 513.0, 513.0, 513.0, 512.0, 512.0, 512.0, 511.0, 513.0, 513.0]
Crossover offspring noisy fitness: [512.0, 512.0, 513.0, 511.0, 512.0, 512.0, 512.0, 511.0, 512.0, 512.0, 511.0, 512.0, 514.0, 511.0, 513.0, 512.0, 512.0, 512.0, 512.0, 512.0, 511.0, 512.0, 512.0, 512.0, 511.0, 512.0, 514.0, 512.0, 512.0, 512.0, 512.0, 511.0, 512.0, 511.0, 511.0, 508.0, 513.0, 512.0, 512.0, 512.0, 512.0, 511.0, 512.0, 512.0, 512.0, 511.0, 514.0, 513.0, 512.0, 512.0, 513.0, 512.0, 512.0, 512.0, 509.0, 510.0, 511.0, 512.0, 513.0, 513.0, 512.0, 514.0, 513.0, 511.0, 512.0, 510.0, 512.0, 511.0, 512.0, 512.0, 511.0, 512.0, 512.0, 512.0, 513.0, 512.0, 512.0, 511.0, 512.0, 512.0, 512.0, 512.0, 513.0, 512.0, 512.0, 512.0, 512.0, 511.0, 512.0, 511.0, 513.0, 511.0, 513.0, 513.0, 513.0, 512.0, 512.0, 512.0, 511.0, 513.0, 513.0]

