l: 40
Fitness of mutation winner: 523.0
Crossover offspring real fitness: [514.0, 513.0, 512.0, 511.0, 512.0, 512.0, 513.0, 511.0, 513.0, 513.0, 512.0, 513.0, 511.0, 512.0, 513.0, 512.0, 511.0, 511.0, 511.0, 511.0, 513.0, 513.0, 512.0, 513.0, 512.0, 512.0, 512.0, 512.0, 512.0, 513.0, 512.0, 510.0]
Crossover offspring noisy fitness: [514.0, 513.0, 512.0, 511.0, 512.0, 512.0, 513.0, 511.0, 513.0, 513.0, 512.0, 513.0, 511.0, 512.0, 513.0, 512.0, 511.0, 511.0, 511.0, 511.0, 513.0, 513.0, 512.0, 513.0, 513.0, 512.0, 512.0, 512.0, 512.0, 513.0, 512.0, 510.0]

l: 31
Fitness of mutation winner: 518.0
Crossover offspring real fitness: [513.0, 511.0, 512.0, 513.0, 514.0, 512.0, 512.0, 514.0, 512.0, 513.0, 512.0, 512.0, 512.0, 512.0, 512.0, 512.0, 512.0, 512.0, 511.0, 511.0, 513.0, 511.0, 512.0, 512.0, 513.0, 511.0, 513.0, 511.0, 512.0, 512.0, 513.0, 513.0]
Crossover offspring noisy fitness: [513.0, 511.0, 512.0, 513.0, 514.0, 512.0, 512.0, 514.0, 512.0, 513.0, 512.0, 512.0, 512.0, 512.0, 512.0, 512.0, 512.0, 512.0, 511.0, 511.0, 513.0, 512.0, 512.0, 512.0, 513.0, 510.0, 513.0, 511.0, 512.0, 512.0, 513.0, 513.0]

l: 43
Fitness of mutation winner: 523.0
Crossover offspring real fitness: [512.0, 511.0, 513.0, 515.0, 512.0, 513.0, 514.0, 513.0, 514.0, 512.0, 513.0, 512.0, 512.0, 512.0, 512.0, 512.0, 512.0, 514.0, 513.0, 512.0, 513.0, 513.0, 511.0, 512.0, 513.0, 512.0, 512.0, 512.0, 512.0, 512.0, 511.0, 513.0]
Crossover offspring noisy fitness: [512.0, 511.0, 513.0, 515.0, 512.0, 513.0, 514.0, 513.0, 514.0, 512.0, 513.0, 512.0, 512.0, 512.0, 512.0, 512.0, 512.0, 514.0, 513.0, 512.0, 513.0, 513.0, 511.0, 512.0, 513.0, 512.0, 512.0, 511.0, 512.0, 512.0, 511.0, 513.0]

l: 34
Fitness of mutation winner: 524.0
Crossover offspring real fitness: [513.0, 513.0, 514.0, 511.0, 512.0, 512.0, 514.0, 514.0, 514.0, 512.0, 512.0, 512.0, 512.0, 513.0, 512.0, 513.0, 512.0, 512.0, 509.0, 511.0, 513.0, 512.0, 513.0, 514.0, 512.0, 512.0, 512.0, 512.0, 512.0, 512.0, 513.0, 513.0]
Crossover offspring noisy fitness: [513.0, 513.0, 514.0, 511.0, 512.0, 512.0, 514.0, 515.0, 514.0, 512.0, 512.0, 512.0, 512.0, 513.0, 512.0, 513.0, 512.0, 512.0, 509.0, 511.0, 513.0, 512.0, 513.0, 514.0, 513.0, 512.0, 512.0, 512.0, 512.0, 512.0, 513.0, 513.0]

