l: 29
Real fitness of mutation winner: 521.0
Noisy fitness of mutation winner: 521.0
Crossover offspring real fitness: [512.0, 511.0, 515.0, 512.0, 511.0, 512.0, 513.0, 513.0, 512.0, 512.0, 512.0, 515.0, 512.0, 512.0, 512.0, 513.0, 512.0, 511.0, 512.0, 513.0, 513.0, 511.0, 512.0, 513.0, 512.0, 510.0, 513.0, 512.0, 512.0, 511.0, 512.0, 513.0]
Crossover offspring noisy fitness: [512.0, 511.0, 515.0, 512.0, 511.0, 512.0, 513.0, 513.0, 512.0, 511.0, 512.0, 515.0, 512.0, 512.0, 512.0, 513.0, 512.0, 511.0, 512.0, 513.0, 513.0, 511.0, 512.0, 513.0, 512.0, 510.0, 513.0, 512.0, 513.0, 511.0, 512.0, 513.0]

l: 32
Real fitness of mutation winner: 524.0
Noisy fitness of mutation winner: 524.0
Crossover offspring real fitness: [512.0, 512.0, 512.0, 512.0, 513.0, 512.0, 515.0, 512.0, 514.0, 513.0, 513.0, 512.0, 513.0, 512.0, 512.0, 513.0, 513.0, 512.0, 512.0, 512.0, 513.0, 513.0, 512.0, 512.0, 512.0, 512.0, 512.0, 512.0, 513.0, 512.0, 513.0, 514.0]
Crossover offspring noisy fitness: [512.0, 512.0, 512.0, 512.0, 513.0, 512.0, 515.0, 512.0, 514.0, 513.0, 513.0, 512.0, 513.0, 512.0, 512.0, 513.0, 513.0, 513.0, 512.0, 512.0, 513.0, 513.0, 512.0, 512.0, 512.0, 512.0, 512.0, 512.0, 513.0, 512.0, 513.0, 515.0]

l: 21
Real fitness of mutation winner: 523.0
Noisy fitness of mutation winner: 523.0
Crossover offspring real fitness: [514.0, 513.0, 512.0, 512.0, 512.0, 512.0, 512.0, 512.0, 512.0, 513.0, 514.0, 514.0, 512.0, 512.0, 513.0, 512.0, 514.0, 512.0, 512.0, 511.0, 513.0, 512.0, 513.0, 514.0, 512.0, 512.0, 511.0, 513.0, 512.0, 512.0, 513.0, 513.0]
Crossover offspring noisy fitness: [514.0, 514.0, 512.0, 512.0, 512.0, 512.0, 512.0, 512.0, 512.0, 513.0, 514.0, 514.0, 512.0, 512.0, 512.0, 512.0, 514.0, 512.0, 512.0, 511.0, 513.0, 512.0, 512.0, 514.0, 512.0, 512.0, 511.0, 513.0, 512.0, 512.0, 513.0, 513.0]

l: 38
Real fitness of mutation winner: 526.0
Noisy fitness of mutation winner: 526.0
Crossover offspring real fitness: [512.0, 513.0, 512.0, 511.0, 512.0, 513.0, 511.0, 510.0, 512.0, 511.0, 513.0, 513.0, 511.0, 515.0, 512.0, 512.0, 513.0, 513.0, 511.0, 514.0, 515.0, 513.0, 513.0, 515.0, 513.0, 513.0, 511.0, 513.0, 511.0, 513.0, 512.0, 511.0]
Crossover offspring noisy fitness: [512.0, 513.0, 512.0, 511.0, 512.0, 513.0, 511.0, 510.0, 512.0, 511.0, 513.0, 513.0, 511.0, 515.0, 512.0, 512.0, 513.0, 513.0, 511.0, 514.0, 515.0, 513.0, 513.0, 515.0, 513.0, 513.0, 511.0, 513.0, 511.0, 513.0, 512.0, 511.0]

