l: 84
Real fitness of mutation winner: 540.0
Noisy fitness of mutation winner: 540.0
Crossover offspring real fitness: [511.0, 513.0, 512.0, 512.0, 512.0, 512.0, 512.0, 512.0, 513.0, 512.0, 512.0, 513.0, 513.0, 512.0, 512.0, 513.0, 512.0, 514.0, 512.0, 513.0, 511.0, 512.0, 513.0, 511.0, 511.0, 512.0, 512.0, 512.0, 514.0, 512.0, 512.0, 512.0, 512.0, 513.0, 511.0, 513.0, 511.0, 511.0, 512.0, 512.0, 513.0, 512.0, 514.0, 513.0, 511.0, 512.0, 513.0, 512.0, 512.0, 513.0, 511.0, 512.0, 512.0, 512.0, 511.0, 512.0, 512.0, 510.0, 513.0, 512.0, 512.0, 511.0, 514.0, 514.0, 512.0, 512.0, 512.0, 512.0, 512.0, 513.0, 510.0, 512.0, 511.0, 513.0, 514.0, 512.0, 512.0, 511.0, 512.0, 512.0, 513.0, 513.0, 512.0, 512.0, 510.0, 513.0, 512.0, 513.0, 512.0, 513.0, 514.0, 511.0, 511.0, 512.0, 513.0, 512.0, 513.0, 512.0, 513.0, 513.0, 512.0]
Crossover offspring noisy fitness: [510.0, 513.0, 512.0, 512.0, 512.0, 512.0, 513.0, 512.0, 513.0, 512.0, 513.0, 513.0, 513.0, 512.0, 512.0, 513.0, 512.0, 514.0, 512.0, 513.0, 511.0, 512.0, 513.0, 511.0, 511.0, 512.0, 512.0, 512.0, 514.0, 513.0, 512.0, 512.0, 512.0, 512.0, 511.0, 513.0, 511.0, 511.0, 512.0, 512.0, 513.0, 512.0, 514.0, 513.0, 511.0, 512.0, 513.0, 512.0, 512.0, 514.0, 511.0, 511.0, 512.0, 512.0, 511.0, 512.0, 512.0, 510.0, 513.0, 512.0, 511.0, 511.0, 514.0, 514.0, 512.0, 512.0, 512.0, 512.0, 512.0, 513.0, 510.0, 512.0, 511.0, 513.0, 514.0, 512.0, 512.0, 511.0, 512.0, 512.0, 513.0, 513.0, 512.0, 512.0, 510.0, 513.0, 512.0, 513.0, 512.0, 513.0, 514.0, 511.0, 511.0, 512.0, 513.0, 512.0, 513.0, 512.0, 513.0, 513.0, 512.0]

l: 98
Real fitness of mutation winner: 536.0
Noisy fitness of mutation winner: 536.0
Crossover offspring real fitness: [514.0, 513.0, 512.0, 513.0, 511.0, 513.0, 513.0, 513.0, 512.0, 513.0, 512.0, 512.0, 510.0, 512.0, 511.0, 511.0, 512.0, 513.0, 512.0, 513.0, 512.0, 512.0, 512.0, 512.0, 512.0, 513.0, 514.0, 513.0, 514.0, 513.0, 512.0, 512.0, 512.0, 513.0, 514.0, 512.0, 513.0, 514.0, 512.0, 511.0, 511.0, 512.0, 513.0, 512.0, 511.0, 514.0, 512.0, 511.0, 511.0, 512.0, 515.0, 512.0, 512.0, 513.0, 510.0, 512.0, 513.0, 513.0, 512.0, 511.0, 513.0, 511.0, 512.0, 513.0, 514.0, 514.0, 513.0, 512.0, 512.0, 513.0, 512.0, 512.0, 513.0, 512.0, 512.0, 513.0, 514.0, 513.0, 511.0, 513.0, 513.0, 512.0, 513.0, 512.0, 511.0, 511.0, 512.0, 513.0, 512.0, 513.0, 513.0, 513.0, 513.0, 510.0, 512.0, 514.0, 509.0, 513.0, 512.0, 511.0, 512.0]
Crossover offspring noisy fitness: [514.0, 513.0, 512.0, 513.0, 511.0, 512.0, 513.0, 513.0, 512.0, 513.0, 512.0, 513.0, 510.0, 512.0, 511.0, 511.0, 512.0, 513.0, 512.0, 513.0, 512.0, 512.0, 512.0, 512.0, 512.0, 513.0, 514.0, 513.0, 514.0, 513.0, 513.0, 512.0, 511.0, 513.0, 515.0, 512.0, 513.0, 514.0, 512.0, 511.0, 511.0, 512.0, 513.0, 512.0, 511.0, 514.0, 511.0, 511.0, 511.0, 512.0, 515.0, 513.0, 512.0, 512.0, 510.0, 512.0, 513.0, 513.0, 512.0, 511.0, 513.0, 511.0, 512.0, 513.0, 514.0, 514.0, 513.0, 512.0, 512.0, 513.0, 512.0, 512.0, 513.0, 512.0, 512.0, 513.0, 515.0, 513.0, 511.0, 513.0, 513.0, 512.0, 513.0, 512.0, 510.0, 510.0, 512.0, 513.0, 513.0, 513.0, 513.0, 513.0, 513.0, 510.0, 512.0, 514.0, 509.0, 513.0, 512.0, 511.0, 512.0]

l: 92
Real fitness of mutation winner: 536.0
Noisy fitness of mutation winner: 536.0
Crossover offspring real fitness: [512.0, 512.0, 511.0, 513.0, 512.0, 512.0, 510.0, 512.0, 513.0, 513.0, 514.0, 513.0, 512.0, 511.0, 512.0, 511.0, 512.0, 512.0, 513.0, 516.0, 511.0, 511.0, 512.0, 511.0, 512.0, 514.0, 512.0, 514.0, 516.0, 512.0, 511.0, 513.0, 511.0, 512.0, 512.0, 513.0, 511.0, 512.0, 512.0, 514.0, 512.0, 512.0, 512.0, 512.0, 513.0, 513.0, 513.0, 512.0, 514.0, 513.0, 511.0, 511.0, 512.0, 512.0, 512.0, 512.0, 512.0, 512.0, 513.0, 514.0, 512.0, 514.0, 512.0, 513.0, 513.0, 512.0, 512.0, 511.0, 510.0, 512.0, 512.0, 512.0, 512.0, 512.0, 512.0, 512.0, 513.0, 512.0, 510.0, 513.0, 513.0, 514.0, 512.0, 512.0, 514.0, 512.0, 513.0, 512.0, 512.0, 513.0, 512.0, 512.0, 512.0, 511.0, 512.0, 514.0, 513.0, 514.0, 512.0, 514.0, 511.0]
Crossover offspring noisy fitness: [512.0, 512.0, 511.0, 513.0, 512.0, 512.0, 510.0, 512.0, 513.0, 513.0, 514.0, 513.0, 512.0, 511.0, 512.0, 510.0, 512.0, 512.0, 513.0, 516.0, 511.0, 511.0, 512.0, 511.0, 512.0, 514.0, 513.0, 514.0, 516.0, 512.0, 511.0, 512.0, 511.0, 512.0, 512.0, 513.0, 511.0, 513.0, 512.0, 513.0, 512.0, 512.0, 512.0, 512.0, 513.0, 514.0, 513.0, 512.0, 514.0, 513.0, 511.0, 511.0, 512.0, 512.0, 512.0, 512.0, 512.0, 512.0, 513.0, 514.0, 512.0, 514.0, 512.0, 513.0, 513.0, 512.0, 512.0, 511.0, 510.0, 512.0, 512.0, 512.0, 512.0, 512.0, 512.0, 512.0, 513.0, 512.0, 510.0, 513.0, 513.0, 514.0, 512.0, 512.0, 514.0, 512.0, 513.0, 512.0, 512.0, 513.0, 511.0, 512.0, 512.0, 511.0, 511.0, 513.0, 513.0, 513.0, 512.0, 514.0, 511.0]

l: 101
Real fitness of mutation winner: 533.0
Noisy fitness of mutation winner: 533.0
Crossover offspring real fitness: [513.0, 511.0, 512.0, 513.0, 511.0, 512.0, 513.0, 512.0, 512.0, 512.0, 514.0, 510.0, 511.0, 512.0, 513.0, 512.0, 512.0, 513.0, 512.0, 514.0, 513.0, 512.0, 511.0, 513.0, 513.0, 513.0, 511.0, 511.0, 512.0, 512.0, 513.0, 510.0, 512.0, 513.0, 512.0, 514.0, 512.0, 511.0, 512.0, 511.0, 511.0, 515.0, 513.0, 512.0, 512.0, 513.0, 513.0, 513.0, 511.0, 511.0, 512.0, 512.0, 511.0, 512.0, 514.0, 512.0, 512.0, 512.0, 511.0, 511.0, 512.0, 512.0, 512.0, 512.0, 512.0, 513.0, 512.0, 512.0, 510.0, 512.0, 513.0, 511.0, 511.0, 511.0, 514.0, 512.0, 512.0, 512.0, 513.0, 514.0, 511.0, 511.0, 513.0, 511.0, 512.0, 511.0, 511.0, 513.0, 512.0, 514.0, 513.0, 511.0, 512.0, 512.0, 512.0, 512.0, 512.0, 512.0, 513.0, 512.0, 510.0]
Crossover offspring noisy fitness: [513.0, 511.0, 512.0, 513.0, 511.0, 512.0, 513.0, 512.0, 512.0, 512.0, 514.0, 510.0, 511.0, 512.0, 513.0, 512.0, 512.0, 513.0, 511.0, 514.0, 513.0, 512.0, 511.0, 513.0, 513.0, 513.0, 511.0, 511.0, 512.0, 512.0, 513.0, 510.0, 512.0, 513.0, 512.0, 514.0, 513.0, 511.0, 512.0, 511.0, 511.0, 515.0, 513.0, 512.0, 512.0, 513.0, 513.0, 513.0, 511.0, 511.0, 512.0, 512.0, 511.0, 512.0, 514.0, 512.0, 512.0, 512.0, 511.0, 511.0, 512.0, 512.0, 512.0, 512.0, 512.0, 513.0, 512.0, 512.0, 510.0, 512.0, 513.0, 511.0, 511.0, 510.0, 514.0, 512.0, 512.0, 512.0, 513.0, 514.0, 511.0, 511.0, 513.0, 511.0, 512.0, 511.0, 511.0, 513.0, 511.0, 514.0, 513.0, 511.0, 512.0, 512.0, 512.0, 512.0, 512.0, 512.0, 513.0, 512.0, 510.0]

