l: 115
Fitness of mutation winner: 545.0
Crossover offspring real fitness: [512.0, 513.0, 512.0, 513.0, 512.0, 512.0, 511.0, 513.0, 511.0, 511.0, 514.0, 511.0, 513.0, 512.0, 512.0, 511.0, 512.0, 512.0, 514.0, 512.0, 512.0, 512.0, 512.0, 513.0, 513.0, 512.0, 511.0, 512.0, 512.0, 513.0, 514.0, 513.0, 513.0, 512.0, 511.0, 511.0, 512.0, 512.0, 512.0, 512.0, 513.0, 515.0, 513.0, 513.0, 515.0, 512.0, 513.0, 511.0, 512.0, 513.0, 513.0, 513.0, 511.0, 512.0, 514.0, 513.0, 512.0, 511.0, 512.0, 514.0, 514.0, 513.0, 512.0, 512.0, 511.0, 512.0, 513.0, 512.0, 514.0, 513.0, 511.0, 512.0, 513.0, 515.0, 513.0, 512.0, 512.0, 512.0, 513.0, 510.0, 514.0, 513.0, 515.0, 514.0, 512.0, 514.0, 512.0, 511.0, 513.0, 514.0, 511.0, 513.0, 515.0, 514.0, 512.0, 513.0, 512.0, 513.0, 513.0, 512.0, 512.0]
Crossover offspring noisy fitness: [512.0, 513.0, 513.0, 513.0, 512.0, 512.0, 511.0, 513.0, 511.0, 511.0, 514.0, 511.0, 513.0, 512.0, 512.0, 511.0, 512.0, 512.0, 514.0, 512.0, 512.0, 512.0, 512.0, 513.0, 513.0, 512.0, 511.0, 512.0, 512.0, 512.0, 514.0, 513.0, 513.0, 512.0, 511.0, 511.0, 512.0, 512.0, 512.0, 512.0, 513.0, 515.0, 513.0, 513.0, 515.0, 511.0, 513.0, 511.0, 512.0, 513.0, 513.0, 513.0, 511.0, 512.0, 516.0, 513.0, 512.0, 511.0, 512.0, 514.0, 514.0, 513.0, 512.0, 512.0, 511.0, 512.0, 513.0, 512.0, 514.0, 513.0, 511.0, 512.0, 513.0, 515.0, 513.0, 512.0, 512.0, 512.0, 513.0, 510.0, 514.0, 513.0, 516.0, 514.0, 512.0, 514.0, 512.0, 512.0, 513.0, 514.0, 511.0, 512.0, 515.0, 514.0, 512.0, 513.0, 512.0, 513.0, 513.0, 512.0, 512.0]

l: 103
Fitness of mutation winner: 543.0
Crossover offspring real fitness: [515.0, 513.0, 512.0, 512.0, 511.0, 512.0, 510.0, 511.0, 512.0, 513.0, 515.0, 513.0, 512.0, 511.0, 512.0, 514.0, 513.0, 513.0, 513.0, 511.0, 513.0, 513.0, 512.0, 511.0, 513.0, 511.0, 511.0, 513.0, 513.0, 513.0, 513.0, 513.0, 513.0, 512.0, 514.0, 513.0, 512.0, 514.0, 514.0, 512.0, 513.0, 512.0, 512.0, 512.0, 513.0, 512.0, 511.0, 512.0, 512.0, 511.0, 513.0, 513.0, 513.0, 512.0, 512.0, 511.0, 510.0, 511.0, 513.0, 514.0, 512.0, 513.0, 513.0, 511.0, 512.0, 512.0, 515.0, 512.0, 511.0, 512.0, 513.0, 512.0, 511.0, 511.0, 513.0, 512.0, 512.0, 512.0, 512.0, 512.0, 514.0, 512.0, 513.0, 511.0, 514.0, 513.0, 512.0, 513.0, 511.0, 513.0, 512.0, 510.0, 511.0, 514.0, 512.0, 513.0, 513.0, 513.0, 513.0, 512.0, 512.0]
Crossover offspring noisy fitness: [515.0, 513.0, 512.0, 512.0, 511.0, 512.0, 510.0, 511.0, 512.0, 513.0, 515.0, 513.0, 512.0, 512.0, 512.0, 514.0, 512.0, 513.0, 513.0, 511.0, 513.0, 513.0, 513.0, 511.0, 513.0, 511.0, 511.0, 513.0, 513.0, 513.0, 513.0, 513.0, 513.0, 512.0, 514.0, 513.0, 512.0, 514.0, 514.0, 512.0, 513.0, 512.0, 512.0, 512.0, 514.0, 512.0, 512.0, 512.0, 512.0, 511.0, 513.0, 513.0, 514.0, 512.0, 512.0, 511.0, 510.0, 511.0, 512.0, 515.0, 511.0, 513.0, 513.0, 511.0, 512.0, 512.0, 515.0, 512.0, 511.0, 514.0, 513.0, 512.0, 511.0, 511.0, 513.0, 512.0, 512.0, 512.0, 512.0, 512.0, 514.0, 512.0, 513.0, 511.0, 514.0, 513.0, 512.0, 513.0, 511.0, 513.0, 512.0, 510.0, 511.0, 514.0, 512.0, 513.0, 513.0, 513.0, 513.0, 512.0, 512.0]

l: 98
Fitness of mutation winner: 532.0
Crossover offspring real fitness: [512.0, 511.0, 512.0, 513.0, 512.0, 514.0, 513.0, 513.0, 513.0, 512.0, 512.0, 511.0, 513.0, 512.0, 512.0, 511.0, 512.0, 513.0, 513.0, 511.0, 513.0, 512.0, 511.0, 512.0, 514.0, 512.0, 511.0, 510.0, 515.0, 512.0, 512.0, 513.0, 513.0, 513.0, 512.0, 513.0, 513.0, 513.0, 512.0, 511.0, 512.0, 512.0, 512.0, 510.0, 512.0, 512.0, 511.0, 512.0, 510.0, 513.0, 513.0, 513.0, 513.0, 513.0, 512.0, 511.0, 512.0, 514.0, 511.0, 513.0, 512.0, 512.0, 513.0, 510.0, 512.0, 511.0, 514.0, 513.0, 514.0, 513.0, 514.0, 513.0, 514.0, 511.0, 513.0, 513.0, 513.0, 512.0, 511.0, 512.0, 515.0, 512.0, 512.0, 512.0, 512.0, 513.0, 513.0, 513.0, 512.0, 513.0, 513.0, 511.0, 513.0, 513.0, 512.0, 514.0, 512.0, 512.0, 512.0, 511.0, 512.0]
Crossover offspring noisy fitness: [512.0, 511.0, 512.0, 513.0, 512.0, 514.0, 513.0, 513.0, 513.0, 512.0, 512.0, 511.0, 513.0, 512.0, 512.0, 511.0, 512.0, 513.0, 513.0, 511.0, 513.0, 512.0, 511.0, 512.0, 514.0, 512.0, 511.0, 510.0, 515.0, 512.0, 512.0, 513.0, 513.0, 513.0, 512.0, 513.0, 513.0, 513.0, 512.0, 511.0, 512.0, 512.0, 512.0, 510.0, 512.0, 512.0, 511.0, 512.0, 510.0, 513.0, 513.0, 513.0, 513.0, 513.0, 512.0, 511.0, 512.0, 514.0, 510.0, 513.0, 512.0, 512.0, 513.0, 510.0, 512.0, 511.0, 514.0, 513.0, 514.0, 513.0, 514.0, 513.0, 514.0, 511.0, 513.0, 513.0, 513.0, 512.0, 511.0, 512.0, 515.0, 512.0, 512.0, 512.0, 512.0, 513.0, 513.0, 513.0, 512.0, 513.0, 513.0, 511.0, 512.0, 513.0, 512.0, 514.0, 512.0, 512.0, 512.0, 511.0, 512.0]

l: 105
Fitness of mutation winner: 541.0
Crossover offspring real fitness: [512.0, 518.0, 515.0, 511.0, 513.0, 509.0, 513.0, 512.0, 512.0, 513.0, 512.0, 512.0, 515.0, 514.0, 513.0, 512.0, 514.0, 511.0, 513.0, 511.0, 510.0, 512.0, 512.0, 512.0, 512.0, 511.0, 512.0, 513.0, 513.0, 513.0, 515.0, 512.0, 510.0, 512.0, 512.0, 513.0, 512.0, 513.0, 512.0, 512.0, 511.0, 512.0, 515.0, 513.0, 511.0, 512.0, 513.0, 512.0, 512.0, 509.0, 514.0, 513.0, 513.0, 511.0, 512.0, 513.0, 511.0, 511.0, 512.0, 512.0, 511.0, 513.0, 513.0, 510.0, 512.0, 512.0, 512.0, 513.0, 513.0, 512.0, 513.0, 512.0, 512.0, 513.0, 514.0, 511.0, 512.0, 512.0, 511.0, 512.0, 512.0, 512.0, 512.0, 511.0, 512.0, 513.0, 512.0, 512.0, 514.0, 512.0, 512.0, 513.0, 511.0, 512.0, 511.0, 513.0, 513.0, 512.0, 512.0, 512.0, 513.0]
Crossover offspring noisy fitness: [512.0, 518.0, 515.0, 511.0, 513.0, 510.0, 513.0, 513.0, 512.0, 513.0, 512.0, 512.0, 515.0, 514.0, 513.0, 512.0, 514.0, 511.0, 513.0, 511.0, 510.0, 512.0, 512.0, 512.0, 512.0, 511.0, 512.0, 513.0, 513.0, 513.0, 516.0, 511.0, 510.0, 512.0, 512.0, 512.0, 512.0, 513.0, 512.0, 512.0, 511.0, 512.0, 515.0, 513.0, 511.0, 512.0, 512.0, 512.0, 512.0, 510.0, 514.0, 513.0, 512.0, 511.0, 512.0, 513.0, 512.0, 511.0, 512.0, 512.0, 511.0, 513.0, 513.0, 509.0, 512.0, 512.0, 512.0, 513.0, 514.0, 512.0, 513.0, 512.0, 512.0, 513.0, 514.0, 511.0, 512.0, 512.0, 511.0, 512.0, 512.0, 512.0, 512.0, 511.0, 512.0, 513.0, 512.0, 512.0, 514.0, 512.0, 512.0, 513.0, 511.0, 512.0, 511.0, 513.0, 513.0, 512.0, 512.0, 512.0, 513.0]

