l: 103
Real fitness of mutation winner: 541.0
Noisy fitness of mutation winner: 541.0
Crossover offspring real fitness: [511.0, 513.0, 513.0, 512.0, 512.0, 512.0, 512.0, 511.0, 513.0, 512.0, 513.0, 512.0, 512.0, 512.0, 514.0, 512.0, 512.0, 513.0, 515.0, 512.0, 513.0, 512.0, 512.0, 512.0, 512.0, 512.0, 513.0, 512.0, 512.0, 514.0, 512.0, 513.0, 510.0, 513.0, 513.0, 513.0, 512.0, 512.0, 513.0, 511.0, 512.0, 512.0, 512.0, 512.0, 514.0, 512.0, 512.0, 512.0, 512.0, 511.0, 513.0, 514.0, 512.0, 512.0, 512.0, 513.0, 511.0, 512.0, 513.0, 513.0, 513.0, 512.0, 513.0, 512.0, 513.0, 512.0, 513.0, 513.0, 513.0, 513.0, 511.0, 513.0, 513.0, 513.0, 512.0, 512.0, 512.0, 513.0, 513.0, 513.0, 514.0, 513.0, 512.0, 511.0, 512.0, 512.0, 512.0, 512.0, 514.0, 513.0, 512.0, 512.0, 512.0, 512.0, 513.0, 513.0, 512.0, 512.0, 513.0, 514.0, 513.0]
Crossover offspring noisy fitness: [511.0, 513.0, 513.0, 512.0, 512.0, 512.0, 512.0, 511.0, 513.0, 512.0, 513.0, 512.0, 512.0, 512.0, 514.0, 512.0, 513.0, 513.0, 515.0, 512.0, 513.0, 512.0, 512.0, 512.0, 512.0, 512.0, 513.0, 512.0, 513.0, 514.0, 512.0, 513.0, 510.0, 513.0, 513.0, 513.0, 512.0, 512.0, 513.0, 511.0, 512.0, 512.0, 512.0, 512.0, 514.0, 512.0, 512.0, 512.0, 512.0, 511.0, 513.0, 514.0, 512.0, 512.0, 513.0, 513.0, 511.0, 512.0, 513.0, 513.0, 513.0, 512.0, 513.0, 512.0, 513.0, 512.0, 513.0, 513.0, 513.0, 513.0, 511.0, 513.0, 513.0, 513.0, 512.0, 512.0, 512.0, 513.0, 513.0, 513.0, 514.0, 513.0, 512.0, 511.0, 512.0, 512.0, 512.0, 513.0, 514.0, 513.0, 512.0, 512.0, 512.0, 512.0, 513.0, 513.0, 512.0, 512.0, 513.0, 513.0, 513.0]

l: 113
Real fitness of mutation winner: 535.0
Noisy fitness of mutation winner: 535.0
Crossover offspring real fitness: [513.0, 512.0, 510.0, 512.0, 512.0, 512.0, 513.0, 512.0, 511.0, 511.0, 511.0, 512.0, 512.0, 513.0, 512.0, 513.0, 513.0, 511.0, 513.0, 511.0, 511.0, 513.0, 511.0, 511.0, 514.0, 512.0, 511.0, 512.0, 514.0, 512.0, 514.0, 511.0, 512.0, 512.0, 510.0, 512.0, 511.0, 511.0, 512.0, 513.0, 512.0, 512.0, 512.0, 512.0, 511.0, 513.0, 513.0, 512.0, 511.0, 512.0, 513.0, 515.0, 513.0, 513.0, 510.0, 513.0, 512.0, 513.0, 512.0, 513.0, 512.0, 516.0, 512.0, 513.0, 513.0, 513.0, 512.0, 511.0, 514.0, 513.0, 512.0, 513.0, 512.0, 511.0, 510.0, 512.0, 512.0, 512.0, 512.0, 513.0, 513.0, 511.0, 511.0, 513.0, 512.0, 513.0, 512.0, 511.0, 512.0, 511.0, 515.0, 512.0, 512.0, 512.0, 512.0, 512.0, 512.0, 511.0, 511.0, 512.0, 513.0]
Crossover offspring noisy fitness: [513.0, 512.0, 510.0, 512.0, 512.0, 512.0, 513.0, 512.0, 511.0, 511.0, 511.0, 512.0, 512.0, 513.0, 512.0, 513.0, 513.0, 511.0, 513.0, 511.0, 511.0, 513.0, 512.0, 511.0, 514.0, 513.0, 511.0, 512.0, 514.0, 512.0, 514.0, 512.0, 512.0, 512.0, 510.0, 512.0, 511.0, 511.0, 512.0, 512.0, 512.0, 512.0, 512.0, 512.0, 511.0, 513.0, 513.0, 513.0, 511.0, 512.0, 513.0, 515.0, 513.0, 513.0, 510.0, 513.0, 512.0, 513.0, 512.0, 513.0, 512.0, 516.0, 512.0, 513.0, 513.0, 513.0, 512.0, 511.0, 514.0, 512.0, 512.0, 513.0, 512.0, 511.0, 510.0, 512.0, 512.0, 512.0, 512.0, 513.0, 513.0, 511.0, 511.0, 513.0, 512.0, 513.0, 512.0, 511.0, 512.0, 511.0, 515.0, 512.0, 512.0, 512.0, 512.0, 512.0, 512.0, 511.0, 511.0, 512.0, 513.0]

l: 97
Real fitness of mutation winner: 531.0
Noisy fitness of mutation winner: 531.0
Crossover offspring real fitness: [513.0, 512.0, 512.0, 513.0, 512.0, 513.0, 514.0, 513.0, 511.0, 512.0, 512.0, 513.0, 513.0, 512.0, 512.0, 514.0, 512.0, 512.0, 512.0, 513.0, 511.0, 513.0, 512.0, 511.0, 514.0, 510.0, 512.0, 513.0, 513.0, 511.0, 511.0, 512.0, 510.0, 513.0, 512.0, 511.0, 512.0, 513.0, 511.0, 511.0, 510.0, 512.0, 512.0, 513.0, 511.0, 511.0, 512.0, 512.0, 512.0, 511.0, 511.0, 511.0, 511.0, 514.0, 512.0, 513.0, 514.0, 513.0, 512.0, 513.0, 512.0, 512.0, 513.0, 512.0, 515.0, 515.0, 512.0, 513.0, 511.0, 512.0, 512.0, 512.0, 512.0, 513.0, 512.0, 512.0, 513.0, 512.0, 512.0, 515.0, 512.0, 513.0, 512.0, 513.0, 512.0, 511.0, 512.0, 512.0, 513.0, 511.0, 513.0, 512.0, 512.0, 512.0, 514.0, 514.0, 512.0, 513.0, 513.0, 511.0, 512.0]
Crossover offspring noisy fitness: [513.0, 512.0, 512.0, 513.0, 513.0, 513.0, 514.0, 513.0, 510.0, 512.0, 512.0, 513.0, 514.0, 511.0, 512.0, 514.0, 512.0, 512.0, 512.0, 513.0, 511.0, 513.0, 512.0, 511.0, 515.0, 510.0, 512.0, 513.0, 513.0, 511.0, 511.0, 512.0, 510.0, 513.0, 512.0, 511.0, 512.0, 513.0, 511.0, 511.0, 510.0, 512.0, 512.0, 513.0, 511.0, 511.0, 512.0, 512.0, 512.0, 511.0, 511.0, 511.0, 511.0, 514.0, 512.0, 512.0, 514.0, 514.0, 512.0, 513.0, 512.0, 512.0, 513.0, 512.0, 516.0, 515.0, 512.0, 513.0, 511.0, 512.0, 512.0, 512.0, 512.0, 513.0, 512.0, 512.0, 513.0, 512.0, 512.0, 515.0, 512.0, 513.0, 512.0, 513.0, 512.0, 511.0, 512.0, 512.0, 514.0, 511.0, 513.0, 512.0, 512.0, 512.0, 514.0, 514.0, 512.0, 513.0, 513.0, 511.0, 512.0]

l: 88
Real fitness of mutation winner: 532.0
Noisy fitness of mutation winner: 532.0
Crossover offspring real fitness: [513.0, 511.0, 511.0, 512.0, 513.0, 511.0, 511.0, 511.0, 512.0, 513.0, 513.0, 513.0, 512.0, 512.0, 512.0, 511.0, 512.0, 512.0, 512.0, 512.0, 513.0, 512.0, 512.0, 513.0, 512.0, 512.0, 512.0, 512.0, 512.0, 511.0, 510.0, 515.0, 511.0, 512.0, 511.0, 511.0, 512.0, 512.0, 511.0, 512.0, 513.0, 513.0, 512.0, 512.0, 512.0, 512.0, 512.0, 512.0, 513.0, 511.0, 512.0, 512.0, 513.0, 514.0, 513.0, 513.0, 514.0, 512.0, 512.0, 513.0, 511.0, 512.0, 512.0, 511.0, 511.0, 512.0, 512.0, 513.0, 513.0, 514.0, 512.0, 512.0, 511.0, 513.0, 512.0, 511.0, 513.0, 512.0, 512.0, 512.0, 513.0, 512.0, 512.0, 513.0, 511.0, 511.0, 512.0, 512.0, 512.0, 513.0, 513.0, 512.0, 513.0, 512.0, 512.0, 513.0, 512.0, 513.0, 512.0, 513.0, 511.0]
Crossover offspring noisy fitness: [513.0, 511.0, 511.0, 512.0, 513.0, 511.0, 511.0, 511.0, 512.0, 513.0, 513.0, 513.0, 512.0, 512.0, 512.0, 511.0, 512.0, 513.0, 512.0, 512.0, 513.0, 512.0, 512.0, 513.0, 512.0, 512.0, 512.0, 511.0, 512.0, 510.0, 510.0, 515.0, 511.0, 512.0, 511.0, 511.0, 512.0, 512.0, 511.0, 512.0, 513.0, 513.0, 513.0, 512.0, 512.0, 512.0, 512.0, 512.0, 513.0, 511.0, 512.0, 512.0, 513.0, 514.0, 513.0, 513.0, 513.0, 511.0, 512.0, 513.0, 511.0, 513.0, 512.0, 511.0, 511.0, 512.0, 512.0, 513.0, 513.0, 514.0, 512.0, 512.0, 512.0, 513.0, 512.0, 511.0, 514.0, 512.0, 512.0, 512.0, 513.0, 512.0, 512.0, 513.0, 511.0, 511.0, 512.0, 512.0, 512.0, 513.0, 513.0, 512.0, 513.0, 512.0, 512.0, 513.0, 513.0, 513.0, 512.0, 513.0, 511.0]

