l: 31
Real fitness of mutation winner: 527.0
Noisy fitness of mutation winner: 527.0
Crossover offspring real fitness: [511.0, 513.0, 512.0, 512.0, 513.0, 513.0, 512.0, 513.0, 512.0, 513.0, 514.0, 511.0, 513.0, 513.0, 513.0, 512.0, 512.0, 514.0, 513.0, 512.0, 513.0, 512.0, 512.0, 512.0, 513.0, 513.0, 514.0, 512.0, 512.0, 512.0, 513.0, 513.0]
Crossover offspring noisy fitness: [511.0, 513.0, 512.0, 512.0, 513.0, 513.0, 512.0, 513.0, 513.0, 512.0, 514.0, 511.0, 513.0, 513.0, 513.0, 512.0, 512.0, 514.0, 513.0, 512.0, 514.0, 512.0, 512.0, 512.0, 513.0, 513.0, 514.0, 512.0, 512.0, 512.0, 513.0, 513.0]

l: 29
Real fitness of mutation winner: 523.0
Noisy fitness of mutation winner: 523.0
Crossover offspring real fitness: [512.0, 513.0, 512.0, 512.0, 512.0, 512.0, 512.0, 512.0, 512.0, 513.0, 512.0, 512.0, 514.0, 512.0, 512.0, 512.0, 512.0, 512.0, 512.0, 513.0, 511.0, 513.0, 512.0, 512.0, 512.0, 512.0, 513.0, 511.0, 512.0, 512.0, 512.0, 512.0]
Crossover offspring noisy fitness: [512.0, 513.0, 512.0, 512.0, 512.0, 512.0, 512.0, 512.0, 512.0, 513.0, 512.0, 512.0, 514.0, 512.0, 512.0, 512.0, 512.0, 512.0, 512.0, 513.0, 511.0, 513.0, 512.0, 512.0, 512.0, 512.0, 513.0, 511.0, 512.0, 512.0, 512.0, 512.0]

l: 36
Real fitness of mutation winner: 524.0
Noisy fitness of mutation winner: 524.0
Crossover offspring real fitness: [513.0, 513.0, 512.0, 511.0, 515.0, 511.0, 514.0, 512.0, 512.0, 510.0, 511.0, 514.0, 511.0, 514.0, 512.0, 515.0, 514.0, 513.0, 511.0, 512.0, 514.0, 513.0, 512.0, 512.0, 511.0, 512.0, 511.0, 514.0, 513.0, 511.0, 512.0, 513.0]
Crossover offspring noisy fitness: [513.0, 513.0, 512.0, 511.0, 515.0, 511.0, 514.0, 512.0, 512.0, 510.0, 511.0, 514.0, 511.0, 514.0, 512.0, 515.0, 515.0, 513.0, 511.0, 512.0, 514.0, 513.0, 512.0, 512.0, 511.0, 512.0, 511.0, 514.0, 513.0, 511.0, 512.0, 513.0]

l: 28
Real fitness of mutation winner: 520.0
Noisy fitness of mutation winner: 520.0
Crossover offspring real fitness: [512.0, 512.0, 511.0, 511.0, 514.0, 511.0, 511.0, 513.0, 512.0, 512.0, 513.0, 513.0, 512.0, 512.0, 511.0, 513.0, 513.0, 512.0, 511.0, 512.0, 513.0, 513.0, 515.0, 512.0, 512.0, 514.0, 513.0, 513.0, 513.0, 511.0, 512.0, 513.0]
Crossover offspring noisy fitness: [512.0, 512.0, 511.0, 511.0, 514.0, 511.0, 511.0, 513.0, 512.0, 512.0, 513.0, 513.0, 512.0, 512.0, 511.0, 513.0, 513.0, 512.0, 511.0, 512.0, 512.0, 513.0, 515.0, 512.0, 513.0, 514.0, 513.0, 513.0, 513.0, 511.0, 512.0, 513.0]

