l: 30
Real fitness of mutation winner: 522.0
Noisy fitness of mutation winner: 522.0
Crossover offspring real fitness: [511.0, 513.0, 512.0, 512.0, 512.0, 512.0, 511.0, 511.0, 511.0, 513.0, 515.0, 512.0, 512.0, 512.0, 512.0, 512.0, 515.0, 510.0, 512.0, 512.0, 514.0, 511.0, 512.0, 512.0, 513.0, 512.0, 512.0, 512.0, 513.0, 513.0, 512.0, 512.0]
Crossover offspring noisy fitness: [511.0, 513.0, 512.0, 512.0, 512.0, 512.0, 511.0, 511.0, 511.0, 513.0, 515.0, 512.0, 512.0, 512.0, 512.0, 512.0, 515.0, 510.0, 512.0, 512.0, 514.0, 511.0, 512.0, 512.0, 513.0, 512.0, 512.0, 512.0, 513.0, 513.0, 512.0, 512.0]

l: 34
Real fitness of mutation winner: 524.0
Noisy fitness of mutation winner: 524.0
Crossover offspring real fitness: [513.0, 512.0, 513.0, 515.0, 512.0, 512.0, 513.0, 512.0, 511.0, 512.0, 513.0, 512.0, 512.0, 512.0, 513.0, 512.0, 511.0, 512.0, 512.0, 513.0, 512.0, 513.0, 512.0, 513.0, 512.0, 512.0, 513.0, 512.0, 512.0, 512.0, 512.0, 512.0]
Crossover offspring noisy fitness: [513.0, 512.0, 513.0, 515.0, 512.0, 512.0, 513.0, 512.0, 511.0, 512.0, 513.0, 512.0, 512.0, 512.0, 513.0, 512.0, 511.0, 512.0, 512.0, 513.0, 512.0, 513.0, 512.0, 513.0, 512.0, 512.0, 513.0, 512.0, 512.0, 512.0, 512.0, 512.0]

l: 45
Real fitness of mutation winner: 529.0
Noisy fitness of mutation winner: 529.0
Crossover offspring real fitness: [511.0, 512.0, 513.0, 514.0, 512.0, 512.0, 512.0, 514.0, 512.0, 513.0, 512.0, 514.0, 513.0, 511.0, 512.0, 512.0, 514.0, 512.0, 511.0, 513.0, 510.0, 512.0, 516.0, 512.0, 512.0, 511.0, 514.0, 512.0, 512.0, 515.0, 515.0, 514.0]
Crossover offspring noisy fitness: [511.0, 512.0, 513.0, 514.0, 512.0, 512.0, 512.0, 513.0, 512.0, 513.0, 512.0, 514.0, 513.0, 511.0, 512.0, 512.0, 514.0, 512.0, 511.0, 513.0, 510.0, 512.0, 516.0, 512.0, 512.0, 511.0, 514.0, 512.0, 512.0, 515.0, 515.0, 514.0]

l: 31
Real fitness of mutation winner: 525.0
Noisy fitness of mutation winner: 525.0
Crossover offspring real fitness: [512.0, 512.0, 515.0, 512.0, 513.0, 513.0, 513.0, 512.0, 512.0, 512.0, 512.0, 512.0, 513.0, 512.0, 511.0, 512.0, 513.0, 512.0, 512.0, 512.0, 513.0, 513.0, 512.0, 512.0, 512.0, 512.0, 512.0, 513.0, 515.0, 514.0, 512.0, 512.0]
Crossover offspring noisy fitness: [512.0, 512.0, 515.0, 512.0, 513.0, 513.0, 513.0, 512.0, 512.0, 512.0, 512.0, 512.0, 514.0, 512.0, 511.0, 512.0, 513.0, 513.0, 512.0, 512.0, 513.0, 512.0, 512.0, 512.0, 512.0, 512.0, 513.0, 513.0, 515.0, 512.0, 511.0, 512.0]

