l: 33
Fitness of mutation winner: 521.0
Crossover offspring real fitness: [510.0, 511.0, 512.0, 512.0, 513.0, 512.0, 512.0, 511.0, 512.0, 512.0, 511.0, 513.0, 512.0, 511.0, 514.0, 512.0, 512.0, 513.0, 512.0, 514.0, 515.0, 511.0, 512.0, 511.0, 512.0, 513.0, 513.0, 514.0, 513.0, 514.0, 512.0, 513.0]
Crossover offspring noisy fitness: [510.0, 511.0, 512.0, 512.0, 513.0, 512.0, 512.0, 511.0, 512.0, 512.0, 511.0, 513.0, 512.0, 511.0, 514.0, 512.0, 512.0, 513.0, 512.0, 514.0, 515.0, 511.0, 512.0, 511.0, 512.0, 513.0, 513.0, 514.0, 513.0, 514.0, 513.0, 513.0]

l: 29
Fitness of mutation winner: 521.0
Crossover offspring real fitness: [512.0, 513.0, 512.0, 510.0, 514.0, 511.0, 512.0, 512.0, 513.0, 511.0, 512.0, 513.0, 513.0, 512.0, 512.0, 511.0, 512.0, 512.0, 512.0, 514.0, 512.0, 513.0, 512.0, 511.0, 513.0, 512.0, 513.0, 512.0, 510.0, 512.0, 513.0, 512.0]
Crossover offspring noisy fitness: [512.0, 513.0, 511.0, 510.0, 514.0, 511.0, 512.0, 512.0, 513.0, 511.0, 512.0, 513.0, 513.0, 512.0, 512.0, 511.0, 512.0, 512.0, 512.0, 514.0, 512.0, 513.0, 512.0, 511.0, 513.0, 512.0, 513.0, 512.0, 510.0, 513.0, 513.0, 512.0]

l: 30
Fitness of mutation winner: 520.0
Crossover offspring real fitness: [512.0, 513.0, 512.0, 512.0, 512.0, 511.0, 513.0, 513.0, 511.0, 513.0, 512.0, 513.0, 515.0, 511.0, 513.0, 511.0, 513.0, 513.0, 513.0, 511.0, 513.0, 513.0, 513.0, 512.0, 512.0, 512.0, 512.0, 513.0, 512.0, 514.0, 512.0, 512.0]
Crossover offspring noisy fitness: [512.0, 513.0, 512.0, 512.0, 512.0, 511.0, 513.0, 513.0, 511.0, 513.0, 513.0, 513.0, 515.0, 511.0, 512.0, 511.0, 513.0, 513.0, 513.0, 511.0, 513.0, 513.0, 513.0, 512.0, 512.0, 512.0, 512.0, 513.0, 512.0, 514.0, 512.0, 512.0]

l: 39
Fitness of mutation winner: 521.0
Crossover offspring real fitness: [512.0, 513.0, 512.0, 513.0, 512.0, 511.0, 515.0, 513.0, 512.0, 511.0, 512.0, 512.0, 515.0, 511.0, 512.0, 512.0, 513.0, 512.0, 512.0, 513.0, 512.0, 513.0, 512.0, 511.0, 512.0, 511.0, 512.0, 514.0, 511.0, 513.0, 514.0, 513.0]
Crossover offspring noisy fitness: [512.0, 513.0, 512.0, 513.0, 512.0, 511.0, 515.0, 513.0, 512.0, 511.0, 512.0, 512.0, 515.0, 511.0, 512.0, 512.0, 513.0, 512.0, 512.0, 513.0, 512.0, 513.0, 512.0, 511.0, 512.0, 511.0, 512.0, 514.0, 511.0, 513.0, 513.0, 513.0]

