l: 102
Real fitness of mutation winner: 534.0
Noisy fitness of mutation winner: 534.0
Crossover offspring real fitness: [513.0, 512.0, 512.0, 513.0, 512.0, 514.0, 512.0, 513.0, 513.0, 513.0, 513.0, 512.0, 514.0, 512.0, 514.0, 513.0, 513.0, 512.0, 513.0, 512.0, 511.0, 513.0, 512.0, 511.0, 510.0, 512.0, 514.0, 512.0, 512.0, 513.0, 512.0, 512.0, 511.0, 513.0, 511.0, 512.0, 513.0, 512.0, 512.0, 512.0, 513.0, 512.0, 511.0, 512.0, 511.0, 514.0, 512.0, 513.0, 514.0, 511.0, 513.0, 514.0, 512.0, 512.0, 512.0, 513.0, 513.0, 511.0, 514.0, 512.0, 512.0, 511.0, 512.0, 513.0, 513.0, 513.0, 513.0, 511.0, 512.0, 513.0, 514.0, 512.0, 512.0, 512.0, 513.0, 512.0, 512.0, 512.0, 512.0, 511.0, 510.0, 512.0, 513.0, 512.0, 514.0, 514.0, 512.0, 512.0, 512.0, 512.0, 512.0, 512.0, 514.0, 512.0, 511.0, 513.0, 513.0, 512.0, 512.0, 513.0, 514.0]
Crossover offspring noisy fitness: [513.0, 512.0, 512.0, 513.0, 512.0, 514.0, 512.0, 513.0, 513.0, 513.0, 513.0, 512.0, 514.0, 512.0, 514.0, 513.0, 513.0, 512.0, 513.0, 512.0, 511.0, 512.0, 512.0, 511.0, 512.0, 512.0, 514.0, 512.0, 511.0, 513.0, 512.0, 512.0, 511.0, 513.0, 511.0, 512.0, 513.0, 512.0, 512.0, 512.0, 513.0, 512.0, 511.0, 512.0, 511.0, 514.0, 512.0, 513.0, 514.0, 511.0, 513.0, 514.0, 512.0, 512.0, 512.0, 513.0, 513.0, 511.0, 515.0, 511.0, 512.0, 511.0, 512.0, 513.0, 512.0, 513.0, 513.0, 511.0, 512.0, 513.0, 514.0, 512.0, 512.0, 512.0, 513.0, 512.0, 513.0, 512.0, 512.0, 511.0, 510.0, 512.0, 513.0, 512.0, 514.0, 514.0, 512.0, 512.0, 512.0, 512.0, 512.0, 512.0, 514.0, 512.0, 511.0, 513.0, 513.0, 512.0, 512.0, 513.0, 514.0]

l: 97
Real fitness of mutation winner: 531.0
Noisy fitness of mutation winner: 531.0
Crossover offspring real fitness: [513.0, 513.0, 513.0, 513.0, 513.0, 512.0, 512.0, 511.0, 511.0, 512.0, 511.0, 513.0, 512.0, 512.0, 512.0, 513.0, 512.0, 515.0, 513.0, 513.0, 511.0, 512.0, 511.0, 511.0, 511.0, 512.0, 512.0, 513.0, 511.0, 512.0, 513.0, 513.0, 513.0, 513.0, 514.0, 512.0, 512.0, 514.0, 513.0, 512.0, 512.0, 511.0, 512.0, 510.0, 512.0, 512.0, 512.0, 512.0, 512.0, 513.0, 510.0, 512.0, 511.0, 512.0, 512.0, 513.0, 513.0, 511.0, 511.0, 512.0, 513.0, 513.0, 512.0, 513.0, 513.0, 511.0, 512.0, 512.0, 513.0, 512.0, 512.0, 513.0, 513.0, 512.0, 511.0, 513.0, 512.0, 513.0, 513.0, 513.0, 511.0, 512.0, 514.0, 513.0, 512.0, 511.0, 513.0, 513.0, 510.0, 511.0, 512.0, 511.0, 513.0, 512.0, 512.0, 512.0, 512.0, 514.0, 512.0, 512.0, 511.0]
Crossover offspring noisy fitness: [513.0, 513.0, 513.0, 513.0, 513.0, 512.0, 512.0, 511.0, 511.0, 513.0, 511.0, 513.0, 512.0, 512.0, 512.0, 514.0, 512.0, 515.0, 514.0, 513.0, 511.0, 512.0, 511.0, 511.0, 511.0, 512.0, 512.0, 513.0, 511.0, 513.0, 513.0, 513.0, 513.0, 513.0, 514.0, 512.0, 512.0, 514.0, 513.0, 512.0, 512.0, 511.0, 512.0, 510.0, 512.0, 512.0, 512.0, 512.0, 512.0, 513.0, 509.0, 512.0, 511.0, 512.0, 512.0, 513.0, 513.0, 511.0, 511.0, 512.0, 513.0, 513.0, 513.0, 513.0, 513.0, 511.0, 512.0, 512.0, 513.0, 512.0, 512.0, 513.0, 513.0, 512.0, 511.0, 513.0, 512.0, 513.0, 513.0, 513.0, 511.0, 512.0, 514.0, 513.0, 512.0, 511.0, 513.0, 513.0, 510.0, 511.0, 512.0, 511.0, 513.0, 512.0, 512.0, 512.0, 512.0, 514.0, 512.0, 512.0, 511.0]

l: 92
Real fitness of mutation winner: 530.0
Noisy fitness of mutation winner: 530.0
Crossover offspring real fitness: [513.0, 512.0, 512.0, 512.0, 511.0, 512.0, 512.0, 512.0, 513.0, 512.0, 512.0, 512.0, 511.0, 512.0, 512.0, 512.0, 514.0, 512.0, 512.0, 512.0, 512.0, 512.0, 512.0, 512.0, 513.0, 512.0, 512.0, 514.0, 513.0, 512.0, 513.0, 513.0, 512.0, 512.0, 513.0, 511.0, 511.0, 513.0, 513.0, 513.0, 511.0, 512.0, 512.0, 512.0, 512.0, 512.0, 512.0, 512.0, 512.0, 512.0, 512.0, 512.0, 513.0, 512.0, 514.0, 512.0, 513.0, 511.0, 511.0, 514.0, 513.0, 511.0, 512.0, 511.0, 512.0, 511.0, 511.0, 514.0, 511.0, 512.0, 510.0, 513.0, 512.0, 512.0, 511.0, 513.0, 511.0, 512.0, 511.0, 512.0, 511.0, 514.0, 510.0, 512.0, 513.0, 512.0, 514.0, 511.0, 513.0, 512.0, 512.0, 512.0, 512.0, 512.0, 513.0, 512.0, 513.0, 511.0, 513.0, 511.0, 511.0]
Crossover offspring noisy fitness: [513.0, 512.0, 512.0, 512.0, 511.0, 512.0, 512.0, 512.0, 513.0, 512.0, 512.0, 512.0, 511.0, 512.0, 512.0, 513.0, 514.0, 512.0, 512.0, 512.0, 512.0, 512.0, 512.0, 512.0, 513.0, 512.0, 512.0, 514.0, 513.0, 512.0, 513.0, 513.0, 512.0, 512.0, 513.0, 511.0, 511.0, 513.0, 513.0, 513.0, 511.0, 512.0, 512.0, 512.0, 512.0, 512.0, 512.0, 512.0, 512.0, 512.0, 512.0, 513.0, 513.0, 512.0, 514.0, 512.0, 513.0, 511.0, 511.0, 514.0, 513.0, 511.0, 512.0, 511.0, 512.0, 511.0, 511.0, 514.0, 511.0, 512.0, 510.0, 513.0, 512.0, 513.0, 511.0, 513.0, 511.0, 513.0, 511.0, 512.0, 511.0, 514.0, 510.0, 512.0, 513.0, 512.0, 514.0, 511.0, 513.0, 512.0, 512.0, 512.0, 512.0, 512.0, 513.0, 512.0, 513.0, 511.0, 513.0, 511.0, 511.0]

l: 96
Real fitness of mutation winner: 532.0
Noisy fitness of mutation winner: 532.0
Crossover offspring real fitness: [513.0, 512.0, 512.0, 512.0, 512.0, 512.0, 512.0, 515.0, 513.0, 511.0, 513.0, 513.0, 512.0, 513.0, 513.0, 512.0, 512.0, 512.0, 512.0, 512.0, 512.0, 510.0, 512.0, 513.0, 513.0, 512.0, 513.0, 511.0, 512.0, 513.0, 513.0, 513.0, 512.0, 513.0, 510.0, 512.0, 512.0, 511.0, 512.0, 512.0, 512.0, 512.0, 513.0, 512.0, 513.0, 512.0, 512.0, 512.0, 515.0, 512.0, 512.0, 512.0, 513.0, 512.0, 512.0, 514.0, 510.0, 511.0, 512.0, 513.0, 513.0, 513.0, 513.0, 513.0, 513.0, 511.0, 512.0, 512.0, 513.0, 513.0, 512.0, 513.0, 515.0, 514.0, 513.0, 512.0, 513.0, 512.0, 511.0, 511.0, 512.0, 514.0, 512.0, 513.0, 512.0, 513.0, 514.0, 511.0, 512.0, 512.0, 511.0, 512.0, 512.0, 514.0, 511.0, 512.0, 512.0, 512.0, 511.0, 511.0, 513.0]
Crossover offspring noisy fitness: [513.0, 512.0, 512.0, 512.0, 512.0, 512.0, 512.0, 515.0, 513.0, 511.0, 513.0, 513.0, 512.0, 513.0, 512.0, 512.0, 512.0, 512.0, 512.0, 512.0, 512.0, 510.0, 512.0, 513.0, 513.0, 512.0, 513.0, 510.0, 512.0, 513.0, 513.0, 513.0, 512.0, 513.0, 510.0, 512.0, 512.0, 511.0, 512.0, 512.0, 512.0, 512.0, 513.0, 512.0, 513.0, 512.0, 512.0, 512.0, 515.0, 512.0, 512.0, 512.0, 513.0, 512.0, 512.0, 514.0, 510.0, 511.0, 512.0, 513.0, 513.0, 513.0, 513.0, 513.0, 513.0, 511.0, 512.0, 512.0, 513.0, 513.0, 513.0, 512.0, 515.0, 514.0, 513.0, 512.0, 513.0, 512.0, 511.0, 511.0, 512.0, 514.0, 512.0, 513.0, 513.0, 513.0, 514.0, 511.0, 512.0, 512.0, 511.0, 511.0, 512.0, 514.0, 511.0, 512.0, 512.0, 511.0, 511.0, 511.0, 513.0]

