l: 27
Real fitness of mutation winner: 521.0
Noisy fitness of mutation winner: 521.0
Crossover offspring real fitness: [513.0, 511.0, 513.0, 512.0, 512.0, 512.0, 512.0, 512.0, 513.0, 512.0, 512.0, 512.0, 513.0, 511.0, 512.0, 513.0, 512.0, 513.0, 511.0, 511.0, 513.0, 512.0, 512.0, 511.0, 513.0, 512.0, 513.0, 513.0, 512.0, 513.0, 511.0, 512.0]
Crossover offspring noisy fitness: [513.0, 511.0, 513.0, 512.0, 512.0, 512.0, 512.0, 512.0, 513.0, 512.0, 512.0, 512.0, 513.0, 511.0, 512.0, 513.0, 512.0, 514.0, 511.0, 510.0, 513.0, 512.0, 512.0, 511.0, 513.0, 512.0, 513.0, 513.0, 512.0, 513.0, 511.0, 512.0]

l: 33
Real fitness of mutation winner: 521.0
Noisy fitness of mutation winner: 521.0
Crossover offspring real fitness: [513.0, 512.0, 513.0, 511.0, 513.0, 511.0, 512.0, 511.0, 513.0, 512.0, 514.0, 513.0, 512.0, 514.0, 512.0, 512.0, 512.0, 510.0, 512.0, 512.0, 513.0, 512.0, 512.0, 512.0, 512.0, 512.0, 511.0, 512.0, 512.0, 511.0, 512.0, 511.0]
Crossover offspring noisy fitness: [513.0, 512.0, 513.0, 511.0, 513.0, 511.0, 512.0, 511.0, 513.0, 512.0, 514.0, 513.0, 512.0, 514.0, 512.0, 512.0, 512.0, 510.0, 512.0, 512.0, 513.0, 512.0, 512.0, 512.0, 512.0, 512.0, 511.0, 513.0, 512.0, 511.0, 512.0, 511.0]

l: 25
Real fitness of mutation winner: 523.0
Noisy fitness of mutation winner: 523.0
Crossover offspring real fitness: [512.0, 512.0, 512.0, 513.0, 512.0, 512.0, 513.0, 511.0, 511.0, 513.0, 513.0, 512.0, 512.0, 512.0, 511.0, 512.0, 513.0, 512.0, 514.0, 512.0, 512.0, 512.0, 512.0, 512.0, 512.0, 514.0, 511.0, 512.0, 515.0, 513.0, 513.0, 512.0]
Crossover offspring noisy fitness: [512.0, 512.0, 512.0, 513.0, 512.0, 512.0, 513.0, 511.0, 511.0, 513.0, 513.0, 512.0, 512.0, 512.0, 511.0, 512.0, 513.0, 512.0, 514.0, 512.0, 512.0, 512.0, 512.0, 512.0, 512.0, 514.0, 511.0, 512.0, 515.0, 513.0, 513.0, 512.0]

l: 28
Real fitness of mutation winner: 522.0
Noisy fitness of mutation winner: 522.0
Crossover offspring real fitness: [511.0, 513.0, 513.0, 512.0, 512.0, 512.0, 513.0, 514.0, 512.0, 511.0, 512.0, 512.0, 512.0, 514.0, 514.0, 513.0, 511.0, 512.0, 512.0, 512.0, 513.0, 512.0, 513.0, 512.0, 513.0, 512.0, 512.0, 512.0, 515.0, 513.0, 510.0, 514.0]
Crossover offspring noisy fitness: [511.0, 513.0, 513.0, 512.0, 512.0, 512.0, 513.0, 514.0, 512.0, 511.0, 512.0, 512.0, 512.0, 514.0, 514.0, 512.0, 511.0, 512.0, 512.0, 512.0, 513.0, 512.0, 513.0, 512.0, 513.0, 512.0, 512.0, 512.0, 515.0, 513.0, 510.0, 514.0]

