l: 98
Real fitness of mutation winner: 538.0
Noisy fitness of mutation winner: 538.0
Crossover offspring real fitness: [513.0, 512.0, 512.0, 512.0, 512.0, 513.0, 513.0, 513.0, 512.0, 512.0, 511.0, 511.0, 513.0, 512.0, 512.0, 513.0, 510.0, 511.0, 513.0, 514.0, 513.0, 513.0, 512.0, 512.0, 513.0, 513.0, 511.0, 513.0, 512.0, 512.0, 512.0, 514.0, 514.0, 514.0, 511.0, 512.0, 512.0, 513.0, 511.0, 513.0, 512.0, 511.0, 512.0, 511.0, 510.0, 512.0, 512.0, 513.0, 512.0, 512.0, 512.0, 512.0, 512.0, 511.0, 513.0, 513.0, 512.0, 513.0, 513.0, 513.0, 513.0, 512.0, 513.0, 512.0, 512.0, 512.0, 513.0, 513.0, 512.0, 511.0, 513.0, 512.0, 511.0, 512.0, 512.0, 511.0, 511.0, 512.0, 513.0, 512.0, 512.0, 512.0, 512.0, 511.0, 511.0, 512.0, 512.0, 513.0, 512.0, 511.0, 513.0, 512.0, 512.0, 514.0, 513.0, 512.0, 510.0, 512.0, 511.0, 512.0, 515.0]
Crossover offspring noisy fitness: [513.0, 512.0, 512.0, 512.0, 512.0, 513.0, 513.0, 513.0, 512.0, 512.0, 511.0, 511.0, 513.0, 512.0, 512.0, 513.0, 510.0, 511.0, 513.0, 514.0, 512.0, 513.0, 512.0, 512.0, 513.0, 513.0, 511.0, 513.0, 512.0, 512.0, 512.0, 514.0, 514.0, 514.0, 511.0, 512.0, 512.0, 513.0, 511.0, 513.0, 512.0, 511.0, 512.0, 511.0, 510.0, 512.0, 512.0, 513.0, 512.0, 512.0, 512.0, 512.0, 511.0, 511.0, 513.0, 513.0, 512.0, 513.0, 513.0, 513.0, 513.0, 512.0, 513.0, 512.0, 512.0, 512.0, 512.0, 513.0, 512.0, 511.0, 513.0, 512.0, 511.0, 512.0, 512.0, 511.0, 512.0, 512.0, 513.0, 512.0, 512.0, 512.0, 512.0, 511.0, 511.0, 512.0, 512.0, 513.0, 512.0, 511.0, 513.0, 512.0, 512.0, 514.0, 513.0, 512.0, 510.0, 512.0, 511.0, 512.0, 515.0]

l: 101
Real fitness of mutation winner: 539.0
Noisy fitness of mutation winner: 539.0
Crossover offspring real fitness: [513.0, 512.0, 512.0, 512.0, 513.0, 512.0, 512.0, 514.0, 513.0, 512.0, 511.0, 511.0, 511.0, 512.0, 511.0, 512.0, 511.0, 514.0, 513.0, 513.0, 513.0, 511.0, 512.0, 513.0, 512.0, 512.0, 512.0, 513.0, 512.0, 514.0, 511.0, 513.0, 512.0, 512.0, 514.0, 513.0, 511.0, 512.0, 511.0, 513.0, 512.0, 513.0, 511.0, 513.0, 513.0, 512.0, 511.0, 512.0, 513.0, 513.0, 511.0, 512.0, 512.0, 512.0, 513.0, 512.0, 512.0, 512.0, 512.0, 512.0, 514.0, 512.0, 514.0, 512.0, 512.0, 512.0, 512.0, 512.0, 513.0, 514.0, 512.0, 511.0, 513.0, 512.0, 511.0, 512.0, 512.0, 512.0, 511.0, 511.0, 512.0, 512.0, 515.0, 512.0, 512.0, 512.0, 511.0, 511.0, 512.0, 513.0, 513.0, 513.0, 513.0, 513.0, 512.0, 512.0, 513.0, 512.0, 512.0, 512.0, 513.0]
Crossover offspring noisy fitness: [513.0, 513.0, 512.0, 512.0, 513.0, 512.0, 512.0, 514.0, 513.0, 512.0, 511.0, 511.0, 511.0, 512.0, 511.0, 512.0, 511.0, 515.0, 513.0, 513.0, 513.0, 511.0, 512.0, 513.0, 512.0, 512.0, 512.0, 513.0, 512.0, 514.0, 511.0, 513.0, 512.0, 512.0, 514.0, 513.0, 511.0, 512.0, 511.0, 513.0, 512.0, 513.0, 511.0, 513.0, 513.0, 512.0, 511.0, 512.0, 513.0, 513.0, 511.0, 512.0, 512.0, 512.0, 513.0, 511.0, 512.0, 512.0, 512.0, 512.0, 514.0, 512.0, 514.0, 512.0, 512.0, 512.0, 512.0, 512.0, 514.0, 513.0, 513.0, 511.0, 513.0, 512.0, 511.0, 512.0, 512.0, 512.0, 511.0, 511.0, 512.0, 512.0, 515.0, 512.0, 512.0, 512.0, 511.0, 511.0, 512.0, 513.0, 513.0, 513.0, 513.0, 513.0, 512.0, 512.0, 513.0, 512.0, 512.0, 512.0, 513.0]

l: 101
Real fitness of mutation winner: 535.0
Noisy fitness of mutation winner: 535.0
Crossover offspring real fitness: [513.0, 512.0, 512.0, 512.0, 512.0, 513.0, 512.0, 512.0, 514.0, 512.0, 512.0, 514.0, 513.0, 512.0, 512.0, 515.0, 511.0, 513.0, 512.0, 511.0, 513.0, 515.0, 512.0, 512.0, 511.0, 513.0, 512.0, 512.0, 512.0, 511.0, 511.0, 514.0, 513.0, 513.0, 513.0, 511.0, 512.0, 513.0, 511.0, 513.0, 513.0, 512.0, 513.0, 514.0, 512.0, 512.0, 514.0, 510.0, 512.0, 513.0, 513.0, 513.0, 513.0, 512.0, 513.0, 514.0, 512.0, 513.0, 512.0, 510.0, 512.0, 512.0, 513.0, 512.0, 512.0, 513.0, 512.0, 512.0, 512.0, 514.0, 513.0, 512.0, 512.0, 515.0, 512.0, 513.0, 512.0, 512.0, 511.0, 512.0, 511.0, 510.0, 512.0, 512.0, 512.0, 513.0, 514.0, 512.0, 511.0, 512.0, 512.0, 512.0, 512.0, 513.0, 513.0, 511.0, 511.0, 512.0, 512.0, 512.0, 513.0]
Crossover offspring noisy fitness: [513.0, 512.0, 513.0, 512.0, 512.0, 513.0, 512.0, 512.0, 514.0, 512.0, 512.0, 514.0, 513.0, 512.0, 512.0, 515.0, 511.0, 513.0, 512.0, 511.0, 513.0, 515.0, 512.0, 512.0, 511.0, 513.0, 512.0, 512.0, 512.0, 511.0, 511.0, 514.0, 513.0, 514.0, 513.0, 512.0, 512.0, 513.0, 511.0, 514.0, 513.0, 512.0, 513.0, 514.0, 512.0, 512.0, 514.0, 510.0, 512.0, 513.0, 513.0, 513.0, 513.0, 512.0, 513.0, 514.0, 512.0, 513.0, 512.0, 510.0, 512.0, 512.0, 513.0, 512.0, 512.0, 513.0, 512.0, 512.0, 512.0, 513.0, 513.0, 512.0, 512.0, 515.0, 512.0, 513.0, 512.0, 512.0, 511.0, 512.0, 511.0, 510.0, 511.0, 512.0, 512.0, 513.0, 514.0, 512.0, 510.0, 512.0, 512.0, 512.0, 512.0, 513.0, 512.0, 511.0, 511.0, 512.0, 512.0, 512.0, 513.0]

l: 108
Real fitness of mutation winner: 538.0
Noisy fitness of mutation winner: 538.0
Crossover offspring real fitness: [511.0, 515.0, 513.0, 511.0, 512.0, 512.0, 512.0, 509.0, 513.0, 512.0, 510.0, 513.0, 512.0, 511.0, 512.0, 515.0, 513.0, 514.0, 512.0, 512.0, 512.0, 513.0, 513.0, 511.0, 512.0, 512.0, 512.0, 512.0, 513.0, 512.0, 513.0, 513.0, 512.0, 513.0, 513.0, 511.0, 514.0, 512.0, 512.0, 511.0, 512.0, 511.0, 510.0, 512.0, 511.0, 512.0, 514.0, 513.0, 512.0, 511.0, 513.0, 511.0, 512.0, 510.0, 514.0, 513.0, 513.0, 513.0, 515.0, 511.0, 511.0, 512.0, 512.0, 514.0, 512.0, 511.0, 512.0, 513.0, 511.0, 511.0, 512.0, 515.0, 512.0, 511.0, 512.0, 511.0, 511.0, 512.0, 512.0, 512.0, 513.0, 513.0, 514.0, 511.0, 510.0, 514.0, 512.0, 514.0, 512.0, 513.0, 511.0, 513.0, 512.0, 513.0, 511.0, 512.0, 512.0, 514.0, 512.0, 511.0, 511.0]
Crossover offspring noisy fitness: [511.0, 515.0, 513.0, 511.0, 512.0, 512.0, 512.0, 509.0, 513.0, 512.0, 510.0, 513.0, 512.0, 511.0, 512.0, 515.0, 513.0, 514.0, 512.0, 512.0, 512.0, 513.0, 513.0, 511.0, 512.0, 512.0, 512.0, 512.0, 513.0, 512.0, 513.0, 513.0, 512.0, 513.0, 513.0, 511.0, 514.0, 512.0, 512.0, 511.0, 512.0, 511.0, 510.0, 512.0, 511.0, 512.0, 514.0, 514.0, 512.0, 511.0, 513.0, 511.0, 512.0, 510.0, 514.0, 513.0, 514.0, 513.0, 516.0, 511.0, 511.0, 512.0, 512.0, 514.0, 512.0, 511.0, 512.0, 513.0, 511.0, 511.0, 512.0, 515.0, 512.0, 511.0, 512.0, 511.0, 511.0, 512.0, 512.0, 512.0, 513.0, 513.0, 514.0, 511.0, 510.0, 514.0, 512.0, 514.0, 512.0, 513.0, 511.0, 513.0, 512.0, 513.0, 511.0, 512.0, 512.0, 513.0, 512.0, 511.0, 511.0]

