l: 122
Fitness of mutation winner: 537.0
Crossover offspring real fitness: [513.0, 513.0, 511.0, 511.0, 510.0, 510.0, 512.0, 512.0, 510.0, 512.0, 512.0, 513.0, 512.0, 514.0, 512.0, 512.0, 511.0, 513.0, 512.0, 513.0, 512.0, 512.0, 514.0, 513.0, 511.0, 511.0, 513.0, 512.0, 511.0, 512.0, 512.0, 511.0, 512.0, 512.0, 512.0, 512.0, 512.0, 513.0, 512.0, 513.0, 513.0, 513.0, 512.0, 514.0, 512.0, 512.0, 512.0, 514.0, 512.0, 513.0, 512.0, 512.0, 512.0, 512.0, 513.0, 514.0, 511.0, 512.0, 512.0, 513.0, 511.0, 512.0, 512.0, 512.0, 512.0, 513.0, 512.0, 514.0, 512.0, 512.0, 514.0, 512.0, 512.0, 512.0, 513.0, 513.0, 513.0, 513.0, 512.0, 511.0, 513.0, 512.0, 512.0, 512.0, 512.0, 512.0, 512.0, 511.0, 513.0, 512.0, 512.0, 513.0, 513.0, 511.0, 512.0, 512.0, 515.0, 513.0, 511.0, 511.0, 510.0]
Crossover offspring noisy fitness: [513.0, 513.0, 511.0, 511.0, 510.0, 511.0, 512.0, 512.0, 510.0, 512.0, 512.0, 513.0, 512.0, 514.0, 512.0, 513.0, 511.0, 513.0, 512.0, 513.0, 512.0, 512.0, 514.0, 513.0, 511.0, 511.0, 513.0, 512.0, 511.0, 512.0, 512.0, 511.0, 512.0, 512.0, 512.0, 511.0, 512.0, 513.0, 512.0, 513.0, 513.0, 513.0, 512.0, 514.0, 512.0, 512.0, 512.0, 514.0, 512.0, 513.0, 512.0, 512.0, 512.0, 512.0, 513.0, 514.0, 511.0, 511.0, 512.0, 513.0, 511.0, 512.0, 512.0, 512.0, 512.0, 513.0, 512.0, 514.0, 512.0, 512.0, 514.0, 512.0, 512.0, 512.0, 513.0, 513.0, 513.0, 513.0, 512.0, 511.0, 513.0, 512.0, 512.0, 512.0, 512.0, 512.0, 512.0, 511.0, 513.0, 512.0, 512.0, 513.0, 513.0, 511.0, 512.0, 512.0, 515.0, 513.0, 511.0, 511.0, 510.0]

l: 115
Fitness of mutation winner: 537.0
Crossover offspring real fitness: [513.0, 512.0, 513.0, 513.0, 511.0, 513.0, 511.0, 513.0, 512.0, 512.0, 512.0, 512.0, 511.0, 511.0, 513.0, 512.0, 511.0, 513.0, 512.0, 514.0, 513.0, 513.0, 513.0, 512.0, 514.0, 512.0, 512.0, 513.0, 511.0, 514.0, 513.0, 512.0, 513.0, 512.0, 510.0, 512.0, 513.0, 510.0, 511.0, 512.0, 512.0, 513.0, 513.0, 512.0, 513.0, 512.0, 514.0, 513.0, 512.0, 510.0, 511.0, 512.0, 512.0, 512.0, 511.0, 514.0, 513.0, 514.0, 511.0, 513.0, 511.0, 513.0, 511.0, 512.0, 514.0, 513.0, 512.0, 511.0, 512.0, 514.0, 512.0, 513.0, 512.0, 512.0, 510.0, 513.0, 512.0, 513.0, 512.0, 511.0, 513.0, 512.0, 514.0, 513.0, 512.0, 512.0, 515.0, 513.0, 512.0, 514.0, 514.0, 514.0, 512.0, 512.0, 513.0, 515.0, 512.0, 514.0, 513.0, 513.0, 512.0]
Crossover offspring noisy fitness: [513.0, 512.0, 513.0, 513.0, 511.0, 513.0, 511.0, 513.0, 512.0, 512.0, 512.0, 512.0, 511.0, 511.0, 513.0, 512.0, 511.0, 513.0, 512.0, 514.0, 513.0, 513.0, 513.0, 512.0, 514.0, 512.0, 512.0, 513.0, 511.0, 514.0, 513.0, 512.0, 513.0, 512.0, 510.0, 512.0, 513.0, 510.0, 511.0, 512.0, 512.0, 513.0, 513.0, 512.0, 513.0, 513.0, 514.0, 513.0, 512.0, 510.0, 511.0, 512.0, 512.0, 512.0, 511.0, 514.0, 513.0, 514.0, 511.0, 513.0, 511.0, 513.0, 511.0, 512.0, 514.0, 513.0, 512.0, 511.0, 512.0, 515.0, 512.0, 513.0, 512.0, 512.0, 510.0, 513.0, 512.0, 513.0, 512.0, 511.0, 513.0, 512.0, 514.0, 513.0, 512.0, 512.0, 515.0, 513.0, 512.0, 514.0, 514.0, 514.0, 512.0, 512.0, 513.0, 515.0, 512.0, 514.0, 513.0, 513.0, 512.0]

l: 115
Fitness of mutation winner: 533.0
Crossover offspring real fitness: [514.0, 514.0, 511.0, 513.0, 512.0, 511.0, 517.0, 513.0, 512.0, 511.0, 512.0, 513.0, 511.0, 513.0, 512.0, 512.0, 514.0, 512.0, 513.0, 513.0, 510.0, 511.0, 512.0, 514.0, 512.0, 511.0, 513.0, 511.0, 512.0, 513.0, 512.0, 511.0, 513.0, 512.0, 511.0, 512.0, 514.0, 514.0, 513.0, 511.0, 511.0, 514.0, 510.0, 512.0, 512.0, 514.0, 512.0, 512.0, 512.0, 510.0, 512.0, 512.0, 512.0, 512.0, 511.0, 511.0, 514.0, 512.0, 511.0, 512.0, 513.0, 514.0, 512.0, 512.0, 513.0, 513.0, 513.0, 513.0, 511.0, 513.0, 512.0, 513.0, 511.0, 513.0, 512.0, 512.0, 512.0, 513.0, 511.0, 513.0, 513.0, 513.0, 513.0, 513.0, 512.0, 513.0, 513.0, 512.0, 513.0, 512.0, 512.0, 510.0, 510.0, 511.0, 511.0, 511.0, 513.0, 513.0, 513.0, 511.0, 512.0]
Crossover offspring noisy fitness: [514.0, 514.0, 511.0, 513.0, 512.0, 511.0, 517.0, 513.0, 512.0, 511.0, 512.0, 513.0, 511.0, 513.0, 512.0, 512.0, 514.0, 512.0, 513.0, 514.0, 510.0, 511.0, 512.0, 514.0, 512.0, 511.0, 513.0, 511.0, 512.0, 513.0, 512.0, 511.0, 513.0, 512.0, 511.0, 512.0, 514.0, 514.0, 513.0, 511.0, 511.0, 514.0, 510.0, 512.0, 512.0, 514.0, 512.0, 512.0, 512.0, 510.0, 512.0, 512.0, 513.0, 512.0, 511.0, 511.0, 514.0, 512.0, 511.0, 512.0, 513.0, 514.0, 512.0, 511.0, 513.0, 513.0, 512.0, 513.0, 511.0, 513.0, 512.0, 513.0, 511.0, 513.0, 512.0, 512.0, 512.0, 513.0, 511.0, 513.0, 513.0, 513.0, 513.0, 513.0, 512.0, 513.0, 513.0, 512.0, 513.0, 512.0, 511.0, 510.0, 510.0, 511.0, 511.0, 511.0, 514.0, 513.0, 513.0, 511.0, 511.0]

l: 91
Fitness of mutation winner: 533.0
Crossover offspring real fitness: [513.0, 512.0, 512.0, 514.0, 513.0, 512.0, 513.0, 511.0, 513.0, 514.0, 512.0, 512.0, 512.0, 512.0, 512.0, 512.0, 512.0, 513.0, 512.0, 512.0, 512.0, 513.0, 511.0, 512.0, 512.0, 511.0, 514.0, 511.0, 514.0, 512.0, 512.0, 511.0, 513.0, 512.0, 512.0, 512.0, 514.0, 512.0, 512.0, 512.0, 512.0, 513.0, 512.0, 512.0, 512.0, 511.0, 511.0, 515.0, 511.0, 512.0, 512.0, 512.0, 510.0, 512.0, 512.0, 513.0, 514.0, 511.0, 512.0, 512.0, 512.0, 512.0, 512.0, 513.0, 512.0, 513.0, 511.0, 511.0, 512.0, 513.0, 513.0, 513.0, 515.0, 512.0, 511.0, 513.0, 512.0, 512.0, 513.0, 512.0, 512.0, 512.0, 512.0, 513.0, 513.0, 513.0, 512.0, 514.0, 513.0, 513.0, 515.0, 512.0, 512.0, 514.0, 514.0, 512.0, 513.0, 514.0, 512.0, 512.0, 512.0]
Crossover offspring noisy fitness: [513.0, 512.0, 512.0, 514.0, 513.0, 513.0, 513.0, 511.0, 513.0, 514.0, 512.0, 512.0, 512.0, 512.0, 512.0, 512.0, 512.0, 513.0, 512.0, 512.0, 512.0, 513.0, 511.0, 512.0, 512.0, 511.0, 514.0, 511.0, 514.0, 512.0, 512.0, 511.0, 513.0, 512.0, 512.0, 512.0, 514.0, 512.0, 512.0, 512.0, 512.0, 513.0, 512.0, 512.0, 512.0, 511.0, 511.0, 515.0, 512.0, 512.0, 512.0, 512.0, 510.0, 512.0, 512.0, 513.0, 514.0, 511.0, 512.0, 512.0, 512.0, 512.0, 512.0, 513.0, 512.0, 513.0, 511.0, 511.0, 512.0, 513.0, 513.0, 513.0, 515.0, 512.0, 511.0, 513.0, 512.0, 512.0, 513.0, 512.0, 512.0, 512.0, 512.0, 513.0, 513.0, 513.0, 512.0, 514.0, 513.0, 513.0, 515.0, 512.0, 512.0, 514.0, 514.0, 512.0, 513.0, 514.0, 512.0, 512.0, 512.0]

