l: 32
Real fitness of mutation winner: 524.0
Noisy fitness of mutation winner: 524.0
Crossover offspring real fitness: [512.0, 512.0, 511.0, 513.0, 513.0, 515.0, 514.0, 513.0, 512.0, 511.0, 515.0, 511.0, 512.0, 512.0, 511.0, 513.0, 515.0, 511.0, 513.0, 512.0, 512.0, 512.0, 511.0, 513.0, 514.0, 512.0, 512.0, 513.0, 512.0, 514.0, 512.0, 514.0]
Crossover offspring noisy fitness: [512.0, 512.0, 511.0, 513.0, 513.0, 515.0, 513.0, 513.0, 512.0, 511.0, 515.0, 511.0, 512.0, 512.0, 511.0, 513.0, 515.0, 511.0, 513.0, 512.0, 512.0, 512.0, 511.0, 512.0, 514.0, 512.0, 512.0, 513.0, 512.0, 514.0, 512.0, 514.0]

l: 28
Real fitness of mutation winner: 530.0
Noisy fitness of mutation winner: 531.0
Crossover offspring real fitness: [514.0, 514.0, 514.0, 513.0, 513.0, 513.0, 512.0, 513.0, 512.0, 512.0, 513.0, 512.0, 513.0, 512.0, 513.0, 513.0, 513.0, 513.0, 514.0, 513.0, 513.0, 513.0, 512.0, 513.0, 514.0, 512.0, 512.0, 514.0, 512.0, 512.0, 513.0, 512.0]
Crossover offspring noisy fitness: [514.0, 514.0, 514.0, 513.0, 512.0, 513.0, 512.0, 513.0, 512.0, 512.0, 513.0, 512.0, 513.0, 512.0, 513.0, 513.0, 513.0, 513.0, 513.0, 513.0, 513.0, 513.0, 512.0, 513.0, 514.0, 512.0, 512.0, 514.0, 512.0, 512.0, 513.0, 512.0]

l: 30
Real fitness of mutation winner: 528.0
Noisy fitness of mutation winner: 528.0
Crossover offspring real fitness: [512.0, 512.0, 512.0, 512.0, 512.0, 514.0, 512.0, 514.0, 511.0, 513.0, 513.0, 512.0, 511.0, 512.0, 513.0, 513.0, 512.0, 513.0, 514.0, 515.0, 513.0, 513.0, 513.0, 512.0, 513.0, 512.0, 514.0, 513.0, 512.0, 514.0, 512.0, 512.0]
Crossover offspring noisy fitness: [512.0, 512.0, 512.0, 512.0, 512.0, 514.0, 512.0, 514.0, 511.0, 513.0, 513.0, 512.0, 511.0, 512.0, 513.0, 513.0, 512.0, 512.0, 514.0, 515.0, 513.0, 513.0, 513.0, 512.0, 513.0, 512.0, 514.0, 513.0, 512.0, 514.0, 512.0, 512.0]

l: 37
Real fitness of mutation winner: 523.0
Noisy fitness of mutation winner: 523.0
Crossover offspring real fitness: [514.0, 511.0, 512.0, 514.0, 513.0, 514.0, 513.0, 511.0, 513.0, 512.0, 514.0, 513.0, 514.0, 512.0, 512.0, 513.0, 512.0, 513.0, 512.0, 511.0, 514.0, 512.0, 510.0, 512.0, 513.0, 511.0, 511.0, 513.0, 513.0, 513.0, 511.0, 512.0]
Crossover offspring noisy fitness: [514.0, 511.0, 512.0, 514.0, 513.0, 514.0, 513.0, 511.0, 513.0, 512.0, 514.0, 514.0, 514.0, 512.0, 512.0, 513.0, 512.0, 513.0, 512.0, 511.0, 514.0, 512.0, 510.0, 512.0, 512.0, 512.0, 511.0, 513.0, 513.0, 513.0, 511.0, 512.0]

