l: 37
Real fitness of mutation winner: 527.0
Noisy fitness of mutation winner: 527.0
Crossover offspring real fitness: [511.0, 511.0, 510.0, 513.0, 511.0, 512.0, 512.0, 511.0, 512.0, 513.0, 514.0, 513.0, 512.0, 512.0, 513.0, 513.0, 512.0, 512.0, 511.0, 512.0, 512.0, 512.0, 513.0, 512.0, 512.0, 512.0, 513.0, 513.0, 513.0, 513.0, 510.0, 512.0]
Crossover offspring noisy fitness: [511.0, 512.0, 510.0, 513.0, 511.0, 512.0, 512.0, 511.0, 512.0, 513.0, 514.0, 513.0, 512.0, 511.0, 513.0, 513.0, 512.0, 513.0, 511.0, 512.0, 512.0, 512.0, 513.0, 512.0, 512.0, 512.0, 514.0, 513.0, 513.0, 513.0, 510.0, 512.0]

l: 30
Real fitness of mutation winner: 522.0
Noisy fitness of mutation winner: 522.0
Crossover offspring real fitness: [515.0, 513.0, 515.0, 512.0, 512.0, 512.0, 513.0, 512.0, 511.0, 512.0, 512.0, 513.0, 513.0, 513.0, 513.0, 513.0, 512.0, 511.0, 512.0, 511.0, 511.0, 512.0, 512.0, 514.0, 512.0, 513.0, 513.0, 512.0, 511.0, 512.0, 512.0, 511.0]
Crossover offspring noisy fitness: [515.0, 513.0, 515.0, 512.0, 512.0, 512.0, 513.0, 512.0, 509.0, 512.0, 512.0, 513.0, 514.0, 513.0, 513.0, 513.0, 512.0, 511.0, 512.0, 511.0, 512.0, 512.0, 512.0, 514.0, 512.0, 513.0, 513.0, 512.0, 511.0, 512.0, 512.0, 511.0]

l: 33
Real fitness of mutation winner: 521.0
Noisy fitness of mutation winner: 521.0
Crossover offspring real fitness: [513.0, 513.0, 512.0, 511.0, 511.0, 512.0, 513.0, 513.0, 511.0, 512.0, 512.0, 515.0, 513.0, 512.0, 510.0, 512.0, 511.0, 512.0, 512.0, 512.0, 511.0, 513.0, 514.0, 512.0, 511.0, 513.0, 511.0, 512.0, 514.0, 513.0, 512.0, 511.0]
Crossover offspring noisy fitness: [513.0, 512.0, 512.0, 511.0, 511.0, 512.0, 513.0, 513.0, 511.0, 512.0, 512.0, 515.0, 513.0, 512.0, 510.0, 512.0, 511.0, 512.0, 512.0, 512.0, 511.0, 513.0, 514.0, 512.0, 511.0, 513.0, 511.0, 512.0, 514.0, 513.0, 512.0, 511.0]

l: 29
Real fitness of mutation winner: 527.0
Noisy fitness of mutation winner: 527.0
Crossover offspring real fitness: [512.0, 513.0, 512.0, 512.0, 513.0, 514.0, 513.0, 511.0, 511.0, 511.0, 514.0, 513.0, 513.0, 514.0, 515.0, 512.0, 513.0, 512.0, 514.0, 512.0, 513.0, 512.0, 512.0, 512.0, 511.0, 511.0, 514.0, 512.0, 513.0, 515.0, 512.0, 513.0]
Crossover offspring noisy fitness: [512.0, 513.0, 512.0, 512.0, 513.0, 514.0, 512.0, 511.0, 511.0, 511.0, 514.0, 513.0, 513.0, 514.0, 515.0, 512.0, 513.0, 512.0, 514.0, 512.0, 513.0, 512.0, 511.0, 512.0, 511.0, 511.0, 514.0, 512.0, 513.0, 515.0, 512.0, 513.0]

