l: 27
Fitness of mutation winner: 519.0
Crossover offspring real fitness: [509.0, 513.0, 512.0, 514.0, 511.0, 513.0, 512.0, 512.0, 513.0, 512.0, 511.0, 512.0, 512.0, 511.0, 512.0, 512.0, 512.0, 512.0, 512.0, 513.0, 513.0, 512.0, 513.0, 512.0, 512.0, 512.0, 512.0, 512.0, 512.0, 513.0, 512.0, 512.0]
Crossover offspring noisy fitness: [509.0, 513.0, 512.0, 514.0, 511.0, 513.0, 512.0, 512.0, 513.0, 512.0, 511.0, 512.0, 512.0, 511.0, 512.0, 512.0, 512.0, 512.0, 512.0, 513.0, 513.0, 512.0, 511.0, 512.0, 512.0, 512.0, 512.0, 512.0, 513.0, 513.0, 512.0, 512.0]

l: 37
Fitness of mutation winner: 523.0
Crossover offspring real fitness: [512.0, 512.0, 512.0, 512.0, 513.0, 512.0, 512.0, 511.0, 513.0, 510.0, 513.0, 512.0, 512.0, 511.0, 512.0, 512.0, 512.0, 513.0, 512.0, 513.0, 512.0, 512.0, 514.0, 513.0, 513.0, 512.0, 512.0, 512.0, 514.0, 513.0, 513.0, 513.0]
Crossover offspring noisy fitness: [512.0, 512.0, 512.0, 512.0, 513.0, 512.0, 512.0, 511.0, 514.0, 510.0, 513.0, 512.0, 512.0, 511.0, 512.0, 512.0, 512.0, 513.0, 512.0, 513.0, 512.0, 512.0, 514.0, 513.0, 513.0, 512.0, 512.0, 512.0, 514.0, 513.0, 513.0, 513.0]

l: 32
Fitness of mutation winner: 522.0
Crossover offspring real fitness: [515.0, 513.0, 512.0, 514.0, 513.0, 513.0, 510.0, 512.0, 511.0, 512.0, 511.0, 511.0, 514.0, 512.0, 512.0, 513.0, 512.0, 514.0, 513.0, 514.0, 513.0, 512.0, 513.0, 512.0, 513.0, 513.0, 512.0, 513.0, 513.0, 512.0, 512.0, 512.0]
Crossover offspring noisy fitness: [515.0, 513.0, 511.0, 514.0, 513.0, 513.0, 510.0, 512.0, 511.0, 512.0, 511.0, 511.0, 514.0, 511.0, 512.0, 513.0, 512.0, 514.0, 513.0, 514.0, 513.0, 512.0, 513.0, 512.0, 513.0, 513.0, 512.0, 513.0, 513.0, 512.0, 512.0, 512.0]

l: 34
Fitness of mutation winner: 526.0
Crossover offspring real fitness: [512.0, 512.0, 512.0, 512.0, 512.0, 513.0, 512.0, 513.0, 514.0, 513.0, 513.0, 513.0, 513.0, 512.0, 512.0, 513.0, 513.0, 510.0, 512.0, 513.0, 512.0, 514.0, 512.0, 515.0, 512.0, 512.0, 511.0, 512.0, 514.0, 511.0, 513.0, 513.0]
Crossover offspring noisy fitness: [512.0, 512.0, 512.0, 512.0, 512.0, 513.0, 512.0, 513.0, 514.0, 513.0, 513.0, 513.0, 513.0, 512.0, 512.0, 513.0, 513.0, 510.0, 512.0, 513.0, 512.0, 514.0, 512.0, 515.0, 512.0, 512.0, 511.0, 512.0, 514.0, 511.0, 513.0, 513.0]

