l: 27
Real fitness of mutation winner: 523.0
Noisy fitness of mutation winner: 523.0
Crossover offspring real fitness: [512.0, 512.0, 511.0, 513.0, 512.0, 511.0, 513.0, 515.0, 513.0, 514.0, 513.0, 515.0, 513.0, 513.0, 511.0, 512.0, 512.0, 513.0, 512.0, 513.0, 513.0, 513.0, 512.0, 511.0, 511.0, 513.0, 512.0, 512.0, 512.0, 512.0, 511.0, 513.0]
Crossover offspring noisy fitness: [512.0, 512.0, 511.0, 513.0, 512.0, 512.0, 512.0, 515.0, 513.0, 514.0, 513.0, 515.0, 513.0, 513.0, 511.0, 512.0, 512.0, 513.0, 512.0, 513.0, 513.0, 513.0, 512.0, 511.0, 511.0, 513.0, 512.0, 512.0, 511.0, 512.0, 511.0, 513.0]

l: 34
Real fitness of mutation winner: 518.0
Noisy fitness of mutation winner: 518.0
Crossover offspring real fitness: [512.0, 513.0, 513.0, 514.0, 511.0, 512.0, 512.0, 513.0, 512.0, 512.0, 514.0, 514.0, 512.0, 512.0, 512.0, 513.0, 512.0, 514.0, 512.0, 513.0, 511.0, 512.0, 513.0, 512.0, 513.0, 513.0, 513.0, 511.0, 511.0, 512.0, 513.0, 512.0]
Crossover offspring noisy fitness: [512.0, 512.0, 513.0, 514.0, 511.0, 512.0, 512.0, 513.0, 512.0, 512.0, 514.0, 514.0, 512.0, 512.0, 512.0, 513.0, 512.0, 514.0, 512.0, 513.0, 511.0, 512.0, 513.0, 512.0, 513.0, 513.0, 513.0, 510.0, 511.0, 512.0, 513.0, 512.0]

l: 29
Real fitness of mutation winner: 525.0
Noisy fitness of mutation winner: 525.0
Crossover offspring real fitness: [512.0, 511.0, 514.0, 512.0, 512.0, 511.0, 513.0, 512.0, 512.0, 511.0, 512.0, 512.0, 511.0, 513.0, 512.0, 511.0, 512.0, 512.0, 510.0, 512.0, 512.0, 513.0, 513.0, 514.0, 512.0, 511.0, 516.0, 512.0, 512.0, 512.0, 512.0, 513.0]
Crossover offspring noisy fitness: [512.0, 511.0, 514.0, 512.0, 512.0, 511.0, 513.0, 512.0, 512.0, 511.0, 512.0, 512.0, 511.0, 513.0, 512.0, 511.0, 512.0, 512.0, 510.0, 512.0, 512.0, 512.0, 513.0, 514.0, 512.0, 511.0, 516.0, 512.0, 510.0, 512.0, 512.0, 513.0]

l: 32
Real fitness of mutation winner: 524.0
Noisy fitness of mutation winner: 524.0
Crossover offspring real fitness: [512.0, 513.0, 511.0, 513.0, 512.0, 511.0, 512.0, 511.0, 512.0, 512.0, 511.0, 514.0, 515.0, 514.0, 512.0, 512.0, 515.0, 513.0, 512.0, 512.0, 511.0, 513.0, 511.0, 513.0, 515.0, 512.0, 512.0, 513.0, 513.0, 511.0, 511.0, 513.0]
Crossover offspring noisy fitness: [512.0, 513.0, 511.0, 513.0, 512.0, 511.0, 512.0, 511.0, 512.0, 512.0, 511.0, 514.0, 515.0, 514.0, 512.0, 513.0, 515.0, 513.0, 512.0, 512.0, 511.0, 513.0, 511.0, 513.0, 515.0, 512.0, 512.0, 513.0, 513.0, 511.0, 511.0, 513.0]

