l: 100
Real fitness of mutation winner: 538.0
Noisy fitness of mutation winner: 538.0
Crossover offspring real fitness: [511.0, 512.0, 511.0, 512.0, 512.0, 514.0, 512.0, 512.0, 512.0, 513.0, 513.0, 512.0, 512.0, 512.0, 513.0, 514.0, 513.0, 512.0, 512.0, 512.0, 511.0, 511.0, 512.0, 514.0, 512.0, 513.0, 511.0, 511.0, 514.0, 512.0, 512.0, 511.0, 512.0, 511.0, 511.0, 512.0, 512.0, 512.0, 512.0, 512.0, 512.0, 512.0, 512.0, 512.0, 512.0, 515.0, 512.0, 511.0, 512.0, 512.0, 514.0, 511.0, 511.0, 512.0, 512.0, 513.0, 513.0, 512.0, 511.0, 512.0, 512.0, 511.0, 513.0, 513.0, 513.0, 512.0, 512.0, 512.0, 512.0, 512.0, 513.0, 511.0, 513.0, 512.0, 513.0, 511.0, 514.0, 512.0, 512.0, 512.0, 510.0, 512.0, 512.0, 512.0, 515.0, 512.0, 512.0, 511.0, 512.0, 513.0, 512.0, 512.0, 510.0, 511.0, 513.0, 511.0, 514.0, 510.0, 512.0, 513.0, 511.0]
Crossover offspring noisy fitness: [511.0, 512.0, 511.0, 512.0, 512.0, 514.0, 512.0, 512.0, 512.0, 513.0, 513.0, 512.0, 512.0, 512.0, 513.0, 514.0, 513.0, 512.0, 512.0, 512.0, 511.0, 511.0, 512.0, 514.0, 512.0, 513.0, 511.0, 511.0, 514.0, 512.0, 511.0, 511.0, 512.0, 511.0, 511.0, 512.0, 512.0, 512.0, 512.0, 512.0, 511.0, 512.0, 512.0, 512.0, 512.0, 515.0, 512.0, 511.0, 512.0, 512.0, 514.0, 511.0, 511.0, 512.0, 512.0, 513.0, 513.0, 512.0, 512.0, 512.0, 511.0, 511.0, 513.0, 513.0, 513.0, 512.0, 512.0, 512.0, 512.0, 512.0, 513.0, 511.0, 513.0, 512.0, 513.0, 511.0, 514.0, 512.0, 512.0, 512.0, 510.0, 512.0, 512.0, 512.0, 515.0, 512.0, 512.0, 511.0, 512.0, 513.0, 512.0, 512.0, 510.0, 511.0, 513.0, 511.0, 514.0, 510.0, 512.0, 513.0, 511.0]

l: 112
Real fitness of mutation winner: 534.0
Noisy fitness of mutation winner: 534.0
Crossover offspring real fitness: [513.0, 512.0, 512.0, 512.0, 514.0, 513.0, 512.0, 512.0, 512.0, 512.0, 513.0, 514.0, 511.0, 512.0, 514.0, 511.0, 511.0, 513.0, 513.0, 512.0, 512.0, 512.0, 512.0, 511.0, 512.0, 512.0, 512.0, 512.0, 512.0, 514.0, 512.0, 513.0, 514.0, 512.0, 513.0, 511.0, 514.0, 514.0, 512.0, 513.0, 512.0, 512.0, 511.0, 511.0, 513.0, 514.0, 514.0, 513.0, 512.0, 513.0, 512.0, 511.0, 513.0, 510.0, 512.0, 514.0, 512.0, 513.0, 514.0, 513.0, 512.0, 513.0, 513.0, 513.0, 513.0, 512.0, 513.0, 512.0, 512.0, 512.0, 512.0, 513.0, 512.0, 512.0, 513.0, 511.0, 514.0, 511.0, 513.0, 513.0, 512.0, 511.0, 512.0, 513.0, 512.0, 512.0, 511.0, 512.0, 512.0, 513.0, 512.0, 513.0, 512.0, 511.0, 512.0, 511.0, 512.0, 513.0, 511.0, 512.0, 511.0]
Crossover offspring noisy fitness: [513.0, 512.0, 512.0, 512.0, 514.0, 513.0, 512.0, 512.0, 512.0, 512.0, 513.0, 514.0, 511.0, 512.0, 514.0, 511.0, 511.0, 513.0, 513.0, 512.0, 512.0, 512.0, 512.0, 511.0, 512.0, 512.0, 512.0, 512.0, 512.0, 514.0, 512.0, 512.0, 514.0, 512.0, 513.0, 511.0, 514.0, 514.0, 512.0, 513.0, 512.0, 512.0, 511.0, 511.0, 513.0, 514.0, 514.0, 513.0, 512.0, 513.0, 512.0, 511.0, 513.0, 509.0, 512.0, 514.0, 511.0, 513.0, 514.0, 513.0, 512.0, 513.0, 513.0, 513.0, 513.0, 512.0, 513.0, 513.0, 512.0, 512.0, 512.0, 513.0, 512.0, 512.0, 513.0, 511.0, 514.0, 511.0, 513.0, 513.0, 512.0, 511.0, 512.0, 513.0, 512.0, 512.0, 511.0, 512.0, 512.0, 513.0, 512.0, 513.0, 512.0, 511.0, 512.0, 511.0, 512.0, 513.0, 511.0, 512.0, 511.0]

l: 101
Real fitness of mutation winner: 537.0
Noisy fitness of mutation winner: 537.0
Crossover offspring real fitness: [512.0, 511.0, 511.0, 514.0, 512.0, 513.0, 512.0, 511.0, 512.0, 513.0, 512.0, 513.0, 513.0, 512.0, 511.0, 512.0, 513.0, 512.0, 513.0, 513.0, 512.0, 512.0, 513.0, 513.0, 512.0, 512.0, 513.0, 512.0, 512.0, 513.0, 512.0, 513.0, 511.0, 512.0, 513.0, 513.0, 512.0, 511.0, 514.0, 512.0, 512.0, 512.0, 512.0, 513.0, 512.0, 512.0, 512.0, 513.0, 512.0, 512.0, 513.0, 510.0, 512.0, 513.0, 513.0, 512.0, 512.0, 512.0, 511.0, 513.0, 513.0, 512.0, 512.0, 513.0, 512.0, 513.0, 512.0, 512.0, 511.0, 511.0, 513.0, 512.0, 513.0, 514.0, 512.0, 517.0, 511.0, 514.0, 512.0, 512.0, 511.0, 511.0, 511.0, 512.0, 513.0, 511.0, 511.0, 512.0, 512.0, 510.0, 513.0, 514.0, 511.0, 510.0, 512.0, 513.0, 512.0, 511.0, 511.0, 514.0, 513.0]
Crossover offspring noisy fitness: [512.0, 511.0, 511.0, 514.0, 512.0, 513.0, 512.0, 511.0, 512.0, 513.0, 512.0, 513.0, 513.0, 512.0, 511.0, 512.0, 513.0, 512.0, 513.0, 513.0, 512.0, 512.0, 513.0, 513.0, 512.0, 512.0, 513.0, 512.0, 512.0, 513.0, 513.0, 513.0, 511.0, 512.0, 513.0, 513.0, 512.0, 511.0, 514.0, 512.0, 512.0, 512.0, 512.0, 513.0, 512.0, 512.0, 512.0, 513.0, 512.0, 512.0, 514.0, 510.0, 512.0, 513.0, 513.0, 512.0, 512.0, 512.0, 512.0, 514.0, 513.0, 512.0, 512.0, 513.0, 513.0, 512.0, 511.0, 512.0, 511.0, 511.0, 513.0, 512.0, 513.0, 514.0, 512.0, 517.0, 511.0, 514.0, 512.0, 512.0, 511.0, 511.0, 511.0, 512.0, 513.0, 511.0, 511.0, 512.0, 513.0, 511.0, 514.0, 514.0, 511.0, 510.0, 512.0, 513.0, 512.0, 511.0, 511.0, 514.0, 513.0]

l: 103
Real fitness of mutation winner: 535.0
Noisy fitness of mutation winner: 535.0
Crossover offspring real fitness: [513.0, 512.0, 512.0, 511.0, 511.0, 513.0, 512.0, 513.0, 512.0, 514.0, 513.0, 514.0, 513.0, 513.0, 512.0, 512.0, 512.0, 513.0, 513.0, 514.0, 512.0, 512.0, 511.0, 512.0, 511.0, 514.0, 512.0, 513.0, 512.0, 511.0, 512.0, 512.0, 514.0, 512.0, 511.0, 512.0, 512.0, 513.0, 512.0, 513.0, 512.0, 513.0, 512.0, 512.0, 513.0, 513.0, 512.0, 513.0, 512.0, 512.0, 512.0, 512.0, 511.0, 514.0, 513.0, 512.0, 512.0, 513.0, 513.0, 513.0, 513.0, 513.0, 512.0, 513.0, 512.0, 513.0, 512.0, 512.0, 510.0, 511.0, 511.0, 513.0, 512.0, 512.0, 511.0, 512.0, 512.0, 511.0, 512.0, 513.0, 512.0, 511.0, 513.0, 512.0, 512.0, 512.0, 512.0, 513.0, 511.0, 512.0, 512.0, 513.0, 514.0, 513.0, 512.0, 512.0, 512.0, 513.0, 513.0, 512.0, 512.0]
Crossover offspring noisy fitness: [513.0, 512.0, 512.0, 511.0, 511.0, 513.0, 512.0, 513.0, 512.0, 514.0, 513.0, 514.0, 513.0, 514.0, 512.0, 512.0, 511.0, 513.0, 513.0, 513.0, 512.0, 512.0, 511.0, 512.0, 511.0, 514.0, 512.0, 513.0, 512.0, 511.0, 512.0, 512.0, 514.0, 512.0, 511.0, 512.0, 512.0, 513.0, 512.0, 513.0, 512.0, 513.0, 512.0, 512.0, 512.0, 513.0, 512.0, 513.0, 512.0, 512.0, 512.0, 512.0, 511.0, 514.0, 513.0, 512.0, 512.0, 513.0, 513.0, 513.0, 513.0, 513.0, 512.0, 513.0, 511.0, 513.0, 512.0, 512.0, 510.0, 511.0, 511.0, 513.0, 512.0, 512.0, 511.0, 512.0, 512.0, 511.0, 512.0, 513.0, 512.0, 511.0, 513.0, 512.0, 512.0, 512.0, 512.0, 513.0, 511.0, 512.0, 512.0, 514.0, 514.0, 513.0, 512.0, 512.0, 512.0, 513.0, 513.0, 512.0, 512.0]

