l: 94
Real fitness of mutation winner: 536.0
Noisy fitness of mutation winner: 536.0
Crossover offspring real fitness: [512.0, 513.0, 513.0, 512.0, 511.0, 512.0, 510.0, 511.0, 513.0, 514.0, 511.0, 510.0, 512.0, 512.0, 515.0, 512.0, 511.0, 512.0, 511.0, 513.0, 512.0, 512.0, 513.0, 512.0, 511.0, 513.0, 512.0, 513.0, 512.0, 513.0, 512.0, 514.0, 512.0, 511.0, 513.0, 512.0, 514.0, 511.0, 511.0, 513.0, 512.0, 512.0, 512.0, 512.0, 512.0, 513.0, 511.0, 513.0, 512.0, 512.0, 514.0, 512.0, 514.0, 512.0, 512.0, 510.0, 511.0, 512.0, 513.0, 513.0, 512.0, 514.0, 512.0, 511.0, 512.0, 513.0, 512.0, 512.0, 513.0, 513.0, 512.0, 511.0, 512.0, 512.0, 513.0, 511.0, 512.0, 513.0, 513.0, 512.0, 513.0, 512.0, 511.0, 512.0, 510.0, 514.0, 512.0, 512.0, 512.0, 512.0, 511.0, 513.0, 512.0, 513.0, 512.0, 511.0, 512.0, 512.0, 513.0, 512.0, 512.0]
Crossover offspring noisy fitness: [512.0, 513.0, 513.0, 512.0, 511.0, 512.0, 510.0, 511.0, 513.0, 514.0, 511.0, 510.0, 512.0, 512.0, 515.0, 512.0, 511.0, 512.0, 511.0, 513.0, 512.0, 512.0, 513.0, 512.0, 511.0, 513.0, 512.0, 513.0, 512.0, 513.0, 512.0, 514.0, 512.0, 511.0, 513.0, 512.0, 514.0, 511.0, 511.0, 513.0, 512.0, 512.0, 512.0, 512.0, 512.0, 513.0, 511.0, 513.0, 512.0, 512.0, 514.0, 511.0, 514.0, 512.0, 512.0, 510.0, 511.0, 512.0, 513.0, 513.0, 512.0, 514.0, 512.0, 511.0, 512.0, 513.0, 512.0, 512.0, 513.0, 513.0, 512.0, 511.0, 512.0, 512.0, 513.0, 511.0, 512.0, 513.0, 513.0, 512.0, 513.0, 512.0, 511.0, 512.0, 510.0, 514.0, 512.0, 512.0, 511.0, 512.0, 511.0, 513.0, 512.0, 513.0, 512.0, 511.0, 512.0, 512.0, 513.0, 512.0, 512.0]

l: 106
Real fitness of mutation winner: 538.0
Noisy fitness of mutation winner: 538.0
Crossover offspring real fitness: [512.0, 513.0, 513.0, 513.0, 513.0, 515.0, 512.0, 512.0, 512.0, 511.0, 513.0, 510.0, 511.0, 513.0, 511.0, 512.0, 512.0, 513.0, 513.0, 514.0, 511.0, 512.0, 513.0, 514.0, 510.0, 512.0, 514.0, 512.0, 513.0, 513.0, 511.0, 513.0, 512.0, 512.0, 513.0, 512.0, 513.0, 513.0, 511.0, 511.0, 512.0, 512.0, 512.0, 512.0, 512.0, 513.0, 512.0, 512.0, 511.0, 512.0, 512.0, 511.0, 510.0, 512.0, 512.0, 511.0, 512.0, 512.0, 512.0, 513.0, 512.0, 512.0, 512.0, 511.0, 513.0, 511.0, 511.0, 512.0, 511.0, 512.0, 511.0, 512.0, 513.0, 510.0, 511.0, 513.0, 515.0, 513.0, 513.0, 514.0, 513.0, 511.0, 511.0, 514.0, 513.0, 513.0, 513.0, 514.0, 512.0, 512.0, 512.0, 511.0, 513.0, 512.0, 513.0, 513.0, 512.0, 513.0, 511.0, 513.0, 512.0]
Crossover offspring noisy fitness: [512.0, 513.0, 513.0, 513.0, 513.0, 515.0, 512.0, 512.0, 512.0, 511.0, 513.0, 509.0, 511.0, 513.0, 511.0, 512.0, 512.0, 512.0, 513.0, 514.0, 511.0, 512.0, 513.0, 514.0, 510.0, 513.0, 514.0, 512.0, 513.0, 513.0, 511.0, 513.0, 512.0, 512.0, 513.0, 512.0, 513.0, 514.0, 511.0, 512.0, 512.0, 512.0, 512.0, 512.0, 512.0, 513.0, 512.0, 512.0, 511.0, 512.0, 512.0, 511.0, 510.0, 512.0, 512.0, 511.0, 512.0, 512.0, 512.0, 513.0, 512.0, 512.0, 512.0, 511.0, 513.0, 511.0, 511.0, 512.0, 511.0, 512.0, 511.0, 512.0, 512.0, 510.0, 511.0, 513.0, 515.0, 513.0, 512.0, 514.0, 513.0, 511.0, 511.0, 514.0, 513.0, 513.0, 513.0, 514.0, 512.0, 512.0, 512.0, 511.0, 513.0, 512.0, 513.0, 513.0, 512.0, 513.0, 511.0, 513.0, 512.0]

l: 112
Real fitness of mutation winner: 532.0
Noisy fitness of mutation winner: 532.0
Crossover offspring real fitness: [512.0, 513.0, 512.0, 512.0, 512.0, 512.0, 513.0, 512.0, 512.0, 511.0, 512.0, 512.0, 513.0, 514.0, 511.0, 511.0, 514.0, 514.0, 513.0, 511.0, 513.0, 513.0, 513.0, 512.0, 513.0, 512.0, 512.0, 511.0, 512.0, 511.0, 513.0, 512.0, 512.0, 513.0, 513.0, 512.0, 513.0, 511.0, 513.0, 513.0, 512.0, 512.0, 513.0, 512.0, 512.0, 513.0, 512.0, 512.0, 512.0, 512.0, 511.0, 513.0, 512.0, 512.0, 512.0, 513.0, 512.0, 512.0, 511.0, 511.0, 513.0, 512.0, 515.0, 513.0, 512.0, 514.0, 513.0, 514.0, 512.0, 512.0, 513.0, 513.0, 512.0, 511.0, 513.0, 512.0, 512.0, 512.0, 511.0, 513.0, 512.0, 511.0, 513.0, 512.0, 512.0, 513.0, 512.0, 513.0, 511.0, 512.0, 513.0, 513.0, 512.0, 513.0, 513.0, 512.0, 510.0, 513.0, 513.0, 511.0, 512.0]
Crossover offspring noisy fitness: [512.0, 513.0, 512.0, 512.0, 512.0, 512.0, 513.0, 512.0, 512.0, 511.0, 512.0, 512.0, 513.0, 514.0, 511.0, 511.0, 514.0, 514.0, 513.0, 511.0, 513.0, 513.0, 513.0, 513.0, 513.0, 512.0, 512.0, 511.0, 512.0, 511.0, 513.0, 512.0, 512.0, 513.0, 513.0, 512.0, 513.0, 511.0, 513.0, 513.0, 512.0, 512.0, 513.0, 512.0, 512.0, 513.0, 512.0, 512.0, 512.0, 512.0, 511.0, 513.0, 512.0, 512.0, 512.0, 513.0, 512.0, 512.0, 511.0, 511.0, 513.0, 512.0, 515.0, 513.0, 512.0, 514.0, 513.0, 514.0, 512.0, 512.0, 513.0, 513.0, 512.0, 511.0, 513.0, 512.0, 512.0, 512.0, 511.0, 513.0, 512.0, 511.0, 514.0, 513.0, 513.0, 513.0, 512.0, 514.0, 511.0, 512.0, 513.0, 513.0, 512.0, 513.0, 513.0, 512.0, 510.0, 513.0, 513.0, 511.0, 513.0]

l: 90
Real fitness of mutation winner: 528.0
Noisy fitness of mutation winner: 528.0
Crossover offspring real fitness: [511.0, 513.0, 511.0, 512.0, 512.0, 511.0, 512.0, 511.0, 512.0, 512.0, 512.0, 512.0, 512.0, 511.0, 512.0, 512.0, 513.0, 513.0, 511.0, 512.0, 512.0, 511.0, 513.0, 512.0, 514.0, 513.0, 512.0, 512.0, 513.0, 512.0, 512.0, 513.0, 512.0, 513.0, 513.0, 512.0, 513.0, 512.0, 512.0, 511.0, 512.0, 511.0, 513.0, 513.0, 514.0, 512.0, 514.0, 510.0, 512.0, 515.0, 511.0, 511.0, 512.0, 511.0, 512.0, 512.0, 513.0, 513.0, 510.0, 512.0, 514.0, 511.0, 512.0, 514.0, 512.0, 512.0, 511.0, 513.0, 512.0, 513.0, 513.0, 512.0, 512.0, 512.0, 512.0, 512.0, 512.0, 511.0, 513.0, 512.0, 511.0, 512.0, 512.0, 512.0, 511.0, 513.0, 511.0, 511.0, 511.0, 511.0, 514.0, 513.0, 514.0, 512.0, 513.0, 512.0, 512.0, 512.0, 512.0, 512.0, 512.0]
Crossover offspring noisy fitness: [511.0, 513.0, 511.0, 512.0, 512.0, 511.0, 512.0, 511.0, 512.0, 512.0, 512.0, 512.0, 512.0, 511.0, 512.0, 512.0, 513.0, 513.0, 511.0, 512.0, 512.0, 511.0, 513.0, 512.0, 514.0, 513.0, 512.0, 512.0, 513.0, 511.0, 511.0, 513.0, 512.0, 513.0, 513.0, 512.0, 513.0, 511.0, 512.0, 511.0, 512.0, 511.0, 513.0, 513.0, 514.0, 512.0, 514.0, 510.0, 512.0, 515.0, 511.0, 511.0, 513.0, 511.0, 512.0, 512.0, 513.0, 513.0, 510.0, 512.0, 514.0, 511.0, 512.0, 514.0, 512.0, 512.0, 511.0, 513.0, 511.0, 513.0, 513.0, 512.0, 512.0, 512.0, 512.0, 512.0, 512.0, 511.0, 513.0, 512.0, 511.0, 512.0, 512.0, 512.0, 511.0, 513.0, 511.0, 511.0, 511.0, 511.0, 514.0, 513.0, 514.0, 512.0, 513.0, 512.0, 512.0, 512.0, 512.0, 512.0, 512.0]

