l: 112
Real fitness of mutation winner: 544.0
Noisy fitness of mutation winner: 544.0
Crossover offspring real fitness: [512.0, 512.0, 512.0, 514.0, 514.0, 512.0, 512.0, 512.0, 512.0, 512.0, 514.0, 512.0, 512.0, 513.0, 511.0, 513.0, 513.0, 512.0, 513.0, 515.0, 510.0, 512.0, 512.0, 513.0, 512.0, 511.0, 511.0, 512.0, 513.0, 512.0, 514.0, 512.0, 512.0, 512.0, 511.0, 513.0, 513.0, 513.0, 512.0, 515.0, 513.0, 512.0, 513.0, 513.0, 513.0, 512.0, 512.0, 513.0, 512.0, 512.0, 513.0, 515.0, 511.0, 512.0, 512.0, 511.0, 511.0, 513.0, 513.0, 511.0, 514.0, 512.0, 512.0, 512.0, 512.0, 512.0, 511.0, 514.0, 512.0, 513.0, 511.0, 513.0, 512.0, 512.0, 512.0, 513.0, 513.0, 511.0, 514.0, 511.0, 513.0, 512.0, 513.0, 511.0, 511.0, 512.0, 513.0, 512.0, 513.0, 511.0, 512.0, 512.0, 513.0, 513.0, 513.0, 514.0, 513.0, 511.0, 512.0, 512.0, 513.0]
Crossover offspring noisy fitness: [512.0, 514.0, 512.0, 514.0, 514.0, 512.0, 512.0, 512.0, 512.0, 512.0, 514.0, 512.0, 512.0, 513.0, 511.0, 513.0, 513.0, 512.0, 513.0, 515.0, 510.0, 512.0, 512.0, 513.0, 512.0, 511.0, 511.0, 512.0, 513.0, 512.0, 514.0, 512.0, 512.0, 512.0, 511.0, 513.0, 513.0, 513.0, 512.0, 515.0, 513.0, 512.0, 513.0, 513.0, 513.0, 512.0, 512.0, 513.0, 512.0, 512.0, 512.0, 515.0, 511.0, 512.0, 512.0, 511.0, 511.0, 513.0, 513.0, 511.0, 513.0, 512.0, 512.0, 512.0, 512.0, 512.0, 511.0, 514.0, 513.0, 513.0, 511.0, 514.0, 512.0, 512.0, 512.0, 513.0, 513.0, 511.0, 514.0, 511.0, 513.0, 512.0, 513.0, 511.0, 511.0, 512.0, 513.0, 511.0, 513.0, 511.0, 512.0, 512.0, 513.0, 513.0, 513.0, 514.0, 513.0, 511.0, 512.0, 512.0, 513.0]

l: 108
Real fitness of mutation winner: 548.0
Noisy fitness of mutation winner: 548.0
Crossover offspring real fitness: [514.0, 513.0, 513.0, 513.0, 511.0, 512.0, 511.0, 514.0, 515.0, 512.0, 513.0, 512.0, 514.0, 514.0, 513.0, 512.0, 512.0, 513.0, 513.0, 513.0, 512.0, 511.0, 514.0, 512.0, 512.0, 512.0, 513.0, 512.0, 512.0, 513.0, 513.0, 511.0, 512.0, 510.0, 511.0, 513.0, 512.0, 511.0, 511.0, 513.0, 513.0, 512.0, 514.0, 512.0, 511.0, 513.0, 512.0, 512.0, 513.0, 514.0, 513.0, 512.0, 511.0, 512.0, 512.0, 512.0, 512.0, 513.0, 514.0, 511.0, 512.0, 514.0, 512.0, 513.0, 513.0, 513.0, 514.0, 512.0, 513.0, 511.0, 513.0, 512.0, 513.0, 511.0, 512.0, 512.0, 513.0, 514.0, 512.0, 513.0, 512.0, 513.0, 513.0, 513.0, 513.0, 514.0, 514.0, 512.0, 512.0, 513.0, 513.0, 511.0, 512.0, 512.0, 511.0, 514.0, 512.0, 514.0, 513.0, 512.0, 513.0]
Crossover offspring noisy fitness: [514.0, 513.0, 513.0, 512.0, 511.0, 512.0, 511.0, 514.0, 515.0, 512.0, 513.0, 512.0, 514.0, 514.0, 513.0, 512.0, 512.0, 513.0, 512.0, 513.0, 512.0, 511.0, 514.0, 512.0, 512.0, 512.0, 513.0, 512.0, 512.0, 513.0, 513.0, 511.0, 512.0, 510.0, 511.0, 513.0, 512.0, 511.0, 512.0, 513.0, 513.0, 511.0, 514.0, 512.0, 511.0, 512.0, 512.0, 512.0, 513.0, 514.0, 513.0, 512.0, 511.0, 512.0, 512.0, 512.0, 512.0, 513.0, 514.0, 511.0, 512.0, 514.0, 512.0, 513.0, 513.0, 513.0, 513.0, 512.0, 513.0, 511.0, 513.0, 512.0, 513.0, 511.0, 512.0, 512.0, 513.0, 514.0, 513.0, 513.0, 512.0, 513.0, 513.0, 513.0, 513.0, 514.0, 514.0, 512.0, 512.0, 513.0, 513.0, 511.0, 512.0, 512.0, 511.0, 514.0, 512.0, 514.0, 513.0, 512.0, 513.0]

l: 94
Real fitness of mutation winner: 534.0
Noisy fitness of mutation winner: 534.0
Crossover offspring real fitness: [513.0, 513.0, 511.0, 513.0, 511.0, 512.0, 512.0, 511.0, 512.0, 512.0, 511.0, 512.0, 512.0, 513.0, 511.0, 512.0, 512.0, 514.0, 511.0, 512.0, 513.0, 513.0, 512.0, 514.0, 513.0, 513.0, 512.0, 510.0, 512.0, 513.0, 512.0, 515.0, 512.0, 512.0, 512.0, 512.0, 512.0, 511.0, 511.0, 511.0, 513.0, 512.0, 513.0, 513.0, 512.0, 513.0, 510.0, 511.0, 512.0, 513.0, 511.0, 512.0, 513.0, 511.0, 513.0, 513.0, 514.0, 512.0, 512.0, 511.0, 512.0, 512.0, 511.0, 511.0, 512.0, 512.0, 513.0, 513.0, 513.0, 513.0, 512.0, 510.0, 512.0, 512.0, 511.0, 513.0, 512.0, 513.0, 511.0, 514.0, 512.0, 513.0, 510.0, 513.0, 513.0, 513.0, 511.0, 512.0, 512.0, 512.0, 513.0, 512.0, 512.0, 510.0, 511.0, 512.0, 512.0, 511.0, 513.0, 513.0, 512.0]
Crossover offspring noisy fitness: [513.0, 513.0, 511.0, 513.0, 511.0, 512.0, 512.0, 512.0, 512.0, 512.0, 511.0, 512.0, 512.0, 513.0, 511.0, 512.0, 512.0, 514.0, 511.0, 512.0, 513.0, 513.0, 513.0, 514.0, 513.0, 514.0, 512.0, 510.0, 512.0, 513.0, 512.0, 515.0, 513.0, 512.0, 512.0, 512.0, 512.0, 511.0, 511.0, 512.0, 513.0, 512.0, 514.0, 513.0, 512.0, 513.0, 510.0, 511.0, 512.0, 514.0, 511.0, 512.0, 513.0, 511.0, 513.0, 513.0, 514.0, 512.0, 512.0, 510.0, 512.0, 512.0, 511.0, 511.0, 512.0, 512.0, 513.0, 513.0, 513.0, 514.0, 512.0, 510.0, 512.0, 512.0, 511.0, 513.0, 512.0, 513.0, 511.0, 514.0, 511.0, 513.0, 510.0, 513.0, 513.0, 512.0, 511.0, 512.0, 512.0, 512.0, 512.0, 512.0, 512.0, 510.0, 511.0, 512.0, 512.0, 511.0, 513.0, 513.0, 512.0]

l: 97
Real fitness of mutation winner: 535.0
Noisy fitness of mutation winner: 535.0
Crossover offspring real fitness: [512.0, 512.0, 513.0, 513.0, 511.0, 515.0, 513.0, 512.0, 511.0, 511.0, 512.0, 512.0, 512.0, 512.0, 512.0, 511.0, 510.0, 512.0, 513.0, 511.0, 512.0, 512.0, 512.0, 512.0, 514.0, 511.0, 513.0, 511.0, 512.0, 513.0, 512.0, 512.0, 513.0, 511.0, 512.0, 512.0, 512.0, 514.0, 513.0, 511.0, 512.0, 511.0, 512.0, 512.0, 512.0, 512.0, 512.0, 512.0, 511.0, 515.0, 514.0, 513.0, 513.0, 514.0, 511.0, 514.0, 512.0, 511.0, 512.0, 512.0, 512.0, 512.0, 511.0, 514.0, 512.0, 511.0, 512.0, 512.0, 512.0, 513.0, 512.0, 513.0, 510.0, 512.0, 512.0, 512.0, 511.0, 514.0, 512.0, 512.0, 511.0, 513.0, 512.0, 510.0, 512.0, 512.0, 512.0, 513.0, 511.0, 512.0, 514.0, 511.0, 511.0, 512.0, 513.0, 514.0, 512.0, 512.0, 512.0, 512.0, 513.0]
Crossover offspring noisy fitness: [512.0, 512.0, 513.0, 513.0, 511.0, 515.0, 513.0, 512.0, 511.0, 511.0, 512.0, 512.0, 512.0, 512.0, 512.0, 511.0, 510.0, 512.0, 513.0, 511.0, 512.0, 512.0, 512.0, 513.0, 514.0, 511.0, 513.0, 511.0, 512.0, 513.0, 512.0, 512.0, 513.0, 511.0, 512.0, 512.0, 512.0, 514.0, 513.0, 511.0, 512.0, 511.0, 512.0, 512.0, 512.0, 512.0, 512.0, 512.0, 511.0, 515.0, 514.0, 512.0, 513.0, 514.0, 511.0, 513.0, 512.0, 511.0, 512.0, 512.0, 512.0, 512.0, 511.0, 514.0, 512.0, 511.0, 512.0, 512.0, 512.0, 513.0, 512.0, 513.0, 510.0, 512.0, 512.0, 511.0, 511.0, 514.0, 512.0, 512.0, 511.0, 513.0, 512.0, 510.0, 512.0, 512.0, 512.0, 513.0, 511.0, 512.0, 514.0, 511.0, 511.0, 512.0, 513.0, 514.0, 512.0, 512.0, 511.0, 512.0, 513.0]

