l: 41
Real fitness of mutation winner: 525.0
Noisy fitness of mutation winner: 525.0
Crossover offspring real fitness: [513.0, 513.0, 516.0, 513.0, 514.0, 512.0, 513.0, 514.0, 513.0, 513.0, 512.0, 512.0, 512.0, 512.0, 512.0, 512.0, 513.0, 512.0, 511.0, 513.0, 513.0, 512.0, 513.0, 513.0, 512.0, 513.0, 515.0, 514.0, 512.0, 512.0, 511.0, 511.0]
Crossover offspring noisy fitness: [512.0, 513.0, 516.0, 513.0, 514.0, 512.0, 513.0, 514.0, 513.0, 513.0, 512.0, 512.0, 512.0, 511.0, 512.0, 512.0, 513.0, 513.0, 511.0, 513.0, 513.0, 512.0, 513.0, 513.0, 512.0, 513.0, 515.0, 515.0, 512.0, 512.0, 511.0, 511.0]

l: 31
Real fitness of mutation winner: 525.0
Noisy fitness of mutation winner: 525.0
Crossover offspring real fitness: [514.0, 514.0, 512.0, 514.0, 512.0, 512.0, 512.0, 512.0, 512.0, 512.0, 512.0, 513.0, 512.0, 512.0, 512.0, 513.0, 513.0, 512.0, 511.0, 512.0, 512.0, 512.0, 512.0, 513.0, 512.0, 512.0, 512.0, 513.0, 511.0, 512.0, 512.0, 514.0]
Crossover offspring noisy fitness: [514.0, 513.0, 512.0, 514.0, 512.0, 512.0, 512.0, 512.0, 512.0, 512.0, 512.0, 513.0, 512.0, 512.0, 512.0, 512.0, 513.0, 512.0, 511.0, 512.0, 512.0, 512.0, 512.0, 513.0, 512.0, 512.0, 512.0, 513.0, 511.0, 512.0, 512.0, 514.0]

l: 27
Real fitness of mutation winner: 521.0
Noisy fitness of mutation winner: 521.0
Crossover offspring real fitness: [512.0, 512.0, 513.0, 512.0, 510.0, 513.0, 512.0, 512.0, 513.0, 512.0, 513.0, 512.0, 512.0, 512.0, 512.0, 514.0, 512.0, 512.0, 512.0, 511.0, 514.0, 512.0, 513.0, 512.0, 512.0, 512.0, 511.0, 512.0, 512.0, 512.0, 512.0, 511.0]
Crossover offspring noisy fitness: [512.0, 512.0, 513.0, 512.0, 510.0, 513.0, 512.0, 512.0, 513.0, 512.0, 513.0, 512.0, 512.0, 512.0, 512.0, 514.0, 512.0, 512.0, 512.0, 511.0, 514.0, 512.0, 513.0, 512.0, 511.0, 512.0, 511.0, 512.0, 512.0, 512.0, 512.0, 511.0]

l: 37
Real fitness of mutation winner: 519.0
Noisy fitness of mutation winner: 519.0
Crossover offspring real fitness: [512.0, 512.0, 512.0, 515.0, 514.0, 513.0, 512.0, 512.0, 512.0, 512.0, 512.0, 512.0, 511.0, 513.0, 510.0, 512.0, 512.0, 515.0, 513.0, 511.0, 514.0, 513.0, 512.0, 512.0, 512.0, 512.0, 511.0, 510.0, 513.0, 513.0, 512.0, 513.0]
Crossover offspring noisy fitness: [512.0, 512.0, 512.0, 515.0, 514.0, 513.0, 512.0, 512.0, 512.0, 512.0, 512.0, 512.0, 511.0, 513.0, 510.0, 512.0, 512.0, 515.0, 513.0, 511.0, 514.0, 513.0, 511.0, 512.0, 512.0, 512.0, 511.0, 510.0, 512.0, 513.0, 512.0, 513.0]

