l: 23
Fitness of mutation winner: 73.0
Crossover offspring real fitness: [65.0, 64.0, 64.0, 64.0, 65.0, 65.0, 64.0, 66.0, 65.0, 64.0, 64.0, 66.0, 65.0, 64.0, 65.0, 66.0, 65.0, 63.0, 64.0, 64.0, 64.0, 64.0, 64.0, 65.0, 64.0]
Crossover offspring noisy fitness: [65.0, 64.0, 64.0, 64.0, 65.0, 65.0, 64.0, 66.0, 65.0, 64.0, 64.0, 66.0, 65.0, 64.0, 65.0, 66.0, 65.0, 63.0, 64.0, 64.0, 64.0, 64.0, 64.0, 64.0, 64.0]

l: 20
Fitness of mutation winner: 72.0
Crossover offspring real fitness: [64.0, 65.0, 65.0, 64.0, 64.0, 66.0, 64.0, 64.0, 65.0, 64.0, 64.0, 65.0, 63.0, 64.0, 66.0, 64.0, 65.0, 65.0, 65.0, 64.0, 64.0, 63.0, 65.0, 64.0, 65.0]
Crossover offspring noisy fitness: [64.0, 65.0, 65.0, 64.0, 64.0, 66.0, 64.0, 64.0, 65.0, 64.0, 64.0, 65.0, 63.0, 64.0, 66.0, 64.0, 65.0, 65.0, 65.0, 64.0, 65.0, 63.0, 65.0, 64.0, 65.0]

l: 26
Fitness of mutation winner: 72.0
Crossover offspring real fitness: [66.0, 64.0, 64.0, 65.0, 65.0, 64.0, 64.0, 64.0, 64.0, 64.0, 64.0, 63.0, 64.0, 64.0, 64.0, 64.0, 65.0, 65.0, 65.0, 64.0, 64.0, 64.0, 64.0, 63.0, 66.0]
Crossover offspring noisy fitness: [66.0, 64.0, 64.0, 65.0, 65.0, 64.0, 65.0, 64.0, 64.0, 64.0, 64.0, 63.0, 64.0, 64.0, 64.0, 64.0, 65.0, 65.0, 65.0, 64.0, 64.0, 63.0, 64.0, 63.0, 65.0]

l: 23
Fitness of mutation winner: 73.0
Crossover offspring real fitness: [65.0, 65.0, 65.0, 65.0, 64.0, 64.0, 63.0, 64.0, 64.0, 64.0, 65.0, 64.0, 63.0, 63.0, 64.0, 65.0, 64.0, 64.0, 65.0, 64.0, 65.0, 63.0, 64.0, 65.0, 64.0]
Crossover offspring noisy fitness: [66.0, 65.0, 65.0, 65.0, 64.0, 64.0, 63.0, 64.0, 64.0, 64.0, 66.0, 64.0, 63.0, 63.0, 64.0, 65.0, 64.0, 64.0, 65.0, 64.0, 65.0, 63.0, 64.0, 65.0, 64.0]

