l: 24
Fitness of mutation winner: 72.0
Crossover offspring real fitness: [63.0, 64.0, 64.0, 66.0, 64.0, 63.0, 64.0, 64.0, 64.0, 66.0, 65.0, 64.0, 63.0, 65.0, 65.0, 63.0, 64.0, 64.0, 62.0, 64.0, 63.0, 64.0, 64.0, 64.0, 64.0]
Crossover offspring noisy fitness: [63.0, 64.0, 64.0, 66.0, 64.0, 63.0, 64.0, 64.0, 64.0, 66.0, 65.0, 64.0, 63.0, 65.0, 65.0, 62.0, 64.0, 64.0, 62.0, 64.0, 63.0, 63.0, 64.0, 64.0, 64.0]

l: 24
Fitness of mutation winner: 72.0
Crossover offspring real fitness: [62.0, 64.0, 64.0, 64.0, 66.0, 67.0, 65.0, 64.0, 65.0, 64.0, 64.0, 65.0, 64.0, 65.0, 64.0, 65.0, 64.0, 63.0, 64.0, 66.0, 64.0, 64.0, 65.0, 66.0, 64.0]
Crossover offspring noisy fitness: [62.0, 64.0, 64.0, 64.0, 66.0, 67.0, 64.0, 64.0, 65.0, 64.0, 63.0, 65.0, 64.0, 65.0, 64.0, 65.0, 64.0, 63.0, 64.0, 66.0, 64.0, 64.0, 65.0, 66.0, 64.0]

l: 24
Fitness of mutation winner: 72.0
Crossover offspring real fitness: [64.0, 64.0, 62.0, 64.0, 64.0, 63.0, 64.0, 64.0, 66.0, 64.0, 65.0, 65.0, 65.0, 64.0, 63.0, 66.0, 64.0, 65.0, 64.0, 66.0, 66.0, 65.0, 65.0, 64.0, 64.0]
Crossover offspring noisy fitness: [64.0, 64.0, 62.0, 64.0, 64.0, 63.0, 64.0, 64.0, 66.0, 64.0, 65.0, 65.0, 65.0, 64.0, 63.0, 66.0, 64.0, 65.0, 65.0, 66.0, 66.0, 65.0, 65.0, 64.0, 64.0]

l: 23
Fitness of mutation winner: 69.0
Crossover offspring real fitness: [64.0, 64.0, 64.0, 61.0, 64.0, 64.0, 64.0, 65.0, 64.0, 64.0, 64.0, 65.0, 63.0, 64.0, 65.0, 64.0, 64.0, 63.0, 66.0, 64.0, 64.0, 64.0, 64.0, 64.0, 65.0]
Crossover offspring noisy fitness: [64.0, 64.0, 64.0, 61.0, 64.0, 64.0, 64.0, 65.0, 64.0, 64.0, 64.0, 65.0, 63.0, 64.0, 65.0, 64.0, 64.0, 63.0, 66.0, 65.0, 64.0, 64.0, 64.0, 64.0, 64.0]

