l: 18
Fitness of mutation winner: 72.0
Crossover offspring real fitness: [63.0, 65.0, 64.0, 64.0, 64.0, 64.0, 64.0, 64.0, 65.0, 65.0, 65.0, 66.0, 64.0, 65.0, 64.0, 66.0, 65.0, 64.0, 65.0, 64.0, 64.0, 65.0, 64.0, 63.0, 64.0]
Crossover offspring noisy fitness: [63.0, 65.0, 64.0, 64.0, 64.0, 64.0, 64.0, 64.0, 65.0, 65.0, 65.0, 66.0, 64.0, 65.0, 64.0, 66.0, 65.0, 64.0, 65.0, 64.0, 64.0, 65.0, 64.0, 63.0, 64.0]

l: 21
Fitness of mutation winner: 74.0
Crossover offspring real fitness: [65.0, 64.0, 65.0, 66.0, 66.0, 64.0, 64.0, 65.0, 64.0, 66.0, 64.0, 65.0, 65.0, 64.0, 68.0, 64.0, 64.0, 64.0, 64.0, 64.0, 66.0, 64.0, 64.0, 65.0, 63.0]
Crossover offspring noisy fitness: [65.0, 64.0, 65.0, 66.0, 66.0, 64.0, 64.0, 65.0, 64.0, 66.0, 64.0, 65.0, 65.0, 64.0, 68.0, 64.0, 64.0, 64.0, 64.0, 64.0, 66.0, 64.0, 64.0, 65.0, 63.0]

l: 29
Fitness of mutation winner: 71.0
Crossover offspring real fitness: [64.0, 63.0, 64.0, 63.0, 65.0, 64.0, 64.0, 65.0, 62.0, 64.0, 66.0, 65.0, 65.0, 63.0, 64.0, 64.0, 64.0, 64.0, 65.0, 64.0, 63.0, 66.0, 65.0, 63.0, 66.0]
Crossover offspring noisy fitness: [64.0, 63.0, 64.0, 63.0, 65.0, 64.0, 64.0, 65.0, 62.0, 64.0, 66.0, 65.0, 65.0, 63.0, 64.0, 64.0, 64.0, 64.0, 65.0, 64.0, 63.0, 66.0, 65.0, 63.0, 66.0]

l: 22
Fitness of mutation winner: 70.0
Crossover offspring real fitness: [64.0, 65.0, 63.0, 66.0, 63.0, 66.0, 63.0, 65.0, 64.0, 63.0, 63.0, 65.0, 62.0, 64.0, 64.0, 64.0, 64.0, 65.0, 64.0, 64.0, 65.0, 64.0, 64.0, 64.0, 65.0]
Crossover offspring noisy fitness: [64.0, 65.0, 63.0, 66.0, 63.0, 66.0, 62.0, 65.0, 64.0, 63.0, 64.0, 65.0, 62.0, 64.0, 64.0, 64.0, 64.0, 65.0, 64.0, 64.0, 65.0, 64.0, 64.0, 64.0, 65.0]

