l: 23
Fitness of mutation winner: 73.0
Crossover offspring real fitness: [64.0, 63.0, 64.0, 66.0, 64.0, 64.0, 64.0, 65.0, 65.0, 63.0, 64.0, 64.0, 66.0, 64.0, 64.0, 63.0, 64.0, 65.0, 63.0, 66.0, 65.0, 66.0, 64.0, 64.0, 64.0]
Crossover offspring noisy fitness: [64.0, 63.0, 64.0, 66.0, 64.0, 64.0, 64.0, 65.0, 65.0, 63.0, 64.0, 64.0, 66.0, 64.0, 64.0, 63.0, 64.0, 65.0, 63.0, 66.0, 65.0, 66.0, 64.0, 64.0, 64.0]

l: 29
Fitness of mutation winner: 73.0
Crossover offspring real fitness: [64.0, 64.0, 65.0, 64.0, 65.0, 65.0, 65.0, 63.0, 64.0, 66.0, 63.0, 65.0, 66.0, 64.0, 65.0, 65.0, 64.0, 63.0, 66.0, 64.0, 66.0, 64.0, 64.0, 66.0, 64.0]
Crossover offspring noisy fitness: [64.0, 64.0, 65.0, 64.0, 65.0, 65.0, 65.0, 63.0, 64.0, 66.0, 63.0, 65.0, 66.0, 64.0, 65.0, 65.0, 65.0, 63.0, 66.0, 64.0, 66.0, 64.0, 64.0, 65.0, 64.0]

l: 34
Fitness of mutation winner: 78.0
Crossover offspring real fitness: [65.0, 65.0, 60.0, 65.0, 65.0, 64.0, 63.0, 64.0, 64.0, 63.0, 64.0, 64.0, 67.0, 64.0, 66.0, 64.0, 63.0, 65.0, 65.0, 64.0, 65.0, 64.0, 65.0, 65.0, 64.0]
Crossover offspring noisy fitness: [64.0, 65.0, 60.0, 65.0, 65.0, 64.0, 63.0, 64.0, 65.0, 63.0, 64.0, 64.0, 67.0, 64.0, 66.0, 65.0, 63.0, 66.0, 65.0, 64.0, 65.0, 64.0, 65.0, 65.0, 64.0]

l: 17
Fitness of mutation winner: 75.0
Crossover offspring real fitness: [64.0, 64.0, 63.0, 64.0, 64.0, 66.0, 65.0, 64.0, 65.0, 65.0, 63.0, 63.0, 64.0, 64.0, 66.0, 64.0, 64.0, 64.0, 64.0, 64.0, 64.0, 65.0, 64.0, 63.0, 65.0]
Crossover offspring noisy fitness: [64.0, 64.0, 63.0, 64.0, 64.0, 66.0, 65.0, 64.0, 65.0, 65.0, 63.0, 63.0, 64.0, 64.0, 67.0, 64.0, 64.0, 64.0, 64.0, 64.0, 64.0, 65.0, 64.0, 63.0, 65.0]

