l: 24
Fitness of mutation winner: 76.0
Crossover offspring real fitness: [62.0, 64.0, 63.0, 64.0, 65.0, 64.0, 65.0, 65.0, 65.0, 64.0, 64.0, 64.0, 64.0, 65.0, 66.0, 65.0, 64.0, 65.0, 65.0, 64.0, 65.0, 65.0, 64.0, 64.0, 64.0]
Crossover offspring noisy fitness: [62.0, 64.0, 64.0, 64.0, 65.0, 64.0, 65.0, 65.0, 65.0, 64.0, 64.0, 64.0, 64.0, 65.0, 66.0, 65.0, 64.0, 65.0, 64.0, 64.0, 65.0, 65.0, 65.0, 64.0, 64.0]

l: 32
Fitness of mutation winner: 72.0
Crossover offspring real fitness: [64.0, 64.0, 63.0, 64.0, 64.0, 64.0, 65.0, 65.0, 64.0, 65.0, 64.0, 65.0, 64.0, 65.0, 65.0, 64.0, 63.0, 65.0, 66.0, 65.0, 64.0, 65.0, 65.0, 64.0, 65.0]
Crossover offspring noisy fitness: [64.0, 64.0, 63.0, 64.0, 64.0, 65.0, 65.0, 65.0, 64.0, 65.0, 64.0, 65.0, 64.0, 64.0, 65.0, 64.0, 63.0, 65.0, 66.0, 65.0, 64.0, 65.0, 65.0, 64.0, 65.0]

l: 25
Fitness of mutation winner: 75.0
Crossover offspring real fitness: [64.0, 64.0, 65.0, 63.0, 64.0, 65.0, 64.0, 65.0, 64.0, 64.0, 63.0, 63.0, 63.0, 66.0, 65.0, 66.0, 64.0, 65.0, 63.0, 65.0, 65.0, 64.0, 64.0, 64.0, 65.0]
Crossover offspring noisy fitness: [64.0, 65.0, 66.0, 63.0, 65.0, 65.0, 64.0, 65.0, 64.0, 64.0, 63.0, 63.0, 63.0, 65.0, 65.0, 66.0, 64.0, 65.0, 63.0, 65.0, 65.0, 64.0, 64.0, 64.0, 65.0]

l: 23
Fitness of mutation winner: 77.0
Crossover offspring real fitness: [64.0, 65.0, 66.0, 65.0, 65.0, 64.0, 67.0, 66.0, 63.0, 64.0, 66.0, 65.0, 65.0, 64.0, 64.0, 65.0, 64.0, 65.0, 65.0, 65.0, 65.0, 64.0, 64.0, 64.0, 63.0]
Crossover offspring noisy fitness: [64.0, 65.0, 66.0, 65.0, 65.0, 64.0, 67.0, 66.0, 63.0, 64.0, 66.0, 65.0, 65.0, 64.0, 64.0, 65.0, 64.0, 65.0, 65.0, 65.0, 65.0, 64.0, 64.0, 64.0, 63.0]

