l: 41
Real fitness of mutation winner: 1035.0
Noisy fitness of mutation winner: 1035.0
Crossover offspring real fitness: [1024.0, 1024.0, 1025.0, 1026.0, 1023.0, 1025.0, 1024.0, 1025.0, 1025.0, 1023.0, 1025.0, 1024.0, 1023.0, 1024.0, 1023.0, 1025.0, 1024.0, 1024.0, 1024.0, 1024.0, 1025.0, 1024.0, 1023.0, 1025.0, 1024.0, 1025.0, 1023.0, 1025.0, 1026.0, 1024.0, 1025.0, 1025.0, 1024.0, 1025.0, 1026.0, 1025.0, 1024.0, 1025.0, 1024.0, 1022.0, 1025.0, 1026.0, 1025.0, 1024.0, 1024.0]
Crossover offspring noisy fitness: [1024.0, 1024.0, 1025.0, 1026.0, 1023.0, 1025.0, 1024.0, 1025.0, 1025.0, 1023.0, 1026.0, 1024.0, 1023.0, 1024.0, 1023.0, 1025.0, 1024.0, 1024.0, 1024.0, 1024.0, 1025.0, 1024.0, 1023.0, 1025.0, 1024.0, 1025.0, 1023.0, 1025.0, 1026.0, 1024.0, 1025.0, 1025.0, 1024.0, 1025.0, 1026.0, 1025.0, 1024.0, 1025.0, 1024.0, 1022.0, 1025.0, 1026.0, 1025.0, 1024.0, 1023.0]
Is bad individual winner: 0

l: 39
Real fitness of mutation winner: 1039.0
Noisy fitness of mutation winner: 1039.0
Crossover offspring real fitness: [1024.0, 1024.0, 1025.0, 1024.0, 1024.0, 1025.0, 1025.0, 1026.0, 1026.0, 1024.0, 1024.0, 1025.0, 1024.0, 1025.0, 1024.0, 1024.0, 1026.0, 1024.0, 1024.0, 1024.0, 1023.0, 1024.0, 1025.0, 1023.0, 1024.0, 1024.0, 1026.0, 1025.0, 1024.0, 1024.0, 1024.0, 1023.0, 1024.0, 1028.0, 1024.0, 1024.0, 1025.0, 1025.0, 1025.0, 1023.0, 1022.0, 1024.0, 1023.0, 1024.0, 1023.0]
Crossover offspring noisy fitness: [1024.0, 1024.0, 1025.0, 1024.0, 1024.0, 1025.0, 1025.0, 1026.0, 1026.0, 1024.0, 1024.0, 1025.0, 1024.0, 1025.0, 1024.0, 1024.0, 1026.0, 1024.0, 1024.0, 1024.0, 1024.0, 1024.0, 1025.0, 1023.0, 1025.0, 1024.0, 1026.0, 1025.0, 1024.0, 1024.0, 1024.0, 1023.0, 1024.0, 1028.0, 1024.0, 1024.0, 1025.0, 1025.0, 1025.0, 1023.0, 1022.0, 1024.0, 1023.0, 1024.0, 1023.0]
Is bad individual winner: 0

l: 40
Real fitness of mutation winner: 1038.0
Noisy fitness of mutation winner: 1038.0
Crossover offspring real fitness: [1024.0, 1024.0, 1024.0, 1024.0, 1025.0, 1024.0, 1023.0, 1024.0, 1024.0, 1025.0, 1024.0, 1023.0, 1024.0, 1024.0, 1025.0, 1023.0, 1025.0, 1024.0, 1024.0, 1024.0, 1023.0, 1025.0, 1026.0, 1024.0, 1023.0, 1024.0, 1026.0, 1024.0, 1023.0, 1025.0, 1024.0, 1023.0, 1025.0, 1024.0, 1024.0, 1024.0, 1022.0, 1024.0, 1025.0, 1023.0, 1024.0, 1025.0, 1025.0, 1024.0, 1025.0]
Crossover offspring noisy fitness: [1024.0, 1024.0, 1024.0, 1024.0, 1025.0, 1024.0, 1023.0, 1024.0, 1024.0, 1025.0, 1024.0, 1023.0, 1024.0, 1024.0, 1025.0, 1023.0, 1025.0, 1024.0, 1024.0, 1024.0, 1023.0, 1025.0, 1026.0, 1024.0, 1023.0, 1024.0, 1026.0, 1024.0, 1023.0, 1025.0, 1024.0, 1023.0, 1025.0, 1024.0, 1024.0, 1024.0, 1022.0, 1024.0, 1025.0, 1023.0, 1024.0, 1025.0, 1025.0, 1024.0, 1025.0]
Is bad individual winner: 0

l: 46
Real fitness of mutation winner: 1042.0
Noisy fitness of mutation winner: 1042.0
Crossover offspring real fitness: [1025.0, 1023.0, 1024.0, 1025.0, 1023.0, 1024.0, 1024.0, 1022.0, 1025.0, 1024.0, 1023.0, 1024.0, 1024.0, 1025.0, 1026.0, 1024.0, 1022.0, 1025.0, 1024.0, 1024.0, 1024.0, 1024.0, 1024.0, 1025.0, 1024.0, 1025.0, 1026.0, 1024.0, 1024.0, 1024.0, 1024.0, 1025.0, 1024.0, 1022.0, 1023.0, 1024.0, 1023.0, 1024.0, 1024.0, 1024.0, 1025.0, 1025.0, 1023.0, 1026.0, 1024.0]
Crossover offspring noisy fitness: [1025.0, 1023.0, 1024.0, 1025.0, 1023.0, 1024.0, 1024.0, 1022.0, 1025.0, 1024.0, 1023.0, 1024.0, 1024.0, 1025.0, 1026.0, 1024.0, 1022.0, 1025.0, 1024.0, 1024.0, 1024.0, 1023.0, 1024.0, 1025.0, 1024.0, 1025.0, 1026.0, 1024.0, 1024.0, 1024.0, 1024.0, 1025.0, 1024.0, 1022.0, 1023.0, 1024.0, 1023.0, 1024.0, 1024.0, 1024.0, 1025.0, 1025.0, 1023.0, 1026.0, 1024.0]
Is bad individual winner: 0

