l: 164
Real fitness of mutation winner: 1056.0
Noisy fitness of mutation winner: 1056.0
Crossover offspring real fitness: [1024.0, 1024.0, 1025.0, 1025.0, 1023.0, 1023.0, 1024.0, 1025.0, 1025.0, 1025.0, 1025.0, 1023.0, 1026.0, 1023.0, 1024.0, 1023.0, 1025.0, 1025.0, 1025.0, 1024.0, 1025.0, 1022.0, 1023.0, 1024.0, 1024.0, 1022.0, 1024.0, 1024.0, 1024.0, 1023.0, 1025.0, 1023.0, 1024.0, 1024.0, 1024.0, 1024.0, 1024.0, 1026.0, 1025.0, 1025.0, 1024.0, 1023.0, 1023.0, 1024.0, 1024.0, 1025.0, 1024.0, 1023.0, 1024.0, 1025.0, 1024.0, 1024.0, 1024.0, 1024.0, 1025.0, 1025.0, 1024.0, 1024.0, 1024.0, 1024.0, 1025.0, 1024.0, 1025.0, 1024.0, 1025.0, 1025.0, 1023.0, 1024.0, 1024.0, 1024.0, 1025.0, 1023.0, 1024.0, 1024.0, 1026.0, 1024.0, 1022.0, 1023.0, 1026.0, 1025.0, 1023.0, 1024.0, 1024.0, 1024.0, 1025.0, 1025.0, 1025.0, 1025.0, 1024.0, 1024.0, 1024.0, 1027.0, 1024.0, 1026.0, 1025.0, 1024.0, 1024.0, 1024.0, 1025.0, 1023.0, 1024.0, 1023.0, 1024.0, 1025.0, 1026.0, 1025.0, 1025.0, 1025.0, 1025.0, 1024.0, 1025.0, 1024.0, 1024.0, 1023.0, 1024.0, 1024.0, 1023.0, 1024.0, 1025.0, 1026.0, 1024.0, 1024.0, 1023.0, 1026.0, 1024.0, 1027.0, 1026.0, 1024.0, 1023.0, 1025.0, 1024.0, 1024.0, 1024.0, 1024.0, 1022.0, 1024.0, 1024.0, 1024.0, 1023.0, 1024.0, 1024.0, 1026.0, 1023.0, 1023.0, 1023.0, 1025.0, 1023.0, 1023.0, 1023.0, 1024.0, 1023.0, 1023.0, 1025.0, 1024.0, 1025.0, 1026.0, 1024.0, 1025.0, 1024.0, 1024.0, 1024.0]
Crossover offspring noisy fitness: [1024.0, 1024.0, 1025.0, 1025.0, 1023.0, 1023.0, 1024.0, 1025.0, 1025.0, 1024.0, 1025.0, 1023.0, 1026.0, 1023.0, 1024.0, 1023.0, 1025.0, 1025.0, 1025.0, 1024.0, 1025.0, 1022.0, 1023.0, 1024.0, 1024.0, 1022.0, 1024.0, 1024.0, 1024.0, 1023.0, 1025.0, 1023.0, 1024.0, 1024.0, 1024.0, 1024.0, 1024.0, 1026.0, 1025.0, 1025.0, 1024.0, 1023.0, 1023.0, 1024.0, 1024.0, 1025.0, 1024.0, 1023.0, 1024.0, 1025.0, 1024.0, 1024.0, 1024.0, 1024.0, 1025.0, 1025.0, 1024.0, 1024.0, 1024.0, 1024.0, 1025.0, 1024.0, 1025.0, 1024.0, 1025.0, 1025.0, 1023.0, 1024.0, 1024.0, 1024.0, 1025.0, 1023.0, 1024.0, 1024.0, 1026.0, 1024.0, 1022.0, 1023.0, 1025.0, 1025.0, 1023.0, 1024.0, 1024.0, 1024.0, 1026.0, 1025.0, 1025.0, 1025.0, 1024.0, 1024.0, 1024.0, 1027.0, 1024.0, 1025.0, 1025.0, 1024.0, 1023.0, 1024.0, 1025.0, 1023.0, 1024.0, 1023.0, 1025.0, 1025.0, 1026.0, 1025.0, 1025.0, 1025.0, 1025.0, 1024.0, 1025.0, 1024.0, 1024.0, 1023.0, 1024.0, 1024.0, 1023.0, 1024.0, 1025.0, 1026.0, 1024.0, 1024.0, 1023.0, 1026.0, 1024.0, 1027.0, 1026.0, 1024.0, 1023.0, 1025.0, 1024.0, 1024.0, 1024.0, 1023.0, 1022.0, 1024.0, 1024.0, 1024.0, 1023.0, 1024.0, 1024.0, 1026.0, 1024.0, 1024.0, 1023.0, 1025.0, 1023.0, 1023.0, 1023.0, 1024.0, 1023.0, 1023.0, 1025.0, 1024.0, 1025.0, 1026.0, 1024.0, 1025.0, 1024.0, 1024.0, 1024.0]
Is bad individual winner: 0

l: 164
Real fitness of mutation winner: 1056.0
Noisy fitness of mutation winner: 1056.0
Crossover offspring real fitness: [1025.0, 1024.0, 1024.0, 1024.0, 1024.0, 1023.0, 1023.0, 1022.0, 1024.0, 1024.0, 1024.0, 1026.0, 1025.0, 1025.0, 1022.0, 1023.0, 1024.0, 1022.0, 1023.0, 1025.0, 1026.0, 1024.0, 1026.0, 1025.0, 1023.0, 1025.0, 1023.0, 1024.0, 1024.0, 1025.0, 1025.0, 1023.0, 1025.0, 1023.0, 1022.0, 1024.0, 1023.0, 1023.0, 1024.0, 1025.0, 1024.0, 1024.0, 1024.0, 1026.0, 1025.0, 1024.0, 1024.0, 1024.0, 1023.0, 1023.0, 1024.0, 1023.0, 1024.0, 1025.0, 1025.0, 1024.0, 1023.0, 1024.0, 1024.0, 1024.0, 1023.0, 1023.0, 1024.0, 1023.0, 1025.0, 1024.0, 1024.0, 1026.0, 1026.0, 1024.0, 1024.0, 1024.0, 1027.0, 1025.0, 1025.0, 1024.0, 1024.0, 1024.0, 1024.0, 1026.0, 1024.0, 1024.0, 1024.0, 1023.0, 1025.0, 1026.0, 1024.0, 1025.0, 1025.0, 1024.0, 1023.0, 1023.0, 1026.0, 1027.0, 1024.0, 1025.0, 1026.0, 1023.0, 1024.0, 1024.0, 1027.0, 1024.0, 1025.0, 1024.0, 1021.0, 1023.0, 1024.0, 1024.0, 1024.0, 1024.0, 1024.0, 1024.0, 1023.0, 1025.0, 1024.0, 1026.0, 1024.0, 1025.0, 1023.0, 1023.0, 1024.0, 1025.0, 1023.0, 1024.0, 1026.0, 1025.0, 1024.0, 1023.0, 1022.0, 1024.0, 1027.0, 1024.0, 1025.0, 1024.0, 1024.0, 1023.0, 1023.0, 1025.0, 1025.0, 1025.0, 1025.0, 1025.0, 1025.0, 1023.0, 1023.0, 1025.0, 1025.0, 1024.0, 1025.0, 1024.0, 1025.0, 1024.0, 1024.0, 1024.0, 1025.0, 1026.0, 1024.0, 1024.0, 1024.0, 1024.0, 1026.0]
Crossover offspring noisy fitness: [1025.0, 1024.0, 1024.0, 1024.0, 1024.0, 1023.0, 1023.0, 1022.0, 1024.0, 1024.0, 1024.0, 1026.0, 1025.0, 1025.0, 1022.0, 1022.0, 1024.0, 1022.0, 1023.0, 1025.0, 1026.0, 1024.0, 1026.0, 1025.0, 1023.0, 1025.0, 1023.0, 1024.0, 1024.0, 1025.0, 1026.0, 1023.0, 1025.0, 1023.0, 1022.0, 1024.0, 1023.0, 1023.0, 1024.0, 1025.0, 1024.0, 1024.0, 1024.0, 1025.0, 1025.0, 1024.0, 1024.0, 1024.0, 1023.0, 1023.0, 1024.0, 1023.0, 1024.0, 1025.0, 1025.0, 1024.0, 1023.0, 1024.0, 1024.0, 1024.0, 1023.0, 1023.0, 1024.0, 1023.0, 1025.0, 1024.0, 1024.0, 1026.0, 1026.0, 1024.0, 1024.0, 1024.0, 1027.0, 1025.0, 1025.0, 1024.0, 1024.0, 1024.0, 1023.0, 1026.0, 1024.0, 1024.0, 1024.0, 1023.0, 1025.0, 1026.0, 1024.0, 1024.0, 1025.0, 1024.0, 1023.0, 1023.0, 1026.0, 1027.0, 1025.0, 1025.0, 1026.0, 1023.0, 1024.0, 1024.0, 1027.0, 1024.0, 1025.0, 1024.0, 1021.0, 1023.0, 1023.0, 1024.0, 1024.0, 1024.0, 1024.0, 1024.0, 1023.0, 1025.0, 1025.0, 1026.0, 1024.0, 1025.0, 1023.0, 1023.0, 1024.0, 1025.0, 1023.0, 1024.0, 1026.0, 1025.0, 1024.0, 1023.0, 1022.0, 1024.0, 1027.0, 1024.0, 1025.0, 1024.0, 1024.0, 1023.0, 1023.0, 1025.0, 1025.0, 1025.0, 1025.0, 1024.0, 1025.0, 1023.0, 1023.0, 1026.0, 1025.0, 1024.0, 1025.0, 1024.0, 1025.0, 1024.0, 1023.0, 1025.0, 1025.0, 1025.0, 1024.0, 1024.0, 1024.0, 1024.0, 1026.0]
Is bad individual winner: 0

l: 142
Real fitness of mutation winner: 1058.0
Noisy fitness of mutation winner: 1058.0
Crossover offspring real fitness: [1024.0, 1025.0, 1024.0, 1025.0, 1024.0, 1024.0, 1025.0, 1025.0, 1025.0, 1026.0, 1024.0, 1025.0, 1024.0, 1023.0, 1024.0, 1025.0, 1025.0, 1024.0, 1025.0, 1025.0, 1024.0, 1023.0, 1023.0, 1025.0, 1025.0, 1025.0, 1024.0, 1024.0, 1025.0, 1025.0, 1025.0, 1025.0, 1023.0, 1023.0, 1024.0, 1024.0, 1025.0, 1023.0, 1026.0, 1025.0, 1024.0, 1025.0, 1025.0, 1026.0, 1025.0, 1025.0, 1024.0, 1025.0, 1024.0, 1024.0, 1023.0, 1024.0, 1024.0, 1025.0, 1024.0, 1024.0, 1024.0, 1024.0, 1025.0, 1025.0, 1024.0, 1025.0, 1025.0, 1024.0, 1023.0, 1025.0, 1024.0, 1024.0, 1026.0, 1022.0, 1024.0, 1024.0, 1023.0, 1024.0, 1024.0, 1025.0, 1024.0, 1024.0, 1024.0, 1024.0, 1026.0, 1025.0, 1024.0, 1024.0, 1026.0, 1026.0, 1024.0, 1024.0, 1024.0, 1025.0, 1024.0, 1025.0, 1025.0, 1025.0, 1024.0, 1024.0, 1025.0, 1024.0, 1024.0, 1024.0, 1023.0, 1024.0, 1025.0, 1025.0, 1025.0, 1025.0, 1024.0, 1022.0, 1023.0, 1025.0, 1025.0, 1023.0, 1024.0, 1023.0, 1024.0, 1024.0, 1026.0, 1025.0, 1024.0, 1025.0, 1026.0, 1024.0, 1024.0, 1024.0, 1023.0, 1023.0, 1024.0, 1024.0, 1025.0, 1024.0, 1024.0, 1025.0, 1025.0, 1024.0, 1024.0, 1025.0, 1024.0, 1024.0, 1026.0, 1025.0, 1025.0, 1023.0, 1024.0, 1024.0, 1024.0, 1024.0, 1024.0, 1024.0, 1022.0, 1024.0, 1023.0, 1024.0, 1024.0, 1023.0, 1024.0, 1023.0, 1025.0, 1024.0, 1024.0, 1024.0, 1025.0]
Crossover offspring noisy fitness: [1023.0, 1025.0, 1024.0, 1025.0, 1024.0, 1024.0, 1025.0, 1025.0, 1025.0, 1026.0, 1024.0, 1025.0, 1024.0, 1023.0, 1024.0, 1025.0, 1025.0, 1024.0, 1025.0, 1025.0, 1024.0, 1023.0, 1023.0, 1025.0, 1025.0, 1025.0, 1024.0, 1024.0, 1025.0, 1024.0, 1025.0, 1025.0, 1023.0, 1023.0, 1024.0, 1024.0, 1025.0, 1023.0, 1026.0, 1025.0, 1024.0, 1025.0, 1025.0, 1026.0, 1025.0, 1025.0, 1024.0, 1025.0, 1024.0, 1025.0, 1023.0, 1024.0, 1024.0, 1025.0, 1024.0, 1024.0, 1024.0, 1024.0, 1025.0, 1025.0, 1024.0, 1025.0, 1025.0, 1024.0, 1023.0, 1025.0, 1024.0, 1024.0, 1026.0, 1022.0, 1024.0, 1024.0, 1023.0, 1024.0, 1024.0, 1025.0, 1024.0, 1024.0, 1024.0, 1024.0, 1026.0, 1025.0, 1024.0, 1025.0, 1026.0, 1026.0, 1024.0, 1024.0, 1024.0, 1025.0, 1024.0, 1025.0, 1025.0, 1025.0, 1024.0, 1025.0, 1024.0, 1024.0, 1024.0, 1024.0, 1023.0, 1023.0, 1025.0, 1025.0, 1025.0, 1025.0, 1024.0, 1022.0, 1023.0, 1025.0, 1025.0, 1023.0, 1024.0, 1023.0, 1024.0, 1024.0, 1026.0, 1025.0, 1024.0, 1025.0, 1026.0, 1024.0, 1024.0, 1024.0, 1023.0, 1024.0, 1024.0, 1024.0, 1025.0, 1024.0, 1025.0, 1025.0, 1025.0, 1023.0, 1024.0, 1025.0, 1024.0, 1024.0, 1026.0, 1025.0, 1025.0, 1023.0, 1024.0, 1024.0, 1024.0, 1024.0, 1024.0, 1024.0, 1022.0, 1024.0, 1023.0, 1024.0, 1024.0, 1023.0, 1024.0, 1023.0, 1025.0, 1024.0, 1024.0, 1024.0, 1025.0]
Is bad individual winner: 0

l: 167
Real fitness of mutation winner: 1053.0
Noisy fitness of mutation winner: 1053.0
Crossover offspring real fitness: [1023.0, 1023.0, 1024.0, 1025.0, 1023.0, 1027.0, 1023.0, 1024.0, 1025.0, 1023.0, 1024.0, 1022.0, 1024.0, 1025.0, 1025.0, 1024.0, 1025.0, 1023.0, 1023.0, 1024.0, 1024.0, 1023.0, 1023.0, 1026.0, 1025.0, 1024.0, 1023.0, 1025.0, 1025.0, 1024.0, 1024.0, 1024.0, 1024.0, 1024.0, 1024.0, 1024.0, 1024.0, 1024.0, 1024.0, 1024.0, 1024.0, 1024.0, 1025.0, 1023.0, 1024.0, 1022.0, 1025.0, 1023.0, 1023.0, 1024.0, 1024.0, 1024.0, 1025.0, 1024.0, 1024.0, 1025.0, 1025.0, 1024.0, 1024.0, 1022.0, 1026.0, 1025.0, 1022.0, 1024.0, 1025.0, 1025.0, 1023.0, 1026.0, 1024.0, 1023.0, 1025.0, 1025.0, 1025.0, 1024.0, 1024.0, 1024.0, 1025.0, 1024.0, 1024.0, 1024.0, 1025.0, 1024.0, 1025.0, 1022.0, 1023.0, 1024.0, 1024.0, 1024.0, 1023.0, 1024.0, 1024.0, 1024.0, 1024.0, 1025.0, 1026.0, 1025.0, 1023.0, 1026.0, 1024.0, 1025.0, 1024.0, 1024.0, 1025.0, 1026.0, 1023.0, 1024.0, 1024.0, 1025.0, 1026.0, 1023.0, 1024.0, 1026.0, 1025.0, 1024.0, 1024.0, 1022.0, 1023.0, 1024.0, 1025.0, 1025.0, 1025.0, 1024.0, 1021.0, 1024.0, 1024.0, 1025.0, 1025.0, 1023.0, 1024.0, 1024.0, 1025.0, 1024.0, 1026.0, 1025.0, 1024.0, 1024.0, 1024.0, 1024.0, 1024.0, 1022.0, 1025.0, 1024.0, 1026.0, 1024.0, 1024.0, 1023.0, 1024.0, 1023.0, 1023.0, 1025.0, 1025.0, 1024.0, 1024.0, 1024.0, 1025.0, 1024.0, 1025.0, 1023.0, 1024.0, 1025.0, 1024.0]
Crossover offspring noisy fitness: [1023.0, 1023.0, 1024.0, 1025.0, 1023.0, 1027.0, 1023.0, 1024.0, 1025.0, 1023.0, 1024.0, 1022.0, 1024.0, 1025.0, 1025.0, 1024.0, 1025.0, 1023.0, 1023.0, 1024.0, 1024.0, 1023.0, 1023.0, 1026.0, 1025.0, 1024.0, 1023.0, 1025.0, 1025.0, 1024.0, 1024.0, 1024.0, 1024.0, 1023.0, 1024.0, 1024.0, 1024.0, 1024.0, 1024.0, 1024.0, 1024.0, 1024.0, 1025.0, 1023.0, 1024.0, 1022.0, 1025.0, 1023.0, 1023.0, 1024.0, 1024.0, 1024.0, 1025.0, 1024.0, 1024.0, 1025.0, 1025.0, 1024.0, 1024.0, 1022.0, 1026.0, 1025.0, 1022.0, 1024.0, 1025.0, 1026.0, 1023.0, 1026.0, 1024.0, 1023.0, 1025.0, 1025.0, 1025.0, 1024.0, 1024.0, 1025.0, 1026.0, 1024.0, 1024.0, 1024.0, 1025.0, 1024.0, 1025.0, 1022.0, 1023.0, 1024.0, 1024.0, 1024.0, 1023.0, 1024.0, 1024.0, 1024.0, 1024.0, 1025.0, 1026.0, 1025.0, 1023.0, 1026.0, 1025.0, 1026.0, 1024.0, 1024.0, 1025.0, 1026.0, 1023.0, 1024.0, 1024.0, 1025.0, 1026.0, 1023.0, 1024.0, 1026.0, 1025.0, 1024.0, 1024.0, 1022.0, 1022.0, 1024.0, 1025.0, 1025.0, 1025.0, 1024.0, 1021.0, 1024.0, 1024.0, 1025.0, 1025.0, 1023.0, 1024.0, 1024.0, 1025.0, 1024.0, 1026.0, 1025.0, 1024.0, 1024.0, 1024.0, 1024.0, 1024.0, 1022.0, 1025.0, 1024.0, 1026.0, 1024.0, 1024.0, 1023.0, 1024.0, 1023.0, 1023.0, 1025.0, 1025.0, 1024.0, 1024.0, 1024.0, 1025.0, 1024.0, 1025.0, 1023.0, 1024.0, 1025.0, 1024.0]
Is bad individual winner: 0

