l: 165
Real fitness of mutation winner: 1065.0
Noisy fitness of mutation winner: 1065.0
Crossover offspring real fitness: [1023.0, 1026.0, 1024.0, 1024.0, 1024.0, 1025.0, 1027.0, 1025.0, 1023.0, 1024.0, 1025.0, 1027.0, 1024.0, 1023.0, 1024.0, 1024.0, 1023.0, 1024.0, 1024.0, 1025.0, 1025.0, 1026.0, 1024.0, 1024.0, 1024.0, 1024.0, 1024.0, 1023.0, 1024.0, 1023.0, 1025.0, 1025.0, 1025.0, 1024.0, 1023.0, 1023.0, 1024.0, 1022.0, 1026.0, 1024.0, 1026.0, 1024.0, 1026.0, 1027.0, 1025.0, 1025.0, 1023.0, 1023.0, 1023.0, 1024.0, 1024.0, 1024.0, 1025.0, 1024.0, 1023.0, 1024.0, 1023.0, 1024.0, 1024.0, 1026.0, 1024.0, 1024.0, 1025.0, 1024.0, 1023.0, 1025.0, 1024.0, 1024.0, 1024.0, 1026.0, 1025.0, 1025.0, 1024.0, 1024.0, 1025.0, 1025.0, 1024.0, 1024.0, 1024.0, 1024.0, 1025.0, 1025.0, 1025.0, 1025.0, 1024.0, 1023.0, 1026.0, 1024.0, 1024.0, 1024.0, 1024.0, 1024.0, 1024.0, 1024.0, 1024.0, 1024.0, 1024.0, 1024.0, 1024.0, 1022.0, 1024.0, 1023.0, 1025.0, 1023.0, 1025.0, 1024.0, 1025.0, 1024.0, 1024.0, 1025.0, 1025.0, 1026.0, 1023.0, 1022.0, 1023.0, 1026.0, 1024.0, 1024.0, 1024.0, 1024.0, 1025.0, 1026.0, 1023.0, 1022.0, 1025.0, 1024.0, 1024.0, 1024.0, 1023.0, 1025.0, 1025.0, 1027.0, 1026.0, 1024.0, 1025.0, 1024.0, 1024.0, 1024.0, 1023.0, 1023.0, 1025.0, 1024.0, 1025.0, 1025.0, 1025.0, 1023.0, 1023.0, 1024.0, 1024.0, 1024.0, 1025.0, 1024.0, 1024.0, 1023.0, 1025.0, 1024.0, 1024.0, 1025.0, 1023.0, 1025.0, 1023.0]
Crossover offspring noisy fitness: [1023.0, 1026.0, 1024.0, 1024.0, 1024.0, 1025.0, 1027.0, 1025.0, 1023.0, 1024.0, 1025.0, 1027.0, 1024.0, 1023.0, 1024.0, 1024.0, 1023.0, 1024.0, 1024.0, 1025.0, 1025.0, 1026.0, 1024.0, 1024.0, 1024.0, 1024.0, 1024.0, 1023.0, 1024.0, 1023.0, 1025.0, 1025.0, 1025.0, 1024.0, 1023.0, 1023.0, 1024.0, 1022.0, 1026.0, 1024.0, 1026.0, 1024.0, 1026.0, 1027.0, 1025.0, 1026.0, 1023.0, 1023.0, 1023.0, 1024.0, 1024.0, 1024.0, 1025.0, 1024.0, 1023.0, 1024.0, 1023.0, 1024.0, 1024.0, 1026.0, 1024.0, 1024.0, 1025.0, 1024.0, 1023.0, 1025.0, 1024.0, 1024.0, 1024.0, 1026.0, 1025.0, 1025.0, 1024.0, 1024.0, 1025.0, 1025.0, 1024.0, 1024.0, 1024.0, 1024.0, 1025.0, 1025.0, 1025.0, 1025.0, 1024.0, 1023.0, 1026.0, 1024.0, 1023.0, 1024.0, 1024.0, 1025.0, 1024.0, 1024.0, 1024.0, 1024.0, 1024.0, 1024.0, 1024.0, 1022.0, 1024.0, 1023.0, 1025.0, 1023.0, 1025.0, 1024.0, 1025.0, 1024.0, 1024.0, 1025.0, 1025.0, 1026.0, 1023.0, 1022.0, 1023.0, 1026.0, 1023.0, 1024.0, 1024.0, 1024.0, 1025.0, 1026.0, 1023.0, 1021.0, 1025.0, 1024.0, 1024.0, 1024.0, 1023.0, 1025.0, 1024.0, 1027.0, 1026.0, 1024.0, 1025.0, 1024.0, 1024.0, 1024.0, 1023.0, 1023.0, 1026.0, 1024.0, 1025.0, 1025.0, 1025.0, 1023.0, 1023.0, 1024.0, 1024.0, 1024.0, 1025.0, 1024.0, 1026.0, 1023.0, 1024.0, 1024.0, 1025.0, 1025.0, 1023.0, 1025.0, 1023.0]
Is bad individual winner: 0

l: 153
Real fitness of mutation winner: 1059.0
Noisy fitness of mutation winner: 1059.0
Crossover offspring real fitness: [1025.0, 1024.0, 1023.0, 1024.0, 1025.0, 1024.0, 1024.0, 1024.0, 1025.0, 1025.0, 1024.0, 1025.0, 1024.0, 1026.0, 1024.0, 1024.0, 1021.0, 1023.0, 1024.0, 1024.0, 1023.0, 1024.0, 1025.0, 1025.0, 1024.0, 1023.0, 1023.0, 1024.0, 1023.0, 1025.0, 1024.0, 1024.0, 1025.0, 1023.0, 1025.0, 1022.0, 1024.0, 1023.0, 1025.0, 1024.0, 1025.0, 1024.0, 1025.0, 1023.0, 1024.0, 1023.0, 1025.0, 1025.0, 1024.0, 1025.0, 1024.0, 1024.0, 1024.0, 1024.0, 1023.0, 1024.0, 1023.0, 1024.0, 1026.0, 1024.0, 1024.0, 1024.0, 1024.0, 1024.0, 1026.0, 1024.0, 1024.0, 1023.0, 1024.0, 1023.0, 1025.0, 1024.0, 1025.0, 1023.0, 1024.0, 1025.0, 1023.0, 1025.0, 1026.0, 1024.0, 1022.0, 1024.0, 1025.0, 1025.0, 1024.0, 1024.0, 1024.0, 1023.0, 1025.0, 1025.0, 1024.0, 1025.0, 1024.0, 1026.0, 1024.0, 1026.0, 1024.0, 1026.0, 1026.0, 1023.0, 1023.0, 1024.0, 1024.0, 1025.0, 1023.0, 1022.0, 1024.0, 1022.0, 1023.0, 1025.0, 1024.0, 1026.0, 1025.0, 1024.0, 1024.0, 1025.0, 1024.0, 1024.0, 1023.0, 1026.0, 1023.0, 1024.0, 1025.0, 1021.0, 1023.0, 1025.0, 1025.0, 1022.0, 1025.0, 1027.0, 1023.0, 1025.0, 1021.0, 1027.0, 1024.0, 1024.0, 1026.0, 1024.0, 1025.0, 1025.0, 1024.0, 1024.0, 1025.0, 1024.0, 1025.0, 1024.0, 1023.0, 1024.0, 1023.0, 1026.0, 1024.0, 1024.0, 1024.0, 1024.0, 1024.0, 1025.0, 1024.0, 1024.0, 1025.0, 1024.0, 1023.0]
Crossover offspring noisy fitness: [1025.0, 1024.0, 1023.0, 1024.0, 1025.0, 1024.0, 1024.0, 1024.0, 1025.0, 1025.0, 1024.0, 1025.0, 1024.0, 1026.0, 1024.0, 1024.0, 1021.0, 1023.0, 1023.0, 1024.0, 1023.0, 1024.0, 1025.0, 1025.0, 1024.0, 1023.0, 1023.0, 1025.0, 1023.0, 1026.0, 1024.0, 1024.0, 1025.0, 1023.0, 1025.0, 1022.0, 1023.0, 1023.0, 1025.0, 1023.0, 1026.0, 1024.0, 1025.0, 1023.0, 1024.0, 1023.0, 1025.0, 1025.0, 1024.0, 1025.0, 1024.0, 1024.0, 1024.0, 1024.0, 1023.0, 1024.0, 1024.0, 1024.0, 1026.0, 1024.0, 1024.0, 1024.0, 1024.0, 1024.0, 1026.0, 1024.0, 1025.0, 1023.0, 1024.0, 1023.0, 1025.0, 1024.0, 1025.0, 1023.0, 1024.0, 1025.0, 1023.0, 1025.0, 1026.0, 1024.0, 1023.0, 1024.0, 1025.0, 1025.0, 1024.0, 1024.0, 1024.0, 1023.0, 1026.0, 1025.0, 1024.0, 1025.0, 1024.0, 1026.0, 1024.0, 1026.0, 1024.0, 1026.0, 1027.0, 1023.0, 1023.0, 1024.0, 1024.0, 1025.0, 1023.0, 1022.0, 1025.0, 1022.0, 1023.0, 1025.0, 1024.0, 1025.0, 1025.0, 1024.0, 1024.0, 1025.0, 1024.0, 1024.0, 1023.0, 1026.0, 1023.0, 1024.0, 1025.0, 1021.0, 1023.0, 1025.0, 1025.0, 1022.0, 1025.0, 1027.0, 1023.0, 1025.0, 1021.0, 1027.0, 1023.0, 1024.0, 1026.0, 1024.0, 1025.0, 1025.0, 1024.0, 1024.0, 1025.0, 1024.0, 1025.0, 1024.0, 1023.0, 1024.0, 1023.0, 1026.0, 1024.0, 1024.0, 1024.0, 1024.0, 1024.0, 1025.0, 1024.0, 1024.0, 1025.0, 1024.0, 1023.0]
Is bad individual winner: 0

l: 168
Real fitness of mutation winner: 1062.0
Noisy fitness of mutation winner: 1062.0
Crossover offspring real fitness: [1026.0, 1025.0, 1024.0, 1024.0, 1024.0, 1024.0, 1024.0, 1023.0, 1023.0, 1024.0, 1024.0, 1025.0, 1023.0, 1025.0, 1026.0, 1023.0, 1024.0, 1024.0, 1024.0, 1025.0, 1024.0, 1025.0, 1026.0, 1026.0, 1024.0, 1023.0, 1025.0, 1026.0, 1024.0, 1024.0, 1024.0, 1024.0, 1023.0, 1023.0, 1023.0, 1023.0, 1024.0, 1026.0, 1023.0, 1025.0, 1024.0, 1026.0, 1023.0, 1023.0, 1024.0, 1024.0, 1025.0, 1023.0, 1024.0, 1024.0, 1024.0, 1024.0, 1024.0, 1025.0, 1026.0, 1024.0, 1024.0, 1024.0, 1024.0, 1023.0, 1024.0, 1024.0, 1024.0, 1021.0, 1024.0, 1024.0, 1024.0, 1025.0, 1025.0, 1026.0, 1026.0, 1024.0, 1027.0, 1024.0, 1023.0, 1026.0, 1024.0, 1024.0, 1023.0, 1025.0, 1025.0, 1024.0, 1023.0, 1025.0, 1024.0, 1025.0, 1026.0, 1026.0, 1023.0, 1024.0, 1026.0, 1025.0, 1025.0, 1022.0, 1024.0, 1025.0, 1026.0, 1025.0, 1024.0, 1024.0, 1026.0, 1026.0, 1023.0, 1024.0, 1024.0, 1024.0, 1023.0, 1024.0, 1025.0, 1024.0, 1026.0, 1022.0, 1025.0, 1025.0, 1024.0, 1025.0, 1023.0, 1024.0, 1025.0, 1024.0, 1026.0, 1024.0, 1024.0, 1024.0, 1025.0, 1024.0, 1024.0, 1023.0, 1024.0, 1025.0, 1023.0, 1024.0, 1024.0, 1024.0, 1024.0, 1024.0, 1025.0, 1024.0, 1024.0, 1024.0, 1025.0, 1026.0, 1023.0, 1026.0, 1024.0, 1024.0, 1024.0, 1023.0, 1023.0, 1025.0, 1025.0, 1026.0, 1024.0, 1025.0, 1025.0, 1023.0, 1026.0, 1026.0, 1026.0, 1025.0, 1024.0]
Crossover offspring noisy fitness: [1026.0, 1025.0, 1025.0, 1024.0, 1024.0, 1023.0, 1024.0, 1023.0, 1023.0, 1024.0, 1024.0, 1025.0, 1023.0, 1025.0, 1026.0, 1023.0, 1023.0, 1024.0, 1024.0, 1025.0, 1024.0, 1025.0, 1026.0, 1026.0, 1023.0, 1023.0, 1025.0, 1026.0, 1024.0, 1024.0, 1024.0, 1024.0, 1023.0, 1023.0, 1023.0, 1023.0, 1024.0, 1026.0, 1023.0, 1025.0, 1024.0, 1026.0, 1023.0, 1023.0, 1024.0, 1024.0, 1025.0, 1024.0, 1024.0, 1024.0, 1024.0, 1024.0, 1024.0, 1025.0, 1026.0, 1025.0, 1024.0, 1024.0, 1024.0, 1023.0, 1023.0, 1024.0, 1024.0, 1021.0, 1024.0, 1024.0, 1024.0, 1025.0, 1025.0, 1026.0, 1026.0, 1024.0, 1027.0, 1024.0, 1023.0, 1026.0, 1024.0, 1024.0, 1023.0, 1025.0, 1025.0, 1023.0, 1023.0, 1025.0, 1024.0, 1025.0, 1026.0, 1026.0, 1023.0, 1024.0, 1026.0, 1024.0, 1025.0, 1022.0, 1024.0, 1025.0, 1026.0, 1025.0, 1024.0, 1024.0, 1026.0, 1026.0, 1023.0, 1024.0, 1024.0, 1024.0, 1023.0, 1024.0, 1025.0, 1024.0, 1026.0, 1022.0, 1025.0, 1025.0, 1024.0, 1025.0, 1023.0, 1024.0, 1025.0, 1024.0, 1026.0, 1024.0, 1024.0, 1024.0, 1025.0, 1024.0, 1024.0, 1023.0, 1024.0, 1025.0, 1023.0, 1024.0, 1024.0, 1024.0, 1024.0, 1024.0, 1025.0, 1024.0, 1024.0, 1024.0, 1025.0, 1026.0, 1023.0, 1026.0, 1024.0, 1024.0, 1024.0, 1023.0, 1023.0, 1025.0, 1025.0, 1026.0, 1024.0, 1026.0, 1025.0, 1023.0, 1026.0, 1026.0, 1026.0, 1025.0, 1024.0]
Is bad individual winner: 0

l: 172
Real fitness of mutation winner: 1058.0
Noisy fitness of mutation winner: 1058.0
Crossover offspring real fitness: [1023.0, 1024.0, 1025.0, 1024.0, 1025.0, 1024.0, 1024.0, 1023.0, 1025.0, 1023.0, 1025.0, 1025.0, 1024.0, 1023.0, 1025.0, 1024.0, 1023.0, 1024.0, 1023.0, 1024.0, 1024.0, 1024.0, 1025.0, 1024.0, 1024.0, 1024.0, 1024.0, 1021.0, 1024.0, 1024.0, 1025.0, 1025.0, 1024.0, 1026.0, 1023.0, 1023.0, 1024.0, 1025.0, 1026.0, 1027.0, 1024.0, 1025.0, 1024.0, 1024.0, 1024.0, 1025.0, 1024.0, 1025.0, 1025.0, 1024.0, 1024.0, 1022.0, 1022.0, 1025.0, 1023.0, 1023.0, 1024.0, 1026.0, 1025.0, 1023.0, 1022.0, 1026.0, 1024.0, 1025.0, 1025.0, 1024.0, 1024.0, 1024.0, 1024.0, 1025.0, 1026.0, 1023.0, 1024.0, 1026.0, 1023.0, 1025.0, 1025.0, 1024.0, 1025.0, 1025.0, 1024.0, 1025.0, 1025.0, 1022.0, 1022.0, 1022.0, 1025.0, 1026.0, 1025.0, 1023.0, 1025.0, 1025.0, 1024.0, 1025.0, 1024.0, 1027.0, 1025.0, 1024.0, 1024.0, 1025.0, 1026.0, 1025.0, 1024.0, 1025.0, 1025.0, 1024.0, 1024.0, 1023.0, 1024.0, 1025.0, 1027.0, 1025.0, 1025.0, 1024.0, 1024.0, 1024.0, 1024.0, 1025.0, 1024.0, 1023.0, 1022.0, 1024.0, 1025.0, 1026.0, 1024.0, 1025.0, 1025.0, 1025.0, 1025.0, 1024.0, 1024.0, 1024.0, 1025.0, 1026.0, 1023.0, 1023.0, 1024.0, 1025.0, 1025.0, 1024.0, 1025.0, 1024.0, 1024.0, 1024.0, 1023.0, 1023.0, 1025.0, 1022.0, 1024.0, 1023.0, 1025.0, 1024.0, 1023.0, 1024.0, 1023.0, 1025.0, 1024.0, 1025.0, 1024.0, 1023.0, 1024.0]
Crossover offspring noisy fitness: [1023.0, 1024.0, 1025.0, 1024.0, 1025.0, 1024.0, 1023.0, 1023.0, 1025.0, 1022.0, 1025.0, 1025.0, 1025.0, 1023.0, 1025.0, 1024.0, 1023.0, 1024.0, 1023.0, 1024.0, 1024.0, 1024.0, 1025.0, 1024.0, 1024.0, 1024.0, 1024.0, 1021.0, 1024.0, 1024.0, 1025.0, 1025.0, 1024.0, 1026.0, 1023.0, 1023.0, 1024.0, 1025.0, 1026.0, 1027.0, 1024.0, 1025.0, 1024.0, 1024.0, 1024.0, 1025.0, 1024.0, 1025.0, 1025.0, 1024.0, 1024.0, 1022.0, 1022.0, 1025.0, 1023.0, 1023.0, 1024.0, 1026.0, 1025.0, 1023.0, 1023.0, 1026.0, 1024.0, 1025.0, 1025.0, 1024.0, 1024.0, 1024.0, 1024.0, 1025.0, 1026.0, 1023.0, 1025.0, 1026.0, 1023.0, 1025.0, 1025.0, 1024.0, 1025.0, 1025.0, 1024.0, 1026.0, 1025.0, 1022.0, 1022.0, 1022.0, 1025.0, 1026.0, 1025.0, 1023.0, 1025.0, 1025.0, 1024.0, 1025.0, 1024.0, 1027.0, 1025.0, 1024.0, 1024.0, 1025.0, 1025.0, 1025.0, 1024.0, 1025.0, 1025.0, 1024.0, 1024.0, 1023.0, 1024.0, 1025.0, 1027.0, 1025.0, 1025.0, 1024.0, 1024.0, 1024.0, 1024.0, 1025.0, 1024.0, 1023.0, 1022.0, 1024.0, 1025.0, 1026.0, 1024.0, 1025.0, 1025.0, 1025.0, 1025.0, 1024.0, 1024.0, 1024.0, 1025.0, 1026.0, 1023.0, 1023.0, 1023.0, 1025.0, 1025.0, 1024.0, 1025.0, 1024.0, 1024.0, 1024.0, 1023.0, 1024.0, 1025.0, 1022.0, 1024.0, 1023.0, 1025.0, 1024.0, 1023.0, 1024.0, 1023.0, 1025.0, 1024.0, 1025.0, 1024.0, 1023.0, 1023.0]
Is bad individual winner: 0

