l: 51
Fitness of mutation winner: 1037.0
Crossover offspring real fitness: [1026.0, 1023.0, 1024.0, 1024.0, 1023.0, 1023.0, 1024.0, 1025.0, 1022.0, 1024.0, 1025.0, 1025.0, 1025.0, 1025.0, 1026.0, 1024.0, 1024.0, 1022.0, 1026.0, 1024.0, 1026.0, 1025.0, 1024.0, 1022.0, 1022.0, 1025.0, 1024.0, 1024.0, 1025.0, 1023.0, 1024.0, 1024.0, 1024.0, 1025.0, 1024.0, 1024.0, 1022.0, 1025.0, 1024.0, 1024.0, 1025.0, 1024.0, 1024.0, 1025.0, 1025.0]
Crossover offspring noisy fitness: [1026.0, 1023.0, 1024.0, 1024.0, 1023.0, 1023.0, 1024.0, 1025.0, 1022.0, 1024.0, 1025.0, 1025.0, 1025.0, 1025.0, 1026.0, 1024.0, 1024.0, 1022.0, 1026.0, 1024.0, 1026.0, 1025.0, 1024.0, 1022.0, 1022.0, 1025.0, 1024.0, 1024.0, 1024.0, 1023.0, 1024.0, 1024.0, 1024.0, 1025.0, 1024.0, 1024.0, 1022.0, 1026.0, 1024.0, 1024.0, 1025.0, 1024.0, 1024.0, 1024.0, 1025.0]

l: 56
Fitness of mutation winner: 1040.0
Crossover offspring real fitness: [1023.0, 1023.0, 1024.0, 1022.0, 1023.0, 1024.0, 1023.0, 1024.0, 1025.0, 1024.0, 1024.0, 1024.0, 1025.0, 1024.0, 1023.0, 1023.0, 1025.0, 1027.0, 1026.0, 1025.0, 1023.0, 1024.0, 1023.0, 1022.0, 1024.0, 1025.0, 1024.0, 1024.0, 1024.0, 1023.0, 1024.0, 1024.0, 1022.0, 1024.0, 1025.0, 1026.0, 1025.0, 1022.0, 1024.0, 1026.0, 1025.0, 1022.0, 1026.0, 1026.0, 1024.0]
Crossover offspring noisy fitness: [1023.0, 1023.0, 1024.0, 1022.0, 1023.0, 1024.0, 1022.0, 1024.0, 1025.0, 1024.0, 1024.0, 1024.0, 1025.0, 1024.0, 1023.0, 1023.0, 1025.0, 1027.0, 1026.0, 1025.0, 1022.0, 1024.0, 1023.0, 1022.0, 1024.0, 1025.0, 1024.0, 1024.0, 1024.0, 1022.0, 1024.0, 1024.0, 1022.0, 1024.0, 1025.0, 1026.0, 1025.0, 1022.0, 1024.0, 1027.0, 1025.0, 1022.0, 1026.0, 1026.0, 1024.0]

l: 40
Fitness of mutation winner: 1042.0
Crossover offspring real fitness: [1025.0, 1024.0, 1023.0, 1024.0, 1022.0, 1025.0, 1024.0, 1025.0, 1024.0, 1024.0, 1025.0, 1024.0, 1025.0, 1025.0, 1024.0, 1023.0, 1025.0, 1024.0, 1023.0, 1024.0, 1025.0, 1025.0, 1024.0, 1025.0, 1025.0, 1029.0, 1024.0, 1024.0, 1024.0, 1023.0, 1023.0, 1024.0, 1024.0, 1026.0, 1025.0, 1024.0, 1025.0, 1023.0, 1025.0, 1024.0, 1022.0, 1025.0, 1024.0, 1023.0, 1024.0]
Crossover offspring noisy fitness: [1025.0, 1023.0, 1023.0, 1024.0, 1022.0, 1025.0, 1024.0, 1025.0, 1024.0, 1024.0, 1024.0, 1024.0, 1025.0, 1025.0, 1024.0, 1023.0, 1025.0, 1024.0, 1023.0, 1024.0, 1025.0, 1025.0, 1024.0, 1025.0, 1025.0, 1029.0, 1024.0, 1024.0, 1024.0, 1023.0, 1023.0, 1024.0, 1024.0, 1026.0, 1025.0, 1024.0, 1025.0, 1023.0, 1025.0, 1024.0, 1022.0, 1025.0, 1024.0, 1023.0, 1024.0]

l: 46
Fitness of mutation winner: 1042.0
Crossover offspring real fitness: [1023.0, 1025.0, 1024.0, 1024.0, 1024.0, 1024.0, 1024.0, 1024.0, 1023.0, 1026.0, 1026.0, 1024.0, 1026.0, 1025.0, 1025.0, 1026.0, 1026.0, 1023.0, 1023.0, 1024.0, 1023.0, 1025.0, 1026.0, 1025.0, 1025.0, 1023.0, 1025.0, 1024.0, 1024.0, 1024.0, 1025.0, 1025.0, 1025.0, 1026.0, 1025.0, 1024.0, 1025.0, 1024.0, 1026.0, 1025.0, 1024.0, 1026.0, 1023.0, 1024.0, 1024.0]
Crossover offspring noisy fitness: [1023.0, 1025.0, 1024.0, 1024.0, 1024.0, 1024.0, 1024.0, 1023.0, 1023.0, 1026.0, 1026.0, 1024.0, 1026.0, 1025.0, 1025.0, 1026.0, 1026.0, 1023.0, 1023.0, 1023.0, 1023.0, 1025.0, 1026.0, 1025.0, 1025.0, 1023.0, 1025.0, 1024.0, 1024.0, 1024.0, 1025.0, 1025.0, 1025.0, 1026.0, 1025.0, 1024.0, 1025.0, 1024.0, 1026.0, 1025.0, 1024.0, 1026.0, 1023.0, 1025.0, 1024.0]

