l: 155
Fitness of mutation winner: 1051.0
Crossover offspring real fitness: [1024.0, 1025.0, 1024.0, 1025.0, 1024.0, 1023.0, 1024.0, 1025.0, 1024.0, 1024.0, 1025.0, 1025.0, 1024.0, 1023.0, 1024.0, 1026.0, 1025.0, 1021.0, 1025.0, 1025.0, 1025.0, 1026.0, 1023.0, 1023.0, 1025.0, 1024.0, 1026.0, 1023.0, 1024.0, 1024.0, 1024.0, 1024.0, 1023.0, 1024.0, 1024.0, 1026.0, 1025.0, 1025.0, 1025.0, 1024.0, 1023.0, 1025.0, 1025.0, 1023.0, 1025.0, 1024.0, 1024.0, 1022.0, 1024.0, 1024.0, 1026.0, 1024.0, 1023.0, 1024.0, 1024.0, 1024.0, 1024.0, 1024.0, 1024.0, 1024.0, 1025.0, 1024.0, 1024.0, 1023.0, 1024.0, 1023.0, 1024.0, 1023.0, 1024.0, 1022.0, 1028.0, 1026.0, 1023.0, 1025.0, 1024.0, 1025.0, 1022.0, 1024.0, 1025.0, 1024.0, 1024.0, 1023.0, 1023.0, 1024.0, 1023.0, 1023.0, 1025.0, 1024.0, 1024.0, 1024.0, 1025.0, 1023.0, 1024.0, 1025.0, 1027.0, 1026.0, 1023.0, 1025.0, 1025.0, 1024.0, 1025.0, 1024.0, 1025.0, 1022.0, 1024.0, 1024.0, 1024.0, 1025.0, 1024.0, 1025.0, 1024.0, 1024.0, 1023.0, 1025.0, 1025.0, 1024.0, 1022.0, 1025.0, 1023.0, 1023.0, 1024.0, 1024.0, 1024.0, 1024.0, 1023.0, 1024.0, 1024.0, 1024.0, 1024.0, 1024.0, 1025.0, 1023.0, 1024.0, 1023.0, 1024.0, 1024.0, 1024.0, 1025.0, 1025.0, 1024.0, 1024.0, 1024.0, 1023.0, 1024.0, 1027.0, 1024.0, 1024.0, 1023.0, 1025.0, 1025.0, 1023.0, 1024.0, 1024.0, 1022.0, 1026.0, 1024.0, 1024.0, 1024.0, 1025.0, 1024.0, 1025.0]
Crossover offspring noisy fitness: [1024.0, 1025.0, 1024.0, 1025.0, 1024.0, 1023.0, 1024.0, 1025.0, 1024.0, 1024.0, 1025.0, 1025.0, 1024.0, 1023.0, 1024.0, 1026.0, 1025.0, 1021.0, 1025.0, 1025.0, 1025.0, 1026.0, 1023.0, 1023.0, 1025.0, 1024.0, 1026.0, 1023.0, 1024.0, 1023.0, 1024.0, 1023.0, 1023.0, 1024.0, 1024.0, 1026.0, 1025.0, 1025.0, 1025.0, 1024.0, 1024.0, 1025.0, 1025.0, 1023.0, 1025.0, 1024.0, 1024.0, 1022.0, 1024.0, 1024.0, 1026.0, 1024.0, 1023.0, 1024.0, 1024.0, 1024.0, 1024.0, 1024.0, 1024.0, 1024.0, 1024.0, 1024.0, 1024.0, 1023.0, 1024.0, 1023.0, 1024.0, 1023.0, 1024.0, 1022.0, 1028.0, 1026.0, 1023.0, 1025.0, 1024.0, 1025.0, 1022.0, 1024.0, 1025.0, 1024.0, 1024.0, 1023.0, 1023.0, 1024.0, 1023.0, 1023.0, 1025.0, 1024.0, 1024.0, 1024.0, 1025.0, 1023.0, 1024.0, 1025.0, 1027.0, 1026.0, 1023.0, 1025.0, 1026.0, 1024.0, 1025.0, 1024.0, 1025.0, 1022.0, 1024.0, 1024.0, 1024.0, 1025.0, 1024.0, 1025.0, 1024.0, 1024.0, 1023.0, 1025.0, 1025.0, 1024.0, 1022.0, 1025.0, 1024.0, 1023.0, 1024.0, 1024.0, 1024.0, 1024.0, 1023.0, 1024.0, 1024.0, 1026.0, 1024.0, 1024.0, 1025.0, 1023.0, 1024.0, 1023.0, 1024.0, 1024.0, 1024.0, 1025.0, 1025.0, 1024.0, 1024.0, 1024.0, 1023.0, 1024.0, 1027.0, 1024.0, 1024.0, 1023.0, 1025.0, 1025.0, 1023.0, 1024.0, 1024.0, 1022.0, 1026.0, 1024.0, 1024.0, 1024.0, 1025.0, 1024.0, 1025.0]

l: 161
Fitness of mutation winner: 1059.0
Crossover offspring real fitness: [1025.0, 1027.0, 1023.0, 1025.0, 1023.0, 1022.0, 1024.0, 1025.0, 1024.0, 1024.0, 1025.0, 1024.0, 1024.0, 1024.0, 1024.0, 1025.0, 1025.0, 1025.0, 1024.0, 1024.0, 1023.0, 1026.0, 1024.0, 1024.0, 1024.0, 1025.0, 1024.0, 1024.0, 1025.0, 1024.0, 1024.0, 1025.0, 1024.0, 1026.0, 1024.0, 1024.0, 1024.0, 1022.0, 1024.0, 1024.0, 1024.0, 1026.0, 1024.0, 1024.0, 1024.0, 1024.0, 1024.0, 1026.0, 1025.0, 1024.0, 1024.0, 1024.0, 1024.0, 1024.0, 1024.0, 1024.0, 1025.0, 1023.0, 1024.0, 1024.0, 1025.0, 1024.0, 1025.0, 1024.0, 1024.0, 1025.0, 1025.0, 1023.0, 1023.0, 1025.0, 1024.0, 1024.0, 1025.0, 1023.0, 1025.0, 1024.0, 1025.0, 1023.0, 1024.0, 1024.0, 1024.0, 1024.0, 1026.0, 1024.0, 1025.0, 1024.0, 1025.0, 1026.0, 1024.0, 1022.0, 1026.0, 1026.0, 1024.0, 1024.0, 1024.0, 1023.0, 1023.0, 1024.0, 1024.0, 1024.0, 1025.0, 1025.0, 1022.0, 1026.0, 1021.0, 1025.0, 1023.0, 1024.0, 1024.0, 1023.0, 1024.0, 1024.0, 1022.0, 1022.0, 1025.0, 1025.0, 1023.0, 1026.0, 1025.0, 1026.0, 1023.0, 1025.0, 1024.0, 1023.0, 1024.0, 1025.0, 1021.0, 1026.0, 1023.0, 1026.0, 1024.0, 1025.0, 1026.0, 1024.0, 1024.0, 1024.0, 1025.0, 1024.0, 1024.0, 1025.0, 1024.0, 1023.0, 1023.0, 1023.0, 1024.0, 1027.0, 1024.0, 1027.0, 1023.0, 1024.0, 1026.0, 1024.0, 1024.0, 1024.0, 1025.0, 1023.0, 1026.0, 1024.0, 1024.0, 1025.0, 1023.0]
Crossover offspring noisy fitness: [1025.0, 1027.0, 1023.0, 1025.0, 1023.0, 1022.0, 1024.0, 1025.0, 1024.0, 1024.0, 1025.0, 1024.0, 1024.0, 1024.0, 1023.0, 1025.0, 1025.0, 1025.0, 1024.0, 1024.0, 1023.0, 1026.0, 1024.0, 1024.0, 1024.0, 1025.0, 1024.0, 1024.0, 1025.0, 1024.0, 1024.0, 1025.0, 1024.0, 1026.0, 1024.0, 1024.0, 1024.0, 1022.0, 1024.0, 1024.0, 1024.0, 1026.0, 1024.0, 1024.0, 1023.0, 1024.0, 1024.0, 1026.0, 1025.0, 1024.0, 1024.0, 1023.0, 1024.0, 1024.0, 1024.0, 1024.0, 1025.0, 1023.0, 1024.0, 1024.0, 1025.0, 1024.0, 1025.0, 1024.0, 1024.0, 1025.0, 1025.0, 1023.0, 1023.0, 1025.0, 1024.0, 1024.0, 1025.0, 1023.0, 1025.0, 1024.0, 1025.0, 1023.0, 1024.0, 1024.0, 1024.0, 1024.0, 1026.0, 1024.0, 1025.0, 1024.0, 1025.0, 1026.0, 1024.0, 1022.0, 1026.0, 1026.0, 1024.0, 1024.0, 1024.0, 1023.0, 1023.0, 1024.0, 1024.0, 1024.0, 1025.0, 1025.0, 1022.0, 1026.0, 1021.0, 1025.0, 1022.0, 1024.0, 1024.0, 1023.0, 1024.0, 1024.0, 1022.0, 1022.0, 1025.0, 1025.0, 1023.0, 1026.0, 1025.0, 1026.0, 1023.0, 1025.0, 1024.0, 1023.0, 1024.0, 1025.0, 1021.0, 1026.0, 1023.0, 1027.0, 1024.0, 1025.0, 1026.0, 1024.0, 1024.0, 1024.0, 1025.0, 1024.0, 1024.0, 1025.0, 1024.0, 1023.0, 1023.0, 1023.0, 1024.0, 1027.0, 1024.0, 1027.0, 1023.0, 1024.0, 1026.0, 1024.0, 1024.0, 1024.0, 1025.0, 1023.0, 1026.0, 1024.0, 1024.0, 1025.0, 1023.0]

l: 137
Fitness of mutation winner: 1055.0
Crossover offspring real fitness: [1024.0, 1027.0, 1025.0, 1024.0, 1023.0, 1024.0, 1024.0, 1024.0, 1024.0, 1023.0, 1024.0, 1025.0, 1023.0, 1024.0, 1023.0, 1024.0, 1023.0, 1025.0, 1024.0, 1025.0, 1025.0, 1023.0, 1025.0, 1024.0, 1024.0, 1025.0, 1026.0, 1024.0, 1024.0, 1024.0, 1024.0, 1023.0, 1024.0, 1023.0, 1025.0, 1024.0, 1024.0, 1024.0, 1023.0, 1023.0, 1024.0, 1026.0, 1024.0, 1025.0, 1024.0, 1024.0, 1025.0, 1024.0, 1024.0, 1024.0, 1024.0, 1026.0, 1024.0, 1026.0, 1025.0, 1024.0, 1023.0, 1024.0, 1024.0, 1023.0, 1026.0, 1024.0, 1024.0, 1023.0, 1025.0, 1023.0, 1024.0, 1024.0, 1025.0, 1023.0, 1024.0, 1024.0, 1024.0, 1024.0, 1025.0, 1023.0, 1024.0, 1024.0, 1024.0, 1024.0, 1024.0, 1024.0, 1023.0, 1024.0, 1024.0, 1024.0, 1023.0, 1024.0, 1023.0, 1023.0, 1024.0, 1024.0, 1027.0, 1023.0, 1023.0, 1023.0, 1024.0, 1025.0, 1025.0, 1023.0, 1024.0, 1025.0, 1023.0, 1025.0, 1025.0, 1024.0, 1024.0, 1024.0, 1024.0, 1023.0, 1023.0, 1025.0, 1025.0, 1022.0, 1024.0, 1024.0, 1024.0, 1025.0, 1025.0, 1024.0, 1024.0, 1023.0, 1023.0, 1024.0, 1022.0, 1023.0, 1023.0, 1024.0, 1025.0, 1024.0, 1023.0, 1026.0, 1023.0, 1024.0, 1024.0, 1024.0, 1023.0, 1024.0, 1025.0, 1024.0, 1024.0, 1024.0, 1024.0, 1024.0, 1027.0, 1024.0, 1024.0, 1025.0, 1025.0, 1025.0, 1024.0, 1024.0, 1024.0, 1025.0, 1024.0, 1026.0, 1027.0, 1025.0, 1023.0, 1024.0, 1024.0]
Crossover offspring noisy fitness: [1024.0, 1027.0, 1025.0, 1024.0, 1023.0, 1024.0, 1024.0, 1024.0, 1024.0, 1024.0, 1024.0, 1025.0, 1023.0, 1024.0, 1023.0, 1024.0, 1023.0, 1025.0, 1024.0, 1025.0, 1025.0, 1023.0, 1025.0, 1024.0, 1024.0, 1025.0, 1026.0, 1024.0, 1024.0, 1024.0, 1024.0, 1023.0, 1024.0, 1023.0, 1025.0, 1024.0, 1024.0, 1024.0, 1023.0, 1023.0, 1024.0, 1026.0, 1024.0, 1025.0, 1024.0, 1024.0, 1025.0, 1024.0, 1024.0, 1024.0, 1024.0, 1026.0, 1024.0, 1026.0, 1025.0, 1024.0, 1023.0, 1024.0, 1024.0, 1023.0, 1026.0, 1024.0, 1024.0, 1023.0, 1025.0, 1023.0, 1024.0, 1024.0, 1025.0, 1023.0, 1024.0, 1024.0, 1024.0, 1024.0, 1025.0, 1023.0, 1023.0, 1024.0, 1024.0, 1024.0, 1024.0, 1024.0, 1023.0, 1024.0, 1024.0, 1024.0, 1023.0, 1024.0, 1023.0, 1023.0, 1024.0, 1024.0, 1027.0, 1023.0, 1023.0, 1023.0, 1026.0, 1025.0, 1025.0, 1023.0, 1024.0, 1025.0, 1023.0, 1025.0, 1025.0, 1024.0, 1024.0, 1024.0, 1023.0, 1023.0, 1023.0, 1025.0, 1025.0, 1022.0, 1024.0, 1024.0, 1024.0, 1025.0, 1025.0, 1024.0, 1024.0, 1023.0, 1024.0, 1023.0, 1022.0, 1023.0, 1023.0, 1024.0, 1025.0, 1024.0, 1023.0, 1027.0, 1023.0, 1024.0, 1024.0, 1024.0, 1023.0, 1024.0, 1025.0, 1024.0, 1024.0, 1024.0, 1024.0, 1023.0, 1027.0, 1024.0, 1024.0, 1025.0, 1025.0, 1025.0, 1024.0, 1024.0, 1024.0, 1025.0, 1024.0, 1027.0, 1027.0, 1025.0, 1023.0, 1024.0, 1024.0]

l: 146
Fitness of mutation winner: 1060.0
Crossover offspring real fitness: [1025.0, 1025.0, 1023.0, 1026.0, 1025.0, 1022.0, 1024.0, 1023.0, 1024.0, 1024.0, 1023.0, 1022.0, 1024.0, 1023.0, 1025.0, 1026.0, 1023.0, 1025.0, 1024.0, 1025.0, 1023.0, 1024.0, 1023.0, 1025.0, 1024.0, 1023.0, 1024.0, 1022.0, 1024.0, 1024.0, 1025.0, 1024.0, 1025.0, 1023.0, 1025.0, 1025.0, 1025.0, 1025.0, 1024.0, 1023.0, 1024.0, 1023.0, 1024.0, 1024.0, 1025.0, 1026.0, 1024.0, 1025.0, 1023.0, 1023.0, 1023.0, 1024.0, 1025.0, 1025.0, 1024.0, 1024.0, 1023.0, 1024.0, 1023.0, 1027.0, 1024.0, 1024.0, 1024.0, 1022.0, 1022.0, 1024.0, 1026.0, 1025.0, 1023.0, 1024.0, 1026.0, 1023.0, 1024.0, 1025.0, 1024.0, 1022.0, 1024.0, 1024.0, 1023.0, 1023.0, 1024.0, 1022.0, 1023.0, 1023.0, 1024.0, 1024.0, 1024.0, 1024.0, 1025.0, 1024.0, 1025.0, 1022.0, 1024.0, 1026.0, 1024.0, 1025.0, 1024.0, 1024.0, 1024.0, 1024.0, 1024.0, 1028.0, 1025.0, 1024.0, 1025.0, 1025.0, 1025.0, 1024.0, 1025.0, 1026.0, 1024.0, 1025.0, 1025.0, 1025.0, 1026.0, 1025.0, 1024.0, 1024.0, 1025.0, 1025.0, 1024.0, 1024.0, 1024.0, 1024.0, 1024.0, 1025.0, 1024.0, 1026.0, 1024.0, 1024.0, 1024.0, 1023.0, 1025.0, 1024.0, 1024.0, 1025.0, 1026.0, 1025.0, 1024.0, 1024.0, 1024.0, 1025.0, 1024.0, 1025.0, 1024.0, 1024.0, 1024.0, 1025.0, 1025.0, 1022.0, 1024.0, 1022.0, 1025.0, 1024.0, 1024.0, 1024.0, 1024.0, 1023.0, 1024.0, 1025.0, 1026.0]
Crossover offspring noisy fitness: [1025.0, 1025.0, 1023.0, 1026.0, 1025.0, 1022.0, 1024.0, 1023.0, 1024.0, 1024.0, 1023.0, 1022.0, 1026.0, 1023.0, 1025.0, 1026.0, 1023.0, 1025.0, 1024.0, 1025.0, 1023.0, 1024.0, 1023.0, 1025.0, 1024.0, 1023.0, 1024.0, 1021.0, 1024.0, 1024.0, 1025.0, 1024.0, 1025.0, 1023.0, 1025.0, 1025.0, 1025.0, 1025.0, 1024.0, 1023.0, 1024.0, 1023.0, 1024.0, 1024.0, 1025.0, 1026.0, 1024.0, 1025.0, 1023.0, 1023.0, 1023.0, 1024.0, 1025.0, 1026.0, 1024.0, 1023.0, 1023.0, 1024.0, 1023.0, 1027.0, 1024.0, 1024.0, 1024.0, 1022.0, 1022.0, 1024.0, 1026.0, 1025.0, 1023.0, 1024.0, 1026.0, 1023.0, 1024.0, 1025.0, 1024.0, 1023.0, 1024.0, 1024.0, 1023.0, 1023.0, 1024.0, 1022.0, 1023.0, 1023.0, 1024.0, 1024.0, 1024.0, 1024.0, 1025.0, 1024.0, 1025.0, 1022.0, 1024.0, 1026.0, 1024.0, 1025.0, 1024.0, 1024.0, 1024.0, 1026.0, 1024.0, 1028.0, 1025.0, 1024.0, 1025.0, 1025.0, 1025.0, 1024.0, 1025.0, 1026.0, 1024.0, 1026.0, 1025.0, 1025.0, 1026.0, 1025.0, 1024.0, 1024.0, 1025.0, 1025.0, 1024.0, 1024.0, 1024.0, 1024.0, 1024.0, 1025.0, 1024.0, 1026.0, 1025.0, 1024.0, 1024.0, 1023.0, 1025.0, 1024.0, 1024.0, 1025.0, 1026.0, 1025.0, 1024.0, 1024.0, 1024.0, 1025.0, 1023.0, 1025.0, 1024.0, 1024.0, 1024.0, 1025.0, 1025.0, 1022.0, 1024.0, 1022.0, 1025.0, 1024.0, 1024.0, 1024.0, 1024.0, 1023.0, 1024.0, 1024.0, 1026.0]

