l: 44
Fitness of mutation winner: 1038.0
Crossover offspring real fitness: [1025.0, 1025.0, 1025.0, 1024.0, 1024.0, 1024.0, 1024.0, 1025.0, 1024.0, 1024.0, 1022.0, 1024.0, 1025.0, 1024.0, 1024.0, 1024.0, 1025.0, 1024.0, 1025.0, 1024.0, 1023.0, 1025.0, 1026.0, 1024.0, 1026.0, 1024.0, 1025.0, 1025.0, 1024.0, 1023.0, 1024.0, 1025.0, 1023.0, 1026.0, 1026.0, 1024.0, 1025.0, 1024.0, 1023.0, 1024.0, 1024.0, 1025.0, 1024.0, 1025.0, 1024.0]
Crossover offspring noisy fitness: [1025.0, 1025.0, 1025.0, 1024.0, 1024.0, 1024.0, 1024.0, 1025.0, 1025.0, 1024.0, 1022.0, 1024.0, 1025.0, 1024.0, 1024.0, 1024.0, 1025.0, 1024.0, 1025.0, 1024.0, 1023.0, 1025.0, 1027.0, 1024.0, 1026.0, 1024.0, 1025.0, 1025.0, 1024.0, 1023.0, 1024.0, 1025.0, 1023.0, 1026.0, 1026.0, 1024.0, 1025.0, 1024.0, 1023.0, 1024.0, 1024.0, 1025.0, 1024.0, 1025.0, 1024.0]

l: 49
Fitness of mutation winner: 1045.0
Crossover offspring real fitness: [1025.0, 1023.0, 1024.0, 1024.0, 1026.0, 1024.0, 1024.0, 1024.0, 1025.0, 1024.0, 1024.0, 1022.0, 1024.0, 1025.0, 1024.0, 1025.0, 1024.0, 1026.0, 1024.0, 1026.0, 1025.0, 1024.0, 1025.0, 1027.0, 1025.0, 1025.0, 1023.0, 1024.0, 1024.0, 1026.0, 1023.0, 1024.0, 1025.0, 1024.0, 1022.0, 1027.0, 1023.0, 1024.0, 1023.0, 1025.0, 1025.0, 1024.0, 1024.0, 1024.0, 1024.0]
Crossover offspring noisy fitness: [1025.0, 1023.0, 1024.0, 1024.0, 1026.0, 1024.0, 1024.0, 1023.0, 1025.0, 1024.0, 1024.0, 1022.0, 1024.0, 1025.0, 1024.0, 1025.0, 1024.0, 1027.0, 1024.0, 1025.0, 1025.0, 1024.0, 1025.0, 1027.0, 1025.0, 1025.0, 1023.0, 1024.0, 1024.0, 1026.0, 1023.0, 1023.0, 1025.0, 1024.0, 1022.0, 1027.0, 1023.0, 1024.0, 1023.0, 1025.0, 1025.0, 1024.0, 1024.0, 1024.0, 1024.0]

l: 38
Fitness of mutation winner: 1036.0
Crossover offspring real fitness: [1024.0, 1023.0, 1024.0, 1024.0, 1024.0, 1024.0, 1025.0, 1025.0, 1023.0, 1023.0, 1025.0, 1024.0, 1023.0, 1024.0, 1024.0, 1024.0, 1025.0, 1025.0, 1024.0, 1024.0, 1023.0, 1024.0, 1024.0, 1024.0, 1024.0, 1023.0, 1026.0, 1024.0, 1025.0, 1026.0, 1024.0, 1024.0, 1024.0, 1023.0, 1025.0, 1024.0, 1023.0, 1023.0, 1024.0, 1026.0, 1024.0, 1024.0, 1024.0, 1026.0, 1024.0]
Crossover offspring noisy fitness: [1024.0, 1023.0, 1024.0, 1024.0, 1024.0, 1024.0, 1025.0, 1025.0, 1023.0, 1024.0, 1025.0, 1024.0, 1023.0, 1024.0, 1024.0, 1024.0, 1025.0, 1025.0, 1024.0, 1024.0, 1022.0, 1024.0, 1024.0, 1023.0, 1024.0, 1023.0, 1026.0, 1024.0, 1025.0, 1026.0, 1024.0, 1024.0, 1024.0, 1023.0, 1025.0, 1023.0, 1023.0, 1023.0, 1024.0, 1026.0, 1024.0, 1024.0, 1024.0, 1026.0, 1024.0]

l: 34
Fitness of mutation winner: 1038.0
Crossover offspring real fitness: [1024.0, 1024.0, 1024.0, 1024.0, 1024.0, 1025.0, 1024.0, 1024.0, 1024.0, 1024.0, 1026.0, 1024.0, 1026.0, 1025.0, 1023.0, 1024.0, 1024.0, 1024.0, 1023.0, 1024.0, 1024.0, 1024.0, 1024.0, 1024.0, 1024.0, 1024.0, 1021.0, 1026.0, 1026.0, 1025.0, 1024.0, 1026.0, 1024.0, 1024.0, 1023.0, 1024.0, 1024.0, 1024.0, 1025.0, 1025.0, 1025.0, 1024.0, 1025.0, 1025.0, 1024.0]
Crossover offspring noisy fitness: [1024.0, 1024.0, 1024.0, 1024.0, 1024.0, 1025.0, 1024.0, 1024.0, 1024.0, 1024.0, 1026.0, 1024.0, 1026.0, 1025.0, 1023.0, 1024.0, 1024.0, 1023.0, 1023.0, 1024.0, 1024.0, 1024.0, 1024.0, 1024.0, 1024.0, 1024.0, 1020.0, 1026.0, 1026.0, 1025.0, 1023.0, 1026.0, 1024.0, 1024.0, 1023.0, 1024.0, 1024.0, 1024.0, 1025.0, 1025.0, 1025.0, 1024.0, 1025.0, 1024.0, 1024.0]

