l: 51
Real fitness of mutation winner: 1039.0
Noisy fitness of mutation winner: 1039.0
Crossover offspring real fitness: [1024.0, 1025.0, 1026.0, 1027.0, 1024.0, 1025.0, 1023.0, 1023.0, 1025.0, 1026.0, 1024.0, 1024.0, 1026.0, 1024.0, 1025.0, 1023.0, 1024.0, 1024.0, 1024.0, 1026.0, 1023.0, 1023.0, 1026.0, 1024.0, 1023.0, 1023.0, 1024.0, 1026.0, 1021.0, 1024.0, 1025.0, 1024.0, 1022.0, 1024.0, 1024.0, 1022.0, 1024.0, 1026.0, 1026.0, 1023.0, 1024.0, 1024.0, 1022.0, 1023.0, 1024.0]
Crossover offspring noisy fitness: [1023.0, 1025.0, 1026.0, 1027.0, 1024.0, 1025.0, 1023.0, 1023.0, 1025.0, 1026.0, 1024.0, 1024.0, 1026.0, 1024.0, 1025.0, 1023.0, 1024.0, 1024.0, 1024.0, 1026.0, 1023.0, 1023.0, 1026.0, 1024.0, 1023.0, 1023.0, 1024.0, 1026.0, 1021.0, 1024.0, 1025.0, 1024.0, 1022.0, 1024.0, 1024.0, 1022.0, 1024.0, 1026.0, 1026.0, 1023.0, 1024.0, 1024.0, 1022.0, 1023.0, 1024.0]

l: 46
Real fitness of mutation winner: 1040.0
Noisy fitness of mutation winner: 1040.0
Crossover offspring real fitness: [1026.0, 1024.0, 1025.0, 1025.0, 1024.0, 1026.0, 1023.0, 1025.0, 1024.0, 1024.0, 1024.0, 1024.0, 1024.0, 1025.0, 1025.0, 1023.0, 1023.0, 1024.0, 1025.0, 1023.0, 1026.0, 1025.0, 1026.0, 1024.0, 1025.0, 1024.0, 1024.0, 1025.0, 1026.0, 1024.0, 1024.0, 1024.0, 1024.0, 1025.0, 1025.0, 1025.0, 1024.0, 1024.0, 1024.0, 1024.0, 1024.0, 1024.0, 1024.0, 1024.0, 1023.0]
Crossover offspring noisy fitness: [1026.0, 1024.0, 1025.0, 1025.0, 1024.0, 1026.0, 1023.0, 1024.0, 1024.0, 1024.0, 1024.0, 1024.0, 1024.0, 1025.0, 1025.0, 1023.0, 1023.0, 1024.0, 1024.0, 1023.0, 1026.0, 1025.0, 1026.0, 1024.0, 1026.0, 1024.0, 1024.0, 1025.0, 1026.0, 1024.0, 1024.0, 1024.0, 1024.0, 1025.0, 1025.0, 1025.0, 1024.0, 1024.0, 1024.0, 1024.0, 1023.0, 1024.0, 1024.0, 1024.0, 1023.0]

l: 46
Real fitness of mutation winner: 1038.0
Noisy fitness of mutation winner: 1038.0
Crossover offspring real fitness: [1023.0, 1024.0, 1023.0, 1023.0, 1025.0, 1023.0, 1025.0, 1023.0, 1023.0, 1025.0, 1025.0, 1024.0, 1025.0, 1025.0, 1025.0, 1025.0, 1026.0, 1025.0, 1023.0, 1024.0, 1026.0, 1027.0, 1025.0, 1024.0, 1023.0, 1025.0, 1023.0, 1023.0, 1024.0, 1025.0, 1025.0, 1023.0, 1026.0, 1024.0, 1026.0, 1025.0, 1025.0, 1023.0, 1024.0, 1026.0, 1023.0, 1024.0, 1024.0, 1025.0, 1026.0]
Crossover offspring noisy fitness: [1023.0, 1024.0, 1023.0, 1023.0, 1025.0, 1023.0, 1025.0, 1023.0, 1023.0, 1025.0, 1025.0, 1024.0, 1025.0, 1025.0, 1025.0, 1025.0, 1026.0, 1025.0, 1023.0, 1024.0, 1026.0, 1027.0, 1025.0, 1024.0, 1023.0, 1025.0, 1023.0, 1023.0, 1025.0, 1025.0, 1025.0, 1023.0, 1026.0, 1024.0, 1026.0, 1025.0, 1025.0, 1023.0, 1024.0, 1026.0, 1023.0, 1024.0, 1024.0, 1025.0, 1026.0]

l: 39
Real fitness of mutation winner: 1039.0
Noisy fitness of mutation winner: 1039.0
Crossover offspring real fitness: [1024.0, 1025.0, 1024.0, 1023.0, 1026.0, 1024.0, 1025.0, 1023.0, 1025.0, 1025.0, 1024.0, 1025.0, 1024.0, 1023.0, 1024.0, 1025.0, 1023.0, 1025.0, 1024.0, 1025.0, 1025.0, 1024.0, 1026.0, 1024.0, 1024.0, 1024.0, 1023.0, 1023.0, 1024.0, 1024.0, 1024.0, 1025.0, 1024.0, 1024.0, 1025.0, 1024.0, 1024.0, 1024.0, 1025.0, 1024.0, 1024.0, 1024.0, 1023.0, 1025.0, 1025.0]
Crossover offspring noisy fitness: [1024.0, 1025.0, 1024.0, 1023.0, 1026.0, 1025.0, 1025.0, 1023.0, 1025.0, 1026.0, 1024.0, 1025.0, 1024.0, 1023.0, 1024.0, 1025.0, 1023.0, 1025.0, 1024.0, 1025.0, 1025.0, 1024.0, 1027.0, 1024.0, 1024.0, 1024.0, 1023.0, 1023.0, 1024.0, 1024.0, 1024.0, 1025.0, 1024.0, 1024.0, 1025.0, 1024.0, 1024.0, 1024.0, 1025.0, 1024.0, 1024.0, 1024.0, 1023.0, 1025.0, 1025.0]

