l: 43
Fitness of mutation winner: 1037.0
Crossover offspring real fitness: [1024.0, 1023.0, 1024.0, 1024.0, 1026.0, 1025.0, 1025.0, 1024.0, 1024.0, 1024.0, 1024.0, 1027.0, 1025.0, 1024.0, 1025.0, 1024.0, 1025.0, 1024.0, 1024.0, 1025.0, 1024.0, 1025.0, 1024.0, 1025.0, 1026.0, 1024.0, 1025.0, 1025.0, 1024.0, 1024.0, 1024.0, 1023.0, 1024.0, 1025.0, 1024.0, 1023.0, 1023.0, 1023.0, 1024.0, 1023.0, 1024.0, 1024.0, 1024.0, 1025.0, 1025.0]
Crossover offspring noisy fitness: [1024.0, 1023.0, 1024.0, 1024.0, 1026.0, 1025.0, 1025.0, 1024.0, 1024.0, 1024.0, 1024.0, 1027.0, 1025.0, 1024.0, 1024.0, 1024.0, 1025.0, 1024.0, 1024.0, 1025.0, 1023.0, 1025.0, 1024.0, 1025.0, 1026.0, 1024.0, 1025.0, 1025.0, 1024.0, 1024.0, 1024.0, 1023.0, 1024.0, 1025.0, 1024.0, 1023.0, 1023.0, 1023.0, 1024.0, 1023.0, 1024.0, 1024.0, 1024.0, 1025.0, 1025.0]

l: 44
Fitness of mutation winner: 1037.0
Crossover offspring real fitness: [1024.0, 1025.0, 1024.0, 1024.0, 1025.0, 1026.0, 1024.0, 1023.0, 1024.0, 1024.0, 1024.0, 1025.0, 1023.0, 1023.0, 1025.0, 1026.0, 1024.0, 1025.0, 1025.0, 1024.0, 1023.0, 1024.0, 1024.0, 1022.0, 1025.0, 1022.0, 1024.0, 1024.0, 1024.0, 1024.0, 1025.0, 1024.0, 1024.0, 1025.0, 1024.0, 1024.0, 1023.0, 1025.0, 1026.0, 1024.0, 1024.0, 1025.0, 1023.0, 1023.0, 1024.0]
Crossover offspring noisy fitness: [1024.0, 1025.0, 1024.0, 1024.0, 1025.0, 1026.0, 1023.0, 1023.0, 1024.0, 1024.0, 1024.0, 1025.0, 1023.0, 1023.0, 1025.0, 1026.0, 1024.0, 1025.0, 1025.0, 1024.0, 1023.0, 1024.0, 1024.0, 1022.0, 1025.0, 1022.0, 1024.0, 1024.0, 1024.0, 1024.0, 1025.0, 1024.0, 1023.0, 1025.0, 1024.0, 1024.0, 1023.0, 1025.0, 1026.0, 1024.0, 1024.0, 1025.0, 1023.0, 1023.0, 1024.0]

l: 46
Fitness of mutation winner: 1034.0
Crossover offspring real fitness: [1025.0, 1026.0, 1025.0, 1022.0, 1026.0, 1023.0, 1024.0, 1026.0, 1024.0, 1024.0, 1025.0, 1025.0, 1023.0, 1025.0, 1023.0, 1024.0, 1024.0, 1025.0, 1024.0, 1025.0, 1024.0, 1023.0, 1024.0, 1024.0, 1023.0, 1025.0, 1024.0, 1024.0, 1024.0, 1023.0, 1023.0, 1024.0, 1024.0, 1024.0, 1024.0, 1024.0, 1024.0, 1026.0, 1024.0, 1025.0, 1025.0, 1024.0, 1025.0, 1025.0, 1027.0]
Crossover offspring noisy fitness: [1025.0, 1026.0, 1025.0, 1022.0, 1026.0, 1023.0, 1024.0, 1026.0, 1024.0, 1024.0, 1025.0, 1025.0, 1023.0, 1025.0, 1023.0, 1024.0, 1024.0, 1025.0, 1024.0, 1026.0, 1024.0, 1023.0, 1024.0, 1024.0, 1023.0, 1025.0, 1024.0, 1024.0, 1024.0, 1023.0, 1023.0, 1024.0, 1024.0, 1024.0, 1024.0, 1024.0, 1024.0, 1026.0, 1024.0, 1024.0, 1025.0, 1024.0, 1025.0, 1025.0, 1027.0]

l: 47
Fitness of mutation winner: 1039.0
Crossover offspring real fitness: [1025.0, 1023.0, 1026.0, 1024.0, 1024.0, 1024.0, 1025.0, 1024.0, 1024.0, 1024.0, 1022.0, 1025.0, 1024.0, 1023.0, 1024.0, 1024.0, 1024.0, 1023.0, 1024.0, 1025.0, 1025.0, 1024.0, 1026.0, 1024.0, 1024.0, 1025.0, 1024.0, 1023.0, 1022.0, 1024.0, 1024.0, 1024.0, 1024.0, 1028.0, 1026.0, 1025.0, 1024.0, 1025.0, 1023.0, 1024.0, 1024.0, 1023.0, 1025.0, 1023.0, 1024.0]
Crossover offspring noisy fitness: [1025.0, 1023.0, 1026.0, 1024.0, 1024.0, 1024.0, 1025.0, 1024.0, 1024.0, 1024.0, 1022.0, 1025.0, 1024.0, 1023.0, 1025.0, 1024.0, 1024.0, 1023.0, 1024.0, 1025.0, 1025.0, 1024.0, 1026.0, 1024.0, 1024.0, 1025.0, 1023.0, 1023.0, 1022.0, 1024.0, 1025.0, 1024.0, 1024.0, 1028.0, 1026.0, 1025.0, 1024.0, 1025.0, 1023.0, 1024.0, 1024.0, 1023.0, 1025.0, 1023.0, 1025.0]

