l: 41
Real fitness of mutation winner: 1037.0
Noisy fitness of mutation winner: 1037.0
Crossover offspring real fitness: [1023.0, 1023.0, 1025.0, 1024.0, 1024.0, 1025.0, 1025.0, 1024.0, 1025.0, 1024.0, 1024.0, 1025.0, 1025.0, 1024.0, 1024.0, 1025.0, 1026.0, 1025.0, 1024.0, 1026.0, 1025.0, 1025.0, 1024.0, 1025.0, 1024.0, 1024.0, 1024.0, 1023.0, 1023.0, 1023.0, 1024.0, 1025.0, 1025.0, 1025.0, 1021.0, 1024.0, 1024.0, 1024.0, 1024.0, 1024.0, 1024.0, 1025.0, 1025.0, 1024.0, 1022.0]
Crossover offspring noisy fitness: [1023.0, 1023.0, 1025.0, 1024.0, 1024.0, 1025.0, 1025.0, 1024.0, 1026.0, 1024.0, 1024.0, 1025.0, 1025.0, 1024.0, 1024.0, 1025.0, 1026.0, 1025.0, 1024.0, 1026.0, 1025.0, 1026.0, 1024.0, 1025.0, 1024.0, 1024.0, 1024.0, 1023.0, 1023.0, 1023.0, 1024.0, 1026.0, 1025.0, 1025.0, 1021.0, 1024.0, 1024.0, 1025.0, 1024.0, 1024.0, 1024.0, 1025.0, 1025.0, 1024.0, 1022.0]
Is bad individual winner: 0

l: 41
Real fitness of mutation winner: 1041.0
Noisy fitness of mutation winner: 1041.0
Crossover offspring real fitness: [1027.0, 1023.0, 1027.0, 1025.0, 1023.0, 1023.0, 1025.0, 1024.0, 1024.0, 1023.0, 1024.0, 1025.0, 1025.0, 1024.0, 1024.0, 1024.0, 1024.0, 1023.0, 1024.0, 1023.0, 1024.0, 1025.0, 1025.0, 1024.0, 1023.0, 1026.0, 1024.0, 1026.0, 1024.0, 1025.0, 1023.0, 1024.0, 1024.0, 1024.0, 1025.0, 1026.0, 1024.0, 1025.0, 1025.0, 1024.0, 1024.0, 1024.0, 1024.0, 1024.0, 1024.0]
Crossover offspring noisy fitness: [1027.0, 1023.0, 1027.0, 1025.0, 1024.0, 1023.0, 1025.0, 1024.0, 1024.0, 1023.0, 1024.0, 1025.0, 1025.0, 1024.0, 1024.0, 1024.0, 1023.0, 1023.0, 1024.0, 1023.0, 1024.0, 1026.0, 1025.0, 1024.0, 1023.0, 1026.0, 1024.0, 1026.0, 1024.0, 1025.0, 1024.0, 1024.0, 1024.0, 1024.0, 1025.0, 1026.0, 1024.0, 1025.0, 1025.0, 1024.0, 1024.0, 1024.0, 1024.0, 1024.0, 1024.0]
Is bad individual winner: 0

l: 54
Real fitness of mutation winner: 1040.0
Noisy fitness of mutation winner: 1040.0
Crossover offspring real fitness: [1026.0, 1023.0, 1023.0, 1025.0, 1025.0, 1021.0, 1024.0, 1024.0, 1023.0, 1025.0, 1025.0, 1024.0, 1025.0, 1024.0, 1023.0, 1024.0, 1022.0, 1024.0, 1025.0, 1025.0, 1022.0, 1024.0, 1024.0, 1024.0, 1026.0, 1023.0, 1025.0, 1025.0, 1024.0, 1024.0, 1027.0, 1024.0, 1024.0, 1024.0, 1024.0, 1024.0, 1025.0, 1025.0, 1024.0, 1024.0, 1023.0, 1027.0, 1024.0, 1023.0, 1026.0]
Crossover offspring noisy fitness: [1026.0, 1023.0, 1024.0, 1025.0, 1025.0, 1021.0, 1024.0, 1024.0, 1023.0, 1024.0, 1025.0, 1024.0, 1026.0, 1024.0, 1023.0, 1024.0, 1022.0, 1024.0, 1025.0, 1025.0, 1022.0, 1024.0, 1024.0, 1024.0, 1026.0, 1023.0, 1025.0, 1025.0, 1024.0, 1024.0, 1027.0, 1024.0, 1024.0, 1024.0, 1024.0, 1024.0, 1025.0, 1025.0, 1024.0, 1024.0, 1023.0, 1027.0, 1024.0, 1023.0, 1026.0]
Is bad individual winner: 0

l: 51
Real fitness of mutation winner: 1037.0
Noisy fitness of mutation winner: 1037.0
Crossover offspring real fitness: [1025.0, 1024.0, 1025.0, 1025.0, 1024.0, 1024.0, 1025.0, 1026.0, 1025.0, 1025.0, 1024.0, 1022.0, 1024.0, 1023.0, 1023.0, 1024.0, 1025.0, 1023.0, 1025.0, 1024.0, 1024.0, 1024.0, 1025.0, 1025.0, 1024.0, 1024.0, 1024.0, 1026.0, 1023.0, 1022.0, 1024.0, 1027.0, 1025.0, 1025.0, 1024.0, 1026.0, 1023.0, 1026.0, 1024.0, 1024.0, 1026.0, 1025.0, 1023.0, 1023.0, 1023.0]
Crossover offspring noisy fitness: [1025.0, 1024.0, 1025.0, 1025.0, 1024.0, 1024.0, 1025.0, 1026.0, 1025.0, 1025.0, 1024.0, 1022.0, 1024.0, 1023.0, 1023.0, 1024.0, 1025.0, 1023.0, 1025.0, 1024.0, 1024.0, 1024.0, 1025.0, 1025.0, 1024.0, 1024.0, 1024.0, 1026.0, 1023.0, 1022.0, 1024.0, 1027.0, 1025.0, 1025.0, 1025.0, 1026.0, 1023.0, 1026.0, 1024.0, 1024.0, 1026.0, 1025.0, 1023.0, 1023.0, 1023.0]
Is bad individual winner: 0

