l: 55
Fitness of mutation winner: 1035.0
Crossover offspring real fitness: [1027.0, 1023.0, 1023.0, 1024.0, 1024.0, 1024.0, 1024.0, 1024.0, 1028.0, 1023.0, 1023.0, 1024.0, 1023.0, 1024.0, 1024.0, 1025.0, 1024.0, 1027.0, 1024.0, 1024.0, 1024.0, 1024.0, 1024.0, 1021.0, 1024.0, 1025.0, 1025.0, 1023.0, 1023.0, 1024.0, 1024.0, 1023.0, 1022.0, 1023.0, 1026.0, 1024.0, 1026.0, 1024.0, 1026.0, 1025.0, 1024.0, 1023.0, 1024.0, 1024.0, 1023.0]
Crossover offspring noisy fitness: [1027.0, 1024.0, 1023.0, 1024.0, 1024.0, 1024.0, 1024.0, 1024.0, 1028.0, 1023.0, 1023.0, 1024.0, 1023.0, 1024.0, 1024.0, 1025.0, 1024.0, 1027.0, 1024.0, 1024.0, 1024.0, 1024.0, 1024.0, 1021.0, 1024.0, 1025.0, 1025.0, 1023.0, 1023.0, 1024.0, 1024.0, 1023.0, 1022.0, 1023.0, 1026.0, 1024.0, 1026.0, 1024.0, 1026.0, 1025.0, 1024.0, 1023.0, 1024.0, 1024.0, 1023.0]

l: 53
Fitness of mutation winner: 1037.0
Crossover offspring real fitness: [1024.0, 1024.0, 1024.0, 1024.0, 1025.0, 1026.0, 1025.0, 1023.0, 1024.0, 1024.0, 1024.0, 1024.0, 1025.0, 1023.0, 1026.0, 1025.0, 1023.0, 1024.0, 1024.0, 1027.0, 1024.0, 1024.0, 1027.0, 1025.0, 1024.0, 1025.0, 1025.0, 1026.0, 1027.0, 1024.0, 1024.0, 1024.0, 1025.0, 1024.0, 1024.0, 1023.0, 1024.0, 1023.0, 1023.0, 1023.0, 1024.0, 1023.0, 1025.0, 1024.0, 1024.0]
Crossover offspring noisy fitness: [1024.0, 1023.0, 1024.0, 1024.0, 1026.0, 1026.0, 1025.0, 1023.0, 1024.0, 1024.0, 1024.0, 1024.0, 1025.0, 1023.0, 1026.0, 1025.0, 1023.0, 1023.0, 1023.0, 1027.0, 1024.0, 1024.0, 1027.0, 1025.0, 1024.0, 1025.0, 1025.0, 1026.0, 1027.0, 1024.0, 1024.0, 1023.0, 1025.0, 1024.0, 1023.0, 1023.0, 1025.0, 1023.0, 1023.0, 1023.0, 1024.0, 1023.0, 1025.0, 1024.0, 1024.0]

l: 52
Fitness of mutation winner: 1038.0
Crossover offspring real fitness: [1024.0, 1026.0, 1024.0, 1025.0, 1023.0, 1024.0, 1023.0, 1024.0, 1025.0, 1024.0, 1026.0, 1024.0, 1024.0, 1025.0, 1024.0, 1024.0, 1024.0, 1025.0, 1024.0, 1022.0, 1024.0, 1024.0, 1025.0, 1025.0, 1024.0, 1024.0, 1026.0, 1026.0, 1024.0, 1024.0, 1025.0, 1023.0, 1024.0, 1024.0, 1023.0, 1025.0, 1024.0, 1024.0, 1024.0, 1025.0, 1024.0, 1024.0, 1023.0, 1023.0, 1026.0]
Crossover offspring noisy fitness: [1025.0, 1026.0, 1024.0, 1025.0, 1023.0, 1024.0, 1023.0, 1024.0, 1025.0, 1024.0, 1026.0, 1024.0, 1024.0, 1025.0, 1024.0, 1024.0, 1024.0, 1025.0, 1024.0, 1022.0, 1024.0, 1024.0, 1025.0, 1025.0, 1024.0, 1024.0, 1026.0, 1026.0, 1024.0, 1024.0, 1025.0, 1023.0, 1024.0, 1024.0, 1023.0, 1025.0, 1024.0, 1024.0, 1024.0, 1025.0, 1024.0, 1024.0, 1023.0, 1023.0, 1026.0]

l: 39
Fitness of mutation winner: 1037.0
Crossover offspring real fitness: [1024.0, 1024.0, 1025.0, 1026.0, 1025.0, 1024.0, 1024.0, 1025.0, 1023.0, 1024.0, 1023.0, 1024.0, 1025.0, 1024.0, 1023.0, 1024.0, 1025.0, 1024.0, 1025.0, 1024.0, 1026.0, 1024.0, 1023.0, 1023.0, 1025.0, 1025.0, 1023.0, 1024.0, 1024.0, 1023.0, 1026.0, 1025.0, 1025.0, 1024.0, 1024.0, 1024.0, 1024.0, 1024.0, 1024.0, 1024.0, 1023.0, 1024.0, 1023.0, 1024.0, 1024.0]
Crossover offspring noisy fitness: [1024.0, 1024.0, 1025.0, 1026.0, 1025.0, 1024.0, 1025.0, 1025.0, 1023.0, 1024.0, 1023.0, 1024.0, 1025.0, 1024.0, 1023.0, 1024.0, 1025.0, 1024.0, 1025.0, 1024.0, 1026.0, 1024.0, 1023.0, 1023.0, 1025.0, 1025.0, 1023.0, 1024.0, 1024.0, 1023.0, 1026.0, 1025.0, 1025.0, 1024.0, 1024.0, 1024.0, 1025.0, 1024.0, 1024.0, 1024.0, 1023.0, 1024.0, 1023.0, 1024.0, 1024.0]

