l: 158
Fitness of mutation winner: 1062.0
Crossover offspring real fitness: [1024.0, 1024.0, 1024.0, 1025.0, 1025.0, 1024.0, 1023.0, 1023.0, 1024.0, 1023.0, 1024.0, 1024.0, 1026.0, 1024.0, 1024.0, 1024.0, 1024.0, 1025.0, 1024.0, 1024.0, 1024.0, 1024.0, 1024.0, 1023.0, 1024.0, 1026.0, 1023.0, 1023.0, 1024.0, 1026.0, 1025.0, 1023.0, 1025.0, 1024.0, 1024.0, 1024.0, 1024.0, 1025.0, 1024.0, 1024.0, 1024.0, 1024.0, 1026.0, 1024.0, 1024.0, 1027.0, 1025.0, 1023.0, 1023.0, 1024.0, 1024.0, 1025.0, 1024.0, 1025.0, 1024.0, 1023.0, 1025.0, 1027.0, 1025.0, 1025.0, 1025.0, 1026.0, 1025.0, 1023.0, 1024.0, 1024.0, 1023.0, 1023.0, 1024.0, 1024.0, 1023.0, 1024.0, 1026.0, 1025.0, 1025.0, 1025.0, 1025.0, 1025.0, 1024.0, 1025.0, 1024.0, 1025.0, 1024.0, 1026.0, 1024.0, 1024.0, 1024.0, 1024.0, 1025.0, 1026.0, 1023.0, 1025.0, 1023.0, 1025.0, 1024.0, 1024.0, 1024.0, 1024.0, 1025.0, 1025.0, 1024.0, 1024.0, 1025.0, 1024.0, 1025.0, 1024.0, 1026.0, 1025.0, 1024.0, 1024.0, 1024.0, 1024.0, 1024.0, 1023.0, 1024.0, 1025.0, 1025.0, 1025.0, 1024.0, 1025.0, 1026.0, 1027.0, 1024.0, 1025.0, 1024.0, 1024.0, 1024.0, 1025.0, 1025.0, 1024.0, 1023.0, 1025.0, 1025.0, 1023.0, 1024.0, 1024.0, 1026.0, 1025.0, 1024.0, 1023.0, 1023.0, 1024.0, 1025.0, 1026.0, 1025.0, 1025.0, 1024.0, 1024.0, 1024.0, 1022.0, 1023.0, 1025.0, 1024.0, 1025.0, 1025.0, 1024.0, 1025.0, 1025.0, 1022.0, 1026.0, 1023.0]
Crossover offspring noisy fitness: [1024.0, 1024.0, 1024.0, 1025.0, 1025.0, 1024.0, 1023.0, 1023.0, 1024.0, 1022.0, 1024.0, 1024.0, 1026.0, 1024.0, 1024.0, 1024.0, 1024.0, 1025.0, 1024.0, 1024.0, 1024.0, 1024.0, 1024.0, 1022.0, 1024.0, 1026.0, 1023.0, 1023.0, 1024.0, 1026.0, 1025.0, 1023.0, 1025.0, 1024.0, 1024.0, 1024.0, 1023.0, 1025.0, 1024.0, 1024.0, 1023.0, 1024.0, 1026.0, 1025.0, 1024.0, 1027.0, 1025.0, 1023.0, 1023.0, 1024.0, 1024.0, 1025.0, 1024.0, 1025.0, 1024.0, 1023.0, 1026.0, 1027.0, 1025.0, 1025.0, 1025.0, 1026.0, 1025.0, 1023.0, 1024.0, 1024.0, 1024.0, 1023.0, 1024.0, 1024.0, 1023.0, 1024.0, 1026.0, 1025.0, 1025.0, 1025.0, 1025.0, 1025.0, 1024.0, 1025.0, 1024.0, 1025.0, 1024.0, 1025.0, 1024.0, 1024.0, 1024.0, 1024.0, 1025.0, 1026.0, 1023.0, 1025.0, 1023.0, 1025.0, 1024.0, 1025.0, 1024.0, 1025.0, 1025.0, 1025.0, 1024.0, 1024.0, 1025.0, 1024.0, 1025.0, 1024.0, 1026.0, 1025.0, 1024.0, 1024.0, 1024.0, 1024.0, 1024.0, 1023.0, 1024.0, 1025.0, 1025.0, 1025.0, 1024.0, 1025.0, 1026.0, 1027.0, 1024.0, 1025.0, 1024.0, 1024.0, 1024.0, 1025.0, 1025.0, 1024.0, 1023.0, 1025.0, 1025.0, 1023.0, 1024.0, 1024.0, 1026.0, 1025.0, 1024.0, 1023.0, 1023.0, 1024.0, 1025.0, 1027.0, 1025.0, 1025.0, 1024.0, 1024.0, 1024.0, 1022.0, 1023.0, 1025.0, 1024.0, 1025.0, 1025.0, 1024.0, 1025.0, 1025.0, 1022.0, 1026.0, 1023.0]

l: 162
Fitness of mutation winner: 1050.0
Crossover offspring real fitness: [1024.0, 1024.0, 1024.0, 1025.0, 1025.0, 1024.0, 1025.0, 1026.0, 1023.0, 1023.0, 1024.0, 1024.0, 1023.0, 1024.0, 1026.0, 1026.0, 1023.0, 1024.0, 1024.0, 1024.0, 1022.0, 1025.0, 1024.0, 1024.0, 1025.0, 1023.0, 1023.0, 1023.0, 1025.0, 1024.0, 1025.0, 1023.0, 1024.0, 1025.0, 1023.0, 1023.0, 1024.0, 1026.0, 1023.0, 1026.0, 1024.0, 1022.0, 1025.0, 1022.0, 1024.0, 1023.0, 1023.0, 1025.0, 1025.0, 1023.0, 1024.0, 1023.0, 1023.0, 1026.0, 1023.0, 1026.0, 1024.0, 1024.0, 1026.0, 1026.0, 1024.0, 1024.0, 1026.0, 1025.0, 1025.0, 1024.0, 1022.0, 1024.0, 1022.0, 1025.0, 1025.0, 1025.0, 1024.0, 1023.0, 1024.0, 1025.0, 1026.0, 1025.0, 1023.0, 1024.0, 1024.0, 1024.0, 1024.0, 1026.0, 1025.0, 1024.0, 1023.0, 1025.0, 1023.0, 1024.0, 1025.0, 1025.0, 1025.0, 1022.0, 1024.0, 1024.0, 1024.0, 1024.0, 1026.0, 1024.0, 1024.0, 1026.0, 1024.0, 1024.0, 1023.0, 1025.0, 1024.0, 1024.0, 1023.0, 1022.0, 1026.0, 1027.0, 1022.0, 1024.0, 1022.0, 1025.0, 1025.0, 1023.0, 1025.0, 1026.0, 1024.0, 1024.0, 1025.0, 1025.0, 1024.0, 1024.0, 1025.0, 1025.0, 1024.0, 1026.0, 1025.0, 1025.0, 1024.0, 1023.0, 1023.0, 1024.0, 1023.0, 1024.0, 1025.0, 1024.0, 1022.0, 1024.0, 1023.0, 1025.0, 1024.0, 1023.0, 1022.0, 1024.0, 1024.0, 1023.0, 1024.0, 1024.0, 1022.0, 1023.0, 1025.0, 1025.0, 1024.0, 1024.0, 1024.0, 1024.0, 1024.0]
Crossover offspring noisy fitness: [1024.0, 1024.0, 1024.0, 1025.0, 1025.0, 1024.0, 1025.0, 1026.0, 1023.0, 1023.0, 1024.0, 1024.0, 1023.0, 1024.0, 1026.0, 1026.0, 1023.0, 1024.0, 1024.0, 1024.0, 1021.0, 1025.0, 1024.0, 1024.0, 1025.0, 1023.0, 1023.0, 1023.0, 1025.0, 1024.0, 1025.0, 1023.0, 1024.0, 1025.0, 1023.0, 1023.0, 1024.0, 1026.0, 1023.0, 1026.0, 1024.0, 1022.0, 1025.0, 1022.0, 1024.0, 1023.0, 1023.0, 1025.0, 1025.0, 1023.0, 1024.0, 1023.0, 1023.0, 1026.0, 1023.0, 1026.0, 1024.0, 1024.0, 1026.0, 1026.0, 1024.0, 1024.0, 1026.0, 1025.0, 1025.0, 1024.0, 1022.0, 1023.0, 1022.0, 1025.0, 1025.0, 1024.0, 1024.0, 1023.0, 1024.0, 1026.0, 1026.0, 1024.0, 1023.0, 1024.0, 1024.0, 1024.0, 1024.0, 1026.0, 1025.0, 1024.0, 1023.0, 1025.0, 1023.0, 1024.0, 1025.0, 1025.0, 1025.0, 1022.0, 1024.0, 1024.0, 1024.0, 1024.0, 1026.0, 1024.0, 1024.0, 1026.0, 1024.0, 1024.0, 1023.0, 1025.0, 1024.0, 1024.0, 1023.0, 1022.0, 1026.0, 1027.0, 1022.0, 1024.0, 1022.0, 1025.0, 1025.0, 1023.0, 1025.0, 1026.0, 1024.0, 1024.0, 1025.0, 1024.0, 1024.0, 1024.0, 1025.0, 1025.0, 1024.0, 1026.0, 1025.0, 1025.0, 1024.0, 1023.0, 1023.0, 1024.0, 1022.0, 1024.0, 1025.0, 1024.0, 1022.0, 1023.0, 1023.0, 1025.0, 1024.0, 1023.0, 1022.0, 1024.0, 1024.0, 1023.0, 1024.0, 1024.0, 1022.0, 1022.0, 1025.0, 1025.0, 1024.0, 1024.0, 1024.0, 1024.0, 1024.0]

l: 167
Fitness of mutation winner: 1057.0
Crossover offspring real fitness: [1025.0, 1025.0, 1026.0, 1024.0, 1024.0, 1025.0, 1023.0, 1024.0, 1024.0, 1025.0, 1024.0, 1024.0, 1025.0, 1023.0, 1024.0, 1025.0, 1023.0, 1027.0, 1024.0, 1024.0, 1023.0, 1022.0, 1025.0, 1025.0, 1023.0, 1024.0, 1025.0, 1023.0, 1024.0, 1025.0, 1024.0, 1026.0, 1024.0, 1024.0, 1023.0, 1025.0, 1024.0, 1023.0, 1024.0, 1026.0, 1024.0, 1027.0, 1025.0, 1025.0, 1023.0, 1025.0, 1024.0, 1025.0, 1024.0, 1024.0, 1023.0, 1025.0, 1023.0, 1024.0, 1026.0, 1024.0, 1023.0, 1024.0, 1023.0, 1023.0, 1024.0, 1024.0, 1023.0, 1023.0, 1024.0, 1024.0, 1025.0, 1025.0, 1025.0, 1023.0, 1024.0, 1024.0, 1024.0, 1024.0, 1023.0, 1024.0, 1025.0, 1025.0, 1025.0, 1024.0, 1024.0, 1024.0, 1024.0, 1024.0, 1024.0, 1023.0, 1022.0, 1023.0, 1025.0, 1024.0, 1024.0, 1023.0, 1024.0, 1025.0, 1024.0, 1025.0, 1024.0, 1025.0, 1024.0, 1025.0, 1023.0, 1024.0, 1024.0, 1024.0, 1024.0, 1024.0, 1024.0, 1024.0, 1024.0, 1023.0, 1024.0, 1025.0, 1024.0, 1025.0, 1026.0, 1023.0, 1028.0, 1024.0, 1025.0, 1022.0, 1024.0, 1024.0, 1025.0, 1024.0, 1024.0, 1023.0, 1023.0, 1024.0, 1024.0, 1024.0, 1024.0, 1023.0, 1024.0, 1025.0, 1023.0, 1024.0, 1025.0, 1024.0, 1024.0, 1023.0, 1026.0, 1025.0, 1024.0, 1024.0, 1026.0, 1025.0, 1024.0, 1024.0, 1024.0, 1025.0, 1024.0, 1025.0, 1023.0, 1024.0, 1025.0, 1024.0, 1024.0, 1024.0, 1023.0, 1024.0, 1021.0]
Crossover offspring noisy fitness: [1025.0, 1025.0, 1026.0, 1024.0, 1024.0, 1025.0, 1023.0, 1024.0, 1024.0, 1025.0, 1024.0, 1024.0, 1024.0, 1023.0, 1024.0, 1025.0, 1023.0, 1027.0, 1024.0, 1024.0, 1022.0, 1022.0, 1025.0, 1025.0, 1023.0, 1024.0, 1025.0, 1023.0, 1024.0, 1025.0, 1024.0, 1026.0, 1024.0, 1024.0, 1023.0, 1026.0, 1024.0, 1023.0, 1024.0, 1026.0, 1024.0, 1027.0, 1025.0, 1025.0, 1023.0, 1025.0, 1024.0, 1025.0, 1024.0, 1024.0, 1023.0, 1026.0, 1023.0, 1024.0, 1026.0, 1024.0, 1023.0, 1024.0, 1023.0, 1023.0, 1024.0, 1024.0, 1023.0, 1023.0, 1024.0, 1024.0, 1025.0, 1025.0, 1025.0, 1023.0, 1024.0, 1024.0, 1024.0, 1025.0, 1023.0, 1024.0, 1025.0, 1025.0, 1025.0, 1024.0, 1024.0, 1024.0, 1024.0, 1024.0, 1024.0, 1023.0, 1022.0, 1023.0, 1025.0, 1025.0, 1024.0, 1023.0, 1024.0, 1025.0, 1024.0, 1025.0, 1023.0, 1025.0, 1024.0, 1025.0, 1023.0, 1024.0, 1024.0, 1025.0, 1023.0, 1024.0, 1024.0, 1024.0, 1024.0, 1023.0, 1024.0, 1025.0, 1024.0, 1025.0, 1026.0, 1023.0, 1028.0, 1024.0, 1025.0, 1022.0, 1024.0, 1024.0, 1025.0, 1024.0, 1024.0, 1023.0, 1023.0, 1024.0, 1024.0, 1024.0, 1024.0, 1023.0, 1024.0, 1025.0, 1023.0, 1024.0, 1025.0, 1024.0, 1024.0, 1023.0, 1026.0, 1025.0, 1024.0, 1024.0, 1026.0, 1025.0, 1024.0, 1025.0, 1024.0, 1026.0, 1024.0, 1025.0, 1022.0, 1023.0, 1025.0, 1024.0, 1024.0, 1024.0, 1023.0, 1024.0, 1021.0]

l: 149
Fitness of mutation winner: 1055.0
Crossover offspring real fitness: [1025.0, 1025.0, 1025.0, 1025.0, 1023.0, 1025.0, 1026.0, 1024.0, 1024.0, 1024.0, 1023.0, 1025.0, 1025.0, 1022.0, 1024.0, 1024.0, 1027.0, 1024.0, 1024.0, 1025.0, 1025.0, 1024.0, 1024.0, 1024.0, 1024.0, 1023.0, 1024.0, 1024.0, 1026.0, 1024.0, 1025.0, 1024.0, 1024.0, 1027.0, 1025.0, 1024.0, 1024.0, 1024.0, 1024.0, 1024.0, 1025.0, 1024.0, 1025.0, 1024.0, 1023.0, 1023.0, 1023.0, 1024.0, 1024.0, 1024.0, 1024.0, 1024.0, 1024.0, 1025.0, 1023.0, 1025.0, 1024.0, 1025.0, 1024.0, 1025.0, 1024.0, 1026.0, 1025.0, 1023.0, 1025.0, 1023.0, 1024.0, 1024.0, 1026.0, 1024.0, 1024.0, 1023.0, 1025.0, 1024.0, 1024.0, 1024.0, 1024.0, 1023.0, 1024.0, 1023.0, 1027.0, 1025.0, 1025.0, 1025.0, 1025.0, 1025.0, 1026.0, 1023.0, 1023.0, 1023.0, 1024.0, 1023.0, 1022.0, 1025.0, 1024.0, 1024.0, 1024.0, 1024.0, 1024.0, 1025.0, 1028.0, 1024.0, 1025.0, 1024.0, 1022.0, 1027.0, 1027.0, 1024.0, 1024.0, 1025.0, 1024.0, 1025.0, 1024.0, 1024.0, 1025.0, 1024.0, 1022.0, 1025.0, 1024.0, 1023.0, 1024.0, 1023.0, 1025.0, 1025.0, 1023.0, 1022.0, 1023.0, 1025.0, 1025.0, 1025.0, 1025.0, 1025.0, 1024.0, 1024.0, 1024.0, 1024.0, 1026.0, 1024.0, 1025.0, 1024.0, 1025.0, 1025.0, 1025.0, 1024.0, 1024.0, 1024.0, 1024.0, 1024.0, 1026.0, 1023.0, 1025.0, 1024.0, 1025.0, 1024.0, 1024.0, 1025.0, 1024.0, 1024.0, 1022.0, 1025.0, 1024.0]
Crossover offspring noisy fitness: [1025.0, 1025.0, 1025.0, 1025.0, 1023.0, 1025.0, 1026.0, 1024.0, 1024.0, 1024.0, 1023.0, 1025.0, 1025.0, 1022.0, 1024.0, 1024.0, 1027.0, 1024.0, 1024.0, 1025.0, 1025.0, 1024.0, 1024.0, 1024.0, 1024.0, 1023.0, 1024.0, 1024.0, 1027.0, 1024.0, 1025.0, 1024.0, 1024.0, 1027.0, 1025.0, 1024.0, 1024.0, 1024.0, 1023.0, 1024.0, 1025.0, 1024.0, 1025.0, 1024.0, 1023.0, 1023.0, 1023.0, 1024.0, 1024.0, 1024.0, 1024.0, 1024.0, 1024.0, 1025.0, 1023.0, 1025.0, 1024.0, 1025.0, 1024.0, 1025.0, 1024.0, 1026.0, 1025.0, 1023.0, 1025.0, 1023.0, 1024.0, 1024.0, 1026.0, 1024.0, 1024.0, 1023.0, 1025.0, 1024.0, 1024.0, 1024.0, 1024.0, 1024.0, 1024.0, 1023.0, 1027.0, 1025.0, 1025.0, 1025.0, 1025.0, 1025.0, 1026.0, 1023.0, 1023.0, 1023.0, 1024.0, 1024.0, 1022.0, 1025.0, 1024.0, 1024.0, 1024.0, 1024.0, 1024.0, 1025.0, 1028.0, 1024.0, 1025.0, 1025.0, 1022.0, 1027.0, 1027.0, 1024.0, 1024.0, 1026.0, 1024.0, 1025.0, 1024.0, 1025.0, 1025.0, 1024.0, 1022.0, 1025.0, 1024.0, 1023.0, 1024.0, 1023.0, 1025.0, 1025.0, 1023.0, 1022.0, 1023.0, 1025.0, 1025.0, 1025.0, 1025.0, 1025.0, 1024.0, 1024.0, 1024.0, 1024.0, 1025.0, 1024.0, 1025.0, 1024.0, 1025.0, 1025.0, 1025.0, 1024.0, 1024.0, 1024.0, 1024.0, 1024.0, 1026.0, 1023.0, 1025.0, 1024.0, 1025.0, 1024.0, 1024.0, 1025.0, 1024.0, 1024.0, 1022.0, 1025.0, 1024.0]

