l: 61
Fitness of mutation winner: 1048.0
Crossover offspring real fitness: [1024.0, 1025.0, 1024.0, 1027.0, 1026.0, 1023.0, 1024.0, 1023.0, 1024.0, 1024.0, 1026.0, 1025.0, 1025.0, 1024.0, 1025.0, 1025.0, 1025.0, 1025.0, 1024.0, 1025.0, 1025.0, 1023.0, 1024.0, 1024.0, 1023.0, 1025.0, 1024.0, 1024.0, 1028.0, 1025.0, 1024.0, 1026.0, 1027.0, 1025.0, 1026.0, 1026.0, 1025.0, 1026.0, 1023.0, 1027.0, 1022.0, 1024.0, 1023.0, 1024.0, 1024.0]
Crossover offspring noisy fitness: [1024.0, 1025.0, 1024.0, 1027.0, 1026.0, 1023.0, 1024.0, 1023.0, 1024.0, 1023.0, 1026.0, 1025.0, 1025.0, 1024.0, 1025.0, 1025.0, 1026.0, 1025.0, 1024.0, 1025.0, 1025.0, 1023.0, 1024.0, 1024.0, 1023.0, 1025.0, 1024.0, 1024.0, 1028.0, 1025.0, 1024.0, 1026.0, 1027.0, 1025.0, 1026.0, 1026.0, 1025.0, 1026.0, 1023.0, 1026.0, 1022.0, 1024.0, 1023.0, 1024.0, 1024.0]

l: 52
Fitness of mutation winner: 1040.0
Crossover offspring real fitness: [1025.0, 1024.0, 1024.0, 1024.0, 1025.0, 1024.0, 1025.0, 1024.0, 1025.0, 1021.0, 1025.0, 1024.0, 1025.0, 1024.0, 1024.0, 1024.0, 1025.0, 1025.0, 1023.0, 1025.0, 1021.0, 1025.0, 1025.0, 1023.0, 1024.0, 1025.0, 1024.0, 1024.0, 1024.0, 1026.0, 1025.0, 1024.0, 1024.0, 1023.0, 1023.0, 1026.0, 1025.0, 1025.0, 1024.0, 1025.0, 1024.0, 1025.0, 1024.0, 1024.0, 1025.0]
Crossover offspring noisy fitness: [1025.0, 1024.0, 1024.0, 1024.0, 1026.0, 1024.0, 1025.0, 1024.0, 1025.0, 1021.0, 1025.0, 1024.0, 1024.0, 1024.0, 1024.0, 1024.0, 1025.0, 1025.0, 1023.0, 1025.0, 1021.0, 1025.0, 1025.0, 1023.0, 1024.0, 1025.0, 1025.0, 1024.0, 1024.0, 1026.0, 1025.0, 1024.0, 1024.0, 1023.0, 1023.0, 1026.0, 1025.0, 1025.0, 1024.0, 1025.0, 1024.0, 1025.0, 1024.0, 1024.0, 1025.0]

l: 42
Fitness of mutation winner: 1038.0
Crossover offspring real fitness: [1025.0, 1025.0, 1024.0, 1024.0, 1024.0, 1024.0, 1023.0, 1023.0, 1025.0, 1025.0, 1024.0, 1026.0, 1022.0, 1024.0, 1024.0, 1024.0, 1025.0, 1025.0, 1024.0, 1024.0, 1024.0, 1024.0, 1025.0, 1025.0, 1027.0, 1024.0, 1024.0, 1025.0, 1024.0, 1024.0, 1024.0, 1024.0, 1024.0, 1023.0, 1025.0, 1023.0, 1023.0, 1027.0, 1023.0, 1024.0, 1026.0, 1022.0, 1022.0, 1024.0, 1025.0]
Crossover offspring noisy fitness: [1025.0, 1025.0, 1024.0, 1024.0, 1024.0, 1024.0, 1023.0, 1023.0, 1025.0, 1025.0, 1024.0, 1026.0, 1023.0, 1024.0, 1024.0, 1024.0, 1025.0, 1025.0, 1024.0, 1024.0, 1024.0, 1024.0, 1025.0, 1025.0, 1027.0, 1024.0, 1024.0, 1025.0, 1024.0, 1024.0, 1024.0, 1024.0, 1024.0, 1023.0, 1025.0, 1023.0, 1023.0, 1026.0, 1023.0, 1024.0, 1025.0, 1022.0, 1022.0, 1023.0, 1025.0]

l: 42
Fitness of mutation winner: 1036.0
Crossover offspring real fitness: [1024.0, 1025.0, 1024.0, 1023.0, 1024.0, 1023.0, 1024.0, 1024.0, 1025.0, 1024.0, 1024.0, 1022.0, 1024.0, 1025.0, 1023.0, 1023.0, 1024.0, 1023.0, 1024.0, 1024.0, 1024.0, 1025.0, 1027.0, 1024.0, 1023.0, 1025.0, 1026.0, 1024.0, 1024.0, 1024.0, 1025.0, 1026.0, 1025.0, 1026.0, 1024.0, 1023.0, 1024.0, 1025.0, 1025.0, 1024.0, 1026.0, 1024.0, 1025.0, 1026.0, 1025.0]
Crossover offspring noisy fitness: [1024.0, 1025.0, 1024.0, 1023.0, 1024.0, 1023.0, 1024.0, 1024.0, 1025.0, 1024.0, 1024.0, 1022.0, 1024.0, 1025.0, 1023.0, 1023.0, 1024.0, 1023.0, 1024.0, 1024.0, 1024.0, 1025.0, 1027.0, 1023.0, 1023.0, 1025.0, 1026.0, 1024.0, 1024.0, 1024.0, 1025.0, 1027.0, 1025.0, 1026.0, 1024.0, 1023.0, 1024.0, 1025.0, 1025.0, 1025.0, 1026.0, 1024.0, 1025.0, 1026.0, 1025.0]

