l: 47
Real fitness of mutation winner: 1037.0
Noisy fitness of mutation winner: 1037.0
Crossover offspring real fitness: [1025.0, 1024.0, 1025.0, 1024.0, 1025.0, 1025.0, 1024.0, 1025.0, 1025.0, 1025.0, 1024.0, 1023.0, 1026.0, 1024.0, 1024.0, 1024.0, 1025.0, 1026.0, 1025.0, 1024.0, 1024.0, 1024.0, 1025.0, 1026.0, 1025.0, 1026.0, 1024.0, 1025.0, 1024.0, 1023.0, 1024.0, 1024.0, 1025.0, 1023.0, 1024.0, 1024.0, 1024.0, 1024.0, 1024.0, 1024.0, 1024.0, 1024.0, 1024.0, 1025.0, 1024.0]
Crossover offspring noisy fitness: [1025.0, 1024.0, 1025.0, 1024.0, 1025.0, 1025.0, 1024.0, 1025.0, 1025.0, 1025.0, 1024.0, 1023.0, 1026.0, 1024.0, 1024.0, 1024.0, 1025.0, 1026.0, 1025.0, 1025.0, 1024.0, 1024.0, 1025.0, 1026.0, 1025.0, 1026.0, 1024.0, 1025.0, 1024.0, 1023.0, 1024.0, 1024.0, 1025.0, 1023.0, 1024.0, 1024.0, 1024.0, 1024.0, 1024.0, 1024.0, 1023.0, 1024.0, 1024.0, 1025.0, 1024.0]
Is bad individual winner: 0

l: 40
Real fitness of mutation winner: 1044.0
Noisy fitness of mutation winner: 1044.0
Crossover offspring real fitness: [1024.0, 1024.0, 1024.0, 1024.0, 1024.0, 1025.0, 1026.0, 1025.0, 1025.0, 1024.0, 1026.0, 1023.0, 1024.0, 1024.0, 1025.0, 1024.0, 1026.0, 1025.0, 1025.0, 1025.0, 1024.0, 1025.0, 1025.0, 1024.0, 1026.0, 1025.0, 1025.0, 1024.0, 1024.0, 1023.0, 1023.0, 1024.0, 1024.0, 1024.0, 1027.0, 1025.0, 1024.0, 1024.0, 1024.0, 1023.0, 1026.0, 1025.0, 1024.0, 1026.0, 1023.0]
Crossover offspring noisy fitness: [1024.0, 1024.0, 1024.0, 1024.0, 1024.0, 1025.0, 1026.0, 1025.0, 1025.0, 1024.0, 1026.0, 1023.0, 1024.0, 1024.0, 1025.0, 1024.0, 1026.0, 1025.0, 1025.0, 1025.0, 1024.0, 1025.0, 1025.0, 1024.0, 1026.0, 1025.0, 1025.0, 1024.0, 1024.0, 1023.0, 1023.0, 1024.0, 1024.0, 1024.0, 1027.0, 1024.0, 1024.0, 1024.0, 1025.0, 1023.0, 1026.0, 1025.0, 1024.0, 1026.0, 1023.0]
Is bad individual winner: 0

l: 63
Real fitness of mutation winner: 1045.0
Noisy fitness of mutation winner: 1045.0
Crossover offspring real fitness: [1025.0, 1025.0, 1022.0, 1026.0, 1024.0, 1025.0, 1024.0, 1024.0, 1025.0, 1024.0, 1025.0, 1026.0, 1023.0, 1024.0, 1024.0, 1023.0, 1026.0, 1024.0, 1024.0, 1025.0, 1024.0, 1025.0, 1024.0, 1023.0, 1025.0, 1025.0, 1025.0, 1024.0, 1025.0, 1023.0, 1026.0, 1025.0, 1025.0, 1025.0, 1025.0, 1024.0, 1024.0, 1025.0, 1025.0, 1024.0, 1024.0, 1026.0, 1025.0, 1024.0, 1024.0]
Crossover offspring noisy fitness: [1026.0, 1025.0, 1022.0, 1026.0, 1024.0, 1025.0, 1024.0, 1024.0, 1025.0, 1024.0, 1025.0, 1026.0, 1023.0, 1024.0, 1024.0, 1023.0, 1026.0, 1024.0, 1024.0, 1025.0, 1024.0, 1025.0, 1024.0, 1023.0, 1025.0, 1025.0, 1025.0, 1024.0, 1025.0, 1023.0, 1026.0, 1025.0, 1025.0, 1025.0, 1025.0, 1024.0, 1024.0, 1025.0, 1025.0, 1024.0, 1024.0, 1026.0, 1025.0, 1024.0, 1024.0]
Is bad individual winner: 0

l: 36
Real fitness of mutation winner: 1036.0
Noisy fitness of mutation winner: 1037.0
Crossover offspring real fitness: [1024.0, 1025.0, 1022.0, 1026.0, 1025.0, 1024.0, 1025.0, 1023.0, 1024.0, 1024.0, 1024.0, 1024.0, 1024.0, 1023.0, 1023.0, 1024.0, 1024.0, 1023.0, 1024.0, 1025.0, 1025.0, 1024.0, 1024.0, 1023.0, 1025.0, 1024.0, 1025.0, 1025.0, 1024.0, 1025.0, 1024.0, 1024.0, 1024.0, 1025.0, 1023.0, 1024.0, 1024.0, 1026.0, 1024.0, 1023.0, 1023.0, 1026.0, 1024.0, 1024.0, 1027.0]
Crossover offspring noisy fitness: [1024.0, 1025.0, 1022.0, 1026.0, 1025.0, 1024.0, 1025.0, 1023.0, 1024.0, 1024.0, 1024.0, 1024.0, 1024.0, 1023.0, 1023.0, 1024.0, 1024.0, 1023.0, 1024.0, 1025.0, 1025.0, 1024.0, 1024.0, 1023.0, 1025.0, 1024.0, 1025.0, 1025.0, 1024.0, 1025.0, 1024.0, 1024.0, 1024.0, 1025.0, 1023.0, 1024.0, 1024.0, 1026.0, 1024.0, 1023.0, 1023.0, 1026.0, 1024.0, 1024.0, 1027.0]
Is bad individual winner: 0

