l: 157
Real fitness of mutation winner: 1053.0
Noisy fitness of mutation winner: 1053.0
Crossover offspring real fitness: [1026.0, 1023.0, 1024.0, 1023.0, 1024.0, 1026.0, 1026.0, 1025.0, 1024.0, 1024.0, 1026.0, 1024.0, 1023.0, 1025.0, 1024.0, 1026.0, 1023.0, 1024.0, 1025.0, 1025.0, 1024.0, 1026.0, 1023.0, 1022.0, 1024.0, 1023.0, 1024.0, 1024.0, 1024.0, 1024.0, 1024.0, 1023.0, 1024.0, 1025.0, 1023.0, 1025.0, 1024.0, 1028.0, 1023.0, 1024.0, 1023.0, 1024.0, 1025.0, 1024.0, 1023.0, 1025.0, 1024.0, 1024.0, 1024.0, 1024.0, 1024.0, 1024.0, 1025.0, 1026.0, 1024.0, 1025.0, 1027.0, 1024.0, 1022.0, 1023.0, 1025.0, 1025.0, 1023.0, 1025.0, 1024.0, 1024.0, 1024.0, 1024.0, 1024.0, 1024.0, 1024.0, 1023.0, 1025.0, 1024.0, 1026.0, 1026.0, 1024.0, 1024.0, 1025.0, 1024.0, 1025.0, 1024.0, 1025.0, 1024.0, 1024.0, 1021.0, 1023.0, 1025.0, 1025.0, 1024.0, 1024.0, 1027.0, 1024.0, 1024.0, 1023.0, 1024.0, 1024.0, 1024.0, 1022.0, 1025.0, 1022.0, 1025.0, 1023.0, 1024.0, 1023.0, 1024.0, 1024.0, 1025.0, 1026.0, 1026.0, 1023.0, 1022.0, 1024.0, 1024.0, 1024.0, 1023.0, 1024.0, 1025.0, 1025.0, 1023.0, 1024.0, 1025.0, 1024.0, 1024.0, 1027.0, 1024.0, 1025.0, 1023.0, 1024.0, 1024.0, 1023.0, 1026.0, 1025.0, 1022.0, 1025.0, 1025.0, 1024.0, 1024.0, 1023.0, 1024.0, 1025.0, 1024.0, 1024.0, 1022.0, 1025.0, 1024.0, 1027.0, 1023.0, 1024.0, 1024.0, 1023.0, 1025.0, 1025.0, 1025.0, 1025.0, 1024.0, 1023.0, 1024.0, 1024.0, 1024.0, 1025.0]
Crossover offspring noisy fitness: [1026.0, 1023.0, 1024.0, 1023.0, 1024.0, 1026.0, 1026.0, 1025.0, 1024.0, 1024.0, 1026.0, 1024.0, 1023.0, 1025.0, 1024.0, 1026.0, 1023.0, 1024.0, 1025.0, 1025.0, 1024.0, 1026.0, 1023.0, 1022.0, 1024.0, 1023.0, 1024.0, 1024.0, 1024.0, 1024.0, 1024.0, 1023.0, 1024.0, 1025.0, 1023.0, 1025.0, 1024.0, 1027.0, 1023.0, 1024.0, 1023.0, 1024.0, 1025.0, 1024.0, 1023.0, 1025.0, 1024.0, 1025.0, 1024.0, 1024.0, 1024.0, 1025.0, 1025.0, 1026.0, 1024.0, 1025.0, 1027.0, 1024.0, 1022.0, 1023.0, 1026.0, 1025.0, 1023.0, 1025.0, 1024.0, 1024.0, 1024.0, 1024.0, 1024.0, 1024.0, 1024.0, 1023.0, 1025.0, 1024.0, 1026.0, 1026.0, 1024.0, 1024.0, 1025.0, 1024.0, 1025.0, 1024.0, 1025.0, 1024.0, 1023.0, 1021.0, 1023.0, 1025.0, 1025.0, 1024.0, 1024.0, 1027.0, 1024.0, 1024.0, 1023.0, 1024.0, 1024.0, 1024.0, 1022.0, 1025.0, 1022.0, 1025.0, 1023.0, 1024.0, 1024.0, 1024.0, 1024.0, 1025.0, 1026.0, 1026.0, 1023.0, 1022.0, 1024.0, 1024.0, 1024.0, 1023.0, 1024.0, 1025.0, 1025.0, 1023.0, 1024.0, 1025.0, 1024.0, 1024.0, 1027.0, 1024.0, 1025.0, 1023.0, 1024.0, 1024.0, 1023.0, 1026.0, 1025.0, 1021.0, 1025.0, 1025.0, 1024.0, 1024.0, 1023.0, 1024.0, 1025.0, 1024.0, 1024.0, 1022.0, 1024.0, 1024.0, 1027.0, 1023.0, 1024.0, 1024.0, 1023.0, 1025.0, 1025.0, 1025.0, 1025.0, 1024.0, 1023.0, 1024.0, 1024.0, 1024.0, 1025.0]

l: 160
Real fitness of mutation winner: 1054.0
Noisy fitness of mutation winner: 1054.0
Crossover offspring real fitness: [1023.0, 1024.0, 1026.0, 1022.0, 1023.0, 1024.0, 1025.0, 1023.0, 1024.0, 1024.0, 1024.0, 1025.0, 1027.0, 1023.0, 1024.0, 1024.0, 1023.0, 1023.0, 1026.0, 1024.0, 1022.0, 1025.0, 1023.0, 1024.0, 1026.0, 1025.0, 1023.0, 1024.0, 1026.0, 1024.0, 1025.0, 1025.0, 1025.0, 1023.0, 1024.0, 1024.0, 1025.0, 1024.0, 1024.0, 1024.0, 1027.0, 1023.0, 1023.0, 1025.0, 1024.0, 1026.0, 1024.0, 1024.0, 1025.0, 1024.0, 1024.0, 1024.0, 1025.0, 1024.0, 1024.0, 1026.0, 1025.0, 1024.0, 1024.0, 1025.0, 1024.0, 1024.0, 1024.0, 1024.0, 1025.0, 1023.0, 1024.0, 1025.0, 1024.0, 1025.0, 1025.0, 1024.0, 1024.0, 1024.0, 1024.0, 1023.0, 1024.0, 1023.0, 1024.0, 1023.0, 1024.0, 1025.0, 1022.0, 1024.0, 1025.0, 1025.0, 1023.0, 1024.0, 1024.0, 1022.0, 1025.0, 1024.0, 1025.0, 1024.0, 1025.0, 1024.0, 1024.0, 1024.0, 1025.0, 1023.0, 1024.0, 1024.0, 1025.0, 1024.0, 1022.0, 1026.0, 1023.0, 1024.0, 1024.0, 1026.0, 1024.0, 1024.0, 1022.0, 1024.0, 1023.0, 1023.0, 1024.0, 1023.0, 1024.0, 1025.0, 1022.0, 1025.0, 1024.0, 1026.0, 1023.0, 1024.0, 1024.0, 1024.0, 1024.0, 1023.0, 1024.0, 1024.0, 1023.0, 1023.0, 1024.0, 1026.0, 1024.0, 1023.0, 1026.0, 1024.0, 1025.0, 1025.0, 1024.0, 1025.0, 1023.0, 1024.0, 1023.0, 1023.0, 1024.0, 1021.0, 1025.0, 1026.0, 1024.0, 1025.0, 1026.0, 1025.0, 1024.0, 1025.0, 1026.0, 1028.0, 1025.0]
Crossover offspring noisy fitness: [1023.0, 1024.0, 1026.0, 1022.0, 1022.0, 1024.0, 1025.0, 1022.0, 1024.0, 1024.0, 1024.0, 1025.0, 1027.0, 1023.0, 1024.0, 1024.0, 1023.0, 1023.0, 1026.0, 1024.0, 1022.0, 1025.0, 1023.0, 1024.0, 1026.0, 1025.0, 1023.0, 1024.0, 1027.0, 1024.0, 1026.0, 1025.0, 1025.0, 1023.0, 1024.0, 1024.0, 1025.0, 1024.0, 1024.0, 1024.0, 1027.0, 1023.0, 1023.0, 1025.0, 1024.0, 1026.0, 1024.0, 1024.0, 1025.0, 1024.0, 1023.0, 1024.0, 1025.0, 1024.0, 1024.0, 1026.0, 1025.0, 1024.0, 1024.0, 1025.0, 1024.0, 1024.0, 1024.0, 1024.0, 1025.0, 1023.0, 1024.0, 1025.0, 1024.0, 1025.0, 1025.0, 1024.0, 1024.0, 1024.0, 1024.0, 1023.0, 1024.0, 1023.0, 1024.0, 1023.0, 1024.0, 1025.0, 1022.0, 1024.0, 1025.0, 1025.0, 1023.0, 1024.0, 1024.0, 1022.0, 1025.0, 1024.0, 1025.0, 1024.0, 1025.0, 1024.0, 1024.0, 1024.0, 1025.0, 1023.0, 1024.0, 1024.0, 1025.0, 1024.0, 1022.0, 1026.0, 1023.0, 1024.0, 1024.0, 1026.0, 1024.0, 1024.0, 1023.0, 1024.0, 1023.0, 1023.0, 1024.0, 1023.0, 1024.0, 1025.0, 1022.0, 1025.0, 1024.0, 1026.0, 1024.0, 1024.0, 1024.0, 1024.0, 1024.0, 1023.0, 1024.0, 1024.0, 1024.0, 1023.0, 1024.0, 1026.0, 1024.0, 1023.0, 1026.0, 1024.0, 1025.0, 1024.0, 1024.0, 1025.0, 1023.0, 1024.0, 1023.0, 1023.0, 1024.0, 1021.0, 1025.0, 1026.0, 1024.0, 1025.0, 1026.0, 1025.0, 1024.0, 1025.0, 1026.0, 1028.0, 1025.0]

l: 167
Real fitness of mutation winner: 1061.0
Noisy fitness of mutation winner: 1061.0
Crossover offspring real fitness: [1023.0, 1023.0, 1024.0, 1023.0, 1025.0, 1023.0, 1025.0, 1025.0, 1026.0, 1023.0, 1023.0, 1024.0, 1024.0, 1024.0, 1024.0, 1025.0, 1024.0, 1024.0, 1024.0, 1026.0, 1026.0, 1024.0, 1024.0, 1026.0, 1024.0, 1024.0, 1023.0, 1023.0, 1024.0, 1024.0, 1024.0, 1024.0, 1024.0, 1022.0, 1023.0, 1024.0, 1025.0, 1024.0, 1025.0, 1024.0, 1024.0, 1025.0, 1026.0, 1024.0, 1024.0, 1024.0, 1025.0, 1023.0, 1026.0, 1024.0, 1025.0, 1024.0, 1024.0, 1024.0, 1024.0, 1025.0, 1025.0, 1024.0, 1023.0, 1024.0, 1024.0, 1024.0, 1024.0, 1023.0, 1028.0, 1025.0, 1023.0, 1024.0, 1024.0, 1023.0, 1025.0, 1022.0, 1023.0, 1024.0, 1024.0, 1023.0, 1023.0, 1024.0, 1025.0, 1025.0, 1024.0, 1023.0, 1025.0, 1026.0, 1024.0, 1024.0, 1025.0, 1024.0, 1025.0, 1025.0, 1026.0, 1024.0, 1024.0, 1025.0, 1024.0, 1026.0, 1024.0, 1025.0, 1024.0, 1023.0, 1021.0, 1025.0, 1024.0, 1026.0, 1026.0, 1025.0, 1024.0, 1024.0, 1023.0, 1024.0, 1024.0, 1023.0, 1023.0, 1024.0, 1025.0, 1024.0, 1023.0, 1024.0, 1024.0, 1025.0, 1024.0, 1024.0, 1023.0, 1023.0, 1025.0, 1025.0, 1025.0, 1024.0, 1024.0, 1028.0, 1024.0, 1025.0, 1026.0, 1025.0, 1023.0, 1026.0, 1023.0, 1025.0, 1024.0, 1024.0, 1022.0, 1024.0, 1025.0, 1024.0, 1025.0, 1026.0, 1023.0, 1024.0, 1025.0, 1024.0, 1024.0, 1025.0, 1024.0, 1024.0, 1023.0, 1023.0, 1024.0, 1023.0, 1025.0, 1024.0, 1022.0]
Crossover offspring noisy fitness: [1023.0, 1023.0, 1024.0, 1023.0, 1025.0, 1023.0, 1025.0, 1025.0, 1026.0, 1023.0, 1023.0, 1024.0, 1024.0, 1024.0, 1024.0, 1025.0, 1024.0, 1024.0, 1024.0, 1025.0, 1026.0, 1024.0, 1024.0, 1027.0, 1024.0, 1024.0, 1023.0, 1023.0, 1024.0, 1024.0, 1024.0, 1024.0, 1024.0, 1022.0, 1023.0, 1024.0, 1025.0, 1024.0, 1025.0, 1024.0, 1024.0, 1025.0, 1026.0, 1024.0, 1024.0, 1024.0, 1025.0, 1023.0, 1026.0, 1024.0, 1025.0, 1024.0, 1024.0, 1024.0, 1024.0, 1024.0, 1025.0, 1024.0, 1023.0, 1024.0, 1024.0, 1024.0, 1024.0, 1023.0, 1028.0, 1025.0, 1023.0, 1024.0, 1024.0, 1023.0, 1025.0, 1022.0, 1023.0, 1024.0, 1024.0, 1023.0, 1023.0, 1024.0, 1025.0, 1025.0, 1024.0, 1023.0, 1025.0, 1026.0, 1024.0, 1024.0, 1025.0, 1024.0, 1025.0, 1025.0, 1026.0, 1024.0, 1024.0, 1025.0, 1024.0, 1026.0, 1024.0, 1025.0, 1024.0, 1023.0, 1020.0, 1024.0, 1024.0, 1026.0, 1026.0, 1025.0, 1024.0, 1025.0, 1023.0, 1024.0, 1023.0, 1023.0, 1022.0, 1024.0, 1026.0, 1024.0, 1023.0, 1024.0, 1024.0, 1025.0, 1024.0, 1024.0, 1023.0, 1022.0, 1025.0, 1025.0, 1025.0, 1024.0, 1024.0, 1028.0, 1024.0, 1025.0, 1026.0, 1025.0, 1023.0, 1026.0, 1023.0, 1025.0, 1024.0, 1024.0, 1022.0, 1024.0, 1025.0, 1024.0, 1026.0, 1026.0, 1023.0, 1024.0, 1025.0, 1023.0, 1024.0, 1025.0, 1024.0, 1024.0, 1023.0, 1023.0, 1024.0, 1023.0, 1026.0, 1024.0, 1023.0]

l: 174
Real fitness of mutation winner: 1056.0
Noisy fitness of mutation winner: 1056.0
Crossover offspring real fitness: [1026.0, 1024.0, 1025.0, 1023.0, 1024.0, 1027.0, 1023.0, 1024.0, 1023.0, 1023.0, 1026.0, 1024.0, 1024.0, 1023.0, 1024.0, 1024.0, 1023.0, 1025.0, 1025.0, 1024.0, 1024.0, 1023.0, 1024.0, 1022.0, 1024.0, 1023.0, 1024.0, 1023.0, 1023.0, 1023.0, 1025.0, 1023.0, 1026.0, 1023.0, 1024.0, 1024.0, 1024.0, 1023.0, 1024.0, 1027.0, 1024.0, 1025.0, 1027.0, 1025.0, 1025.0, 1025.0, 1023.0, 1023.0, 1024.0, 1024.0, 1024.0, 1024.0, 1024.0, 1024.0, 1024.0, 1023.0, 1026.0, 1025.0, 1025.0, 1024.0, 1023.0, 1025.0, 1023.0, 1022.0, 1025.0, 1025.0, 1024.0, 1024.0, 1025.0, 1024.0, 1024.0, 1024.0, 1026.0, 1024.0, 1024.0, 1023.0, 1025.0, 1024.0, 1025.0, 1023.0, 1025.0, 1026.0, 1022.0, 1024.0, 1024.0, 1023.0, 1023.0, 1024.0, 1024.0, 1024.0, 1025.0, 1025.0, 1026.0, 1024.0, 1025.0, 1024.0, 1028.0, 1025.0, 1024.0, 1025.0, 1025.0, 1024.0, 1024.0, 1025.0, 1024.0, 1024.0, 1024.0, 1023.0, 1027.0, 1025.0, 1022.0, 1023.0, 1024.0, 1023.0, 1024.0, 1024.0, 1025.0, 1024.0, 1024.0, 1023.0, 1023.0, 1024.0, 1025.0, 1025.0, 1028.0, 1024.0, 1025.0, 1025.0, 1026.0, 1024.0, 1023.0, 1025.0, 1024.0, 1022.0, 1026.0, 1024.0, 1024.0, 1024.0, 1023.0, 1024.0, 1024.0, 1025.0, 1025.0, 1024.0, 1024.0, 1025.0, 1024.0, 1023.0, 1024.0, 1024.0, 1024.0, 1026.0, 1023.0, 1025.0, 1023.0, 1025.0, 1026.0, 1025.0, 1024.0, 1025.0, 1024.0]
Crossover offspring noisy fitness: [1026.0, 1024.0, 1025.0, 1023.0, 1024.0, 1027.0, 1023.0, 1024.0, 1023.0, 1023.0, 1026.0, 1024.0, 1024.0, 1023.0, 1024.0, 1024.0, 1023.0, 1025.0, 1025.0, 1024.0, 1024.0, 1023.0, 1024.0, 1021.0, 1024.0, 1023.0, 1024.0, 1023.0, 1023.0, 1023.0, 1025.0, 1023.0, 1026.0, 1023.0, 1024.0, 1024.0, 1024.0, 1023.0, 1024.0, 1027.0, 1024.0, 1025.0, 1027.0, 1025.0, 1025.0, 1025.0, 1023.0, 1023.0, 1024.0, 1023.0, 1024.0, 1024.0, 1024.0, 1024.0, 1024.0, 1023.0, 1025.0, 1024.0, 1025.0, 1024.0, 1023.0, 1025.0, 1023.0, 1022.0, 1025.0, 1025.0, 1024.0, 1024.0, 1025.0, 1024.0, 1024.0, 1024.0, 1026.0, 1024.0, 1024.0, 1023.0, 1025.0, 1024.0, 1025.0, 1023.0, 1025.0, 1026.0, 1022.0, 1024.0, 1024.0, 1023.0, 1023.0, 1024.0, 1024.0, 1024.0, 1025.0, 1025.0, 1026.0, 1024.0, 1025.0, 1024.0, 1028.0, 1025.0, 1024.0, 1025.0, 1025.0, 1024.0, 1024.0, 1025.0, 1024.0, 1024.0, 1024.0, 1023.0, 1027.0, 1025.0, 1022.0, 1023.0, 1024.0, 1023.0, 1024.0, 1025.0, 1025.0, 1024.0, 1024.0, 1024.0, 1023.0, 1024.0, 1025.0, 1025.0, 1028.0, 1025.0, 1025.0, 1025.0, 1026.0, 1024.0, 1023.0, 1025.0, 1024.0, 1022.0, 1026.0, 1024.0, 1024.0, 1023.0, 1023.0, 1024.0, 1024.0, 1025.0, 1025.0, 1024.0, 1024.0, 1025.0, 1024.0, 1023.0, 1024.0, 1024.0, 1024.0, 1026.0, 1023.0, 1024.0, 1023.0, 1025.0, 1026.0, 1025.0, 1024.0, 1025.0, 1024.0]

