l: 36
Real fitness of mutation winner: 1038.0
Noisy fitness of mutation winner: 1038.0
Crossover offspring real fitness: [1025.0, 1024.0, 1024.0, 1025.0, 1024.0, 1025.0, 1024.0, 1024.0, 1024.0, 1023.0, 1025.0, 1023.0, 1025.0, 1024.0, 1025.0, 1023.0, 1024.0, 1025.0, 1024.0, 1023.0, 1023.0, 1024.0, 1025.0, 1024.0, 1025.0, 1024.0, 1025.0, 1023.0, 1023.0, 1024.0, 1024.0, 1025.0, 1026.0, 1024.0, 1024.0, 1026.0, 1023.0, 1025.0, 1022.0, 1024.0, 1024.0, 1023.0, 1024.0, 1024.0, 1024.0]
Crossover offspring noisy fitness: [1025.0, 1024.0, 1024.0, 1025.0, 1024.0, 1025.0, 1024.0, 1024.0, 1024.0, 1023.0, 1025.0, 1023.0, 1025.0, 1024.0, 1025.0, 1023.0, 1024.0, 1025.0, 1024.0, 1023.0, 1023.0, 1024.0, 1026.0, 1024.0, 1025.0, 1024.0, 1025.0, 1023.0, 1023.0, 1024.0, 1024.0, 1025.0, 1026.0, 1024.0, 1024.0, 1026.0, 1023.0, 1025.0, 1022.0, 1024.0, 1024.0, 1023.0, 1024.0, 1024.0, 1024.0]

l: 44
Real fitness of mutation winner: 1038.0
Noisy fitness of mutation winner: 1038.0
Crossover offspring real fitness: [1022.0, 1024.0, 1024.0, 1025.0, 1023.0, 1023.0, 1024.0, 1024.0, 1024.0, 1022.0, 1024.0, 1025.0, 1025.0, 1024.0, 1021.0, 1024.0, 1024.0, 1024.0, 1026.0, 1025.0, 1024.0, 1024.0, 1024.0, 1025.0, 1025.0, 1025.0, 1025.0, 1022.0, 1025.0, 1024.0, 1026.0, 1023.0, 1026.0, 1026.0, 1023.0, 1024.0, 1024.0, 1025.0, 1025.0, 1024.0, 1024.0, 1024.0, 1027.0, 1024.0, 1024.0]
Crossover offspring noisy fitness: [1022.0, 1024.0, 1024.0, 1025.0, 1023.0, 1023.0, 1024.0, 1024.0, 1024.0, 1022.0, 1024.0, 1025.0, 1025.0, 1024.0, 1021.0, 1024.0, 1024.0, 1024.0, 1026.0, 1025.0, 1024.0, 1024.0, 1024.0, 1025.0, 1025.0, 1027.0, 1025.0, 1022.0, 1025.0, 1024.0, 1026.0, 1023.0, 1026.0, 1026.0, 1023.0, 1024.0, 1024.0, 1025.0, 1025.0, 1024.0, 1024.0, 1025.0, 1027.0, 1024.0, 1024.0]

l: 55
Real fitness of mutation winner: 1039.0
Noisy fitness of mutation winner: 1039.0
Crossover offspring real fitness: [1023.0, 1026.0, 1025.0, 1024.0, 1022.0, 1026.0, 1025.0, 1024.0, 1024.0, 1025.0, 1026.0, 1023.0, 1023.0, 1023.0, 1025.0, 1024.0, 1021.0, 1025.0, 1024.0, 1024.0, 1025.0, 1025.0, 1025.0, 1024.0, 1023.0, 1024.0, 1023.0, 1023.0, 1023.0, 1024.0, 1023.0, 1024.0, 1024.0, 1027.0, 1025.0, 1025.0, 1024.0, 1026.0, 1024.0, 1023.0, 1024.0, 1023.0, 1023.0, 1027.0, 1022.0]
Crossover offspring noisy fitness: [1023.0, 1026.0, 1025.0, 1024.0, 1022.0, 1026.0, 1025.0, 1024.0, 1024.0, 1025.0, 1026.0, 1023.0, 1023.0, 1023.0, 1025.0, 1024.0, 1021.0, 1025.0, 1024.0, 1024.0, 1025.0, 1025.0, 1025.0, 1024.0, 1023.0, 1024.0, 1023.0, 1023.0, 1023.0, 1024.0, 1023.0, 1024.0, 1024.0, 1027.0, 1025.0, 1025.0, 1024.0, 1026.0, 1024.0, 1023.0, 1024.0, 1023.0, 1023.0, 1027.0, 1021.0]

l: 42
Real fitness of mutation winner: 1046.0
Noisy fitness of mutation winner: 1046.0
Crossover offspring real fitness: [1026.0, 1024.0, 1023.0, 1025.0, 1024.0, 1026.0, 1024.0, 1024.0, 1024.0, 1026.0, 1024.0, 1027.0, 1026.0, 1026.0, 1026.0, 1024.0, 1025.0, 1024.0, 1025.0, 1025.0, 1024.0, 1024.0, 1024.0, 1024.0, 1026.0, 1026.0, 1023.0, 1024.0, 1025.0, 1025.0, 1026.0, 1024.0, 1024.0, 1024.0, 1024.0, 1023.0, 1024.0, 1025.0, 1024.0, 1027.0, 1024.0, 1026.0, 1025.0, 1025.0, 1024.0]
Crossover offspring noisy fitness: [1026.0, 1024.0, 1023.0, 1025.0, 1024.0, 1026.0, 1024.0, 1024.0, 1024.0, 1026.0, 1024.0, 1027.0, 1026.0, 1026.0, 1026.0, 1024.0, 1024.0, 1024.0, 1024.0, 1025.0, 1024.0, 1024.0, 1024.0, 1024.0, 1026.0, 1026.0, 1023.0, 1024.0, 1025.0, 1025.0, 1026.0, 1024.0, 1024.0, 1024.0, 1024.0, 1023.0, 1024.0, 1025.0, 1024.0, 1027.0, 1024.0, 1026.0, 1025.0, 1025.0, 1024.0]

