l: 155
Real fitness of mutation winner: 1049.0
Noisy fitness of mutation winner: 1049.0
Crossover offspring real fitness: [1026.0, 1026.0, 1024.0, 1025.0, 1024.0, 1024.0, 1027.0, 1024.0, 1022.0, 1024.0, 1024.0, 1023.0, 1023.0, 1026.0, 1024.0, 1023.0, 1024.0, 1025.0, 1024.0, 1024.0, 1024.0, 1023.0, 1025.0, 1025.0, 1023.0, 1024.0, 1025.0, 1024.0, 1024.0, 1025.0, 1026.0, 1023.0, 1026.0, 1024.0, 1025.0, 1024.0, 1023.0, 1023.0, 1026.0, 1023.0, 1024.0, 1025.0, 1024.0, 1023.0, 1024.0, 1026.0, 1026.0, 1024.0, 1023.0, 1024.0, 1024.0, 1025.0, 1025.0, 1023.0, 1025.0, 1026.0, 1024.0, 1024.0, 1024.0, 1022.0, 1025.0, 1024.0, 1025.0, 1024.0, 1024.0, 1024.0, 1026.0, 1024.0, 1024.0, 1025.0, 1023.0, 1023.0, 1024.0, 1023.0, 1023.0, 1026.0, 1024.0, 1024.0, 1025.0, 1025.0, 1024.0, 1024.0, 1025.0, 1023.0, 1024.0, 1025.0, 1024.0, 1024.0, 1025.0, 1025.0, 1024.0, 1023.0, 1024.0, 1025.0, 1023.0, 1025.0, 1023.0, 1024.0, 1024.0, 1025.0, 1023.0, 1025.0, 1024.0, 1026.0, 1024.0, 1024.0, 1023.0, 1024.0, 1024.0, 1024.0, 1024.0, 1025.0, 1025.0, 1025.0, 1024.0, 1024.0, 1026.0, 1024.0, 1023.0, 1024.0, 1024.0, 1024.0, 1024.0, 1025.0, 1025.0, 1024.0, 1025.0, 1026.0, 1027.0, 1025.0, 1024.0, 1024.0, 1024.0, 1027.0, 1025.0, 1024.0, 1024.0, 1024.0, 1023.0, 1021.0, 1027.0, 1025.0, 1026.0, 1024.0, 1024.0, 1024.0, 1024.0, 1024.0, 1023.0, 1025.0, 1026.0, 1025.0, 1025.0, 1025.0, 1024.0, 1025.0, 1023.0, 1024.0, 1023.0, 1023.0, 1024.0]
Crossover offspring noisy fitness: [1025.0, 1026.0, 1024.0, 1025.0, 1024.0, 1025.0, 1027.0, 1024.0, 1022.0, 1024.0, 1024.0, 1023.0, 1023.0, 1026.0, 1024.0, 1023.0, 1024.0, 1025.0, 1024.0, 1024.0, 1024.0, 1023.0, 1025.0, 1025.0, 1023.0, 1024.0, 1025.0, 1024.0, 1024.0, 1025.0, 1027.0, 1024.0, 1026.0, 1024.0, 1025.0, 1024.0, 1023.0, 1023.0, 1026.0, 1023.0, 1023.0, 1025.0, 1024.0, 1023.0, 1024.0, 1026.0, 1025.0, 1024.0, 1023.0, 1024.0, 1024.0, 1025.0, 1025.0, 1023.0, 1025.0, 1026.0, 1024.0, 1024.0, 1024.0, 1022.0, 1025.0, 1025.0, 1024.0, 1024.0, 1024.0, 1024.0, 1027.0, 1024.0, 1024.0, 1025.0, 1023.0, 1023.0, 1025.0, 1023.0, 1023.0, 1026.0, 1024.0, 1024.0, 1025.0, 1026.0, 1024.0, 1024.0, 1025.0, 1023.0, 1024.0, 1025.0, 1024.0, 1024.0, 1025.0, 1025.0, 1024.0, 1023.0, 1024.0, 1025.0, 1023.0, 1025.0, 1023.0, 1024.0, 1024.0, 1025.0, 1023.0, 1025.0, 1024.0, 1027.0, 1024.0, 1024.0, 1023.0, 1024.0, 1024.0, 1024.0, 1024.0, 1025.0, 1025.0, 1025.0, 1024.0, 1024.0, 1026.0, 1024.0, 1023.0, 1024.0, 1024.0, 1024.0, 1024.0, 1025.0, 1025.0, 1024.0, 1025.0, 1026.0, 1027.0, 1025.0, 1024.0, 1024.0, 1023.0, 1027.0, 1025.0, 1024.0, 1024.0, 1024.0, 1023.0, 1021.0, 1027.0, 1025.0, 1026.0, 1024.0, 1024.0, 1024.0, 1024.0, 1024.0, 1023.0, 1025.0, 1026.0, 1025.0, 1025.0, 1024.0, 1024.0, 1025.0, 1024.0, 1024.0, 1023.0, 1022.0, 1024.0]

l: 173
Real fitness of mutation winner: 1053.0
Noisy fitness of mutation winner: 1053.0
Crossover offspring real fitness: [1023.0, 1024.0, 1025.0, 1025.0, 1025.0, 1025.0, 1024.0, 1025.0, 1024.0, 1024.0, 1025.0, 1024.0, 1022.0, 1025.0, 1024.0, 1023.0, 1023.0, 1025.0, 1024.0, 1024.0, 1024.0, 1023.0, 1024.0, 1023.0, 1024.0, 1024.0, 1024.0, 1023.0, 1024.0, 1024.0, 1023.0, 1025.0, 1024.0, 1023.0, 1025.0, 1024.0, 1024.0, 1023.0, 1025.0, 1025.0, 1025.0, 1023.0, 1026.0, 1025.0, 1025.0, 1025.0, 1024.0, 1024.0, 1027.0, 1025.0, 1024.0, 1022.0, 1024.0, 1025.0, 1029.0, 1024.0, 1026.0, 1024.0, 1024.0, 1023.0, 1024.0, 1022.0, 1026.0, 1024.0, 1026.0, 1024.0, 1024.0, 1023.0, 1023.0, 1023.0, 1025.0, 1024.0, 1025.0, 1026.0, 1025.0, 1022.0, 1024.0, 1024.0, 1023.0, 1026.0, 1024.0, 1023.0, 1024.0, 1024.0, 1025.0, 1025.0, 1024.0, 1024.0, 1025.0, 1024.0, 1025.0, 1024.0, 1024.0, 1025.0, 1024.0, 1025.0, 1024.0, 1026.0, 1024.0, 1026.0, 1023.0, 1024.0, 1025.0, 1025.0, 1024.0, 1023.0, 1024.0, 1026.0, 1024.0, 1023.0, 1022.0, 1022.0, 1026.0, 1026.0, 1024.0, 1023.0, 1024.0, 1022.0, 1024.0, 1024.0, 1024.0, 1025.0, 1024.0, 1025.0, 1024.0, 1023.0, 1023.0, 1024.0, 1024.0, 1022.0, 1025.0, 1024.0, 1027.0, 1024.0, 1024.0, 1022.0, 1024.0, 1026.0, 1025.0, 1024.0, 1022.0, 1024.0, 1025.0, 1022.0, 1025.0, 1025.0, 1023.0, 1024.0, 1024.0, 1024.0, 1025.0, 1023.0, 1024.0, 1024.0, 1025.0, 1024.0, 1026.0, 1025.0, 1025.0, 1024.0, 1024.0]
Crossover offspring noisy fitness: [1023.0, 1024.0, 1025.0, 1025.0, 1024.0, 1025.0, 1024.0, 1025.0, 1024.0, 1024.0, 1025.0, 1024.0, 1022.0, 1025.0, 1024.0, 1023.0, 1023.0, 1025.0, 1024.0, 1024.0, 1024.0, 1023.0, 1024.0, 1023.0, 1024.0, 1024.0, 1024.0, 1023.0, 1024.0, 1024.0, 1023.0, 1025.0, 1024.0, 1023.0, 1025.0, 1024.0, 1024.0, 1023.0, 1025.0, 1025.0, 1025.0, 1023.0, 1026.0, 1025.0, 1025.0, 1025.0, 1024.0, 1024.0, 1027.0, 1025.0, 1024.0, 1022.0, 1024.0, 1025.0, 1029.0, 1024.0, 1026.0, 1024.0, 1024.0, 1023.0, 1024.0, 1022.0, 1026.0, 1024.0, 1026.0, 1024.0, 1024.0, 1023.0, 1023.0, 1023.0, 1025.0, 1024.0, 1025.0, 1026.0, 1025.0, 1022.0, 1024.0, 1024.0, 1023.0, 1026.0, 1024.0, 1023.0, 1024.0, 1024.0, 1025.0, 1025.0, 1024.0, 1024.0, 1025.0, 1024.0, 1025.0, 1024.0, 1024.0, 1025.0, 1024.0, 1025.0, 1024.0, 1026.0, 1024.0, 1026.0, 1023.0, 1024.0, 1025.0, 1025.0, 1024.0, 1023.0, 1024.0, 1025.0, 1024.0, 1023.0, 1022.0, 1022.0, 1026.0, 1026.0, 1024.0, 1023.0, 1024.0, 1022.0, 1024.0, 1024.0, 1024.0, 1025.0, 1024.0, 1025.0, 1024.0, 1023.0, 1023.0, 1024.0, 1024.0, 1022.0, 1025.0, 1024.0, 1027.0, 1024.0, 1024.0, 1022.0, 1025.0, 1026.0, 1025.0, 1024.0, 1022.0, 1024.0, 1025.0, 1022.0, 1025.0, 1025.0, 1023.0, 1024.0, 1024.0, 1024.0, 1025.0, 1023.0, 1024.0, 1024.0, 1025.0, 1024.0, 1026.0, 1025.0, 1025.0, 1024.0, 1024.0]

l: 174
Real fitness of mutation winner: 1050.0
Noisy fitness of mutation winner: 1050.0
Crossover offspring real fitness: [1025.0, 1024.0, 1024.0, 1023.0, 1025.0, 1026.0, 1024.0, 1025.0, 1023.0, 1025.0, 1024.0, 1023.0, 1025.0, 1025.0, 1024.0, 1025.0, 1026.0, 1024.0, 1024.0, 1024.0, 1023.0, 1024.0, 1026.0, 1024.0, 1024.0, 1024.0, 1024.0, 1024.0, 1024.0, 1024.0, 1021.0, 1025.0, 1023.0, 1026.0, 1025.0, 1024.0, 1026.0, 1025.0, 1025.0, 1022.0, 1024.0, 1024.0, 1025.0, 1023.0, 1023.0, 1022.0, 1023.0, 1024.0, 1023.0, 1024.0, 1025.0, 1024.0, 1024.0, 1026.0, 1023.0, 1023.0, 1023.0, 1024.0, 1024.0, 1024.0, 1024.0, 1025.0, 1025.0, 1023.0, 1024.0, 1025.0, 1026.0, 1024.0, 1025.0, 1024.0, 1024.0, 1024.0, 1025.0, 1024.0, 1023.0, 1024.0, 1024.0, 1024.0, 1023.0, 1022.0, 1024.0, 1026.0, 1026.0, 1027.0, 1024.0, 1023.0, 1024.0, 1024.0, 1023.0, 1025.0, 1024.0, 1023.0, 1024.0, 1026.0, 1024.0, 1025.0, 1024.0, 1024.0, 1023.0, 1024.0, 1024.0, 1024.0, 1024.0, 1021.0, 1024.0, 1024.0, 1025.0, 1023.0, 1025.0, 1024.0, 1024.0, 1024.0, 1024.0, 1025.0, 1025.0, 1024.0, 1025.0, 1024.0, 1023.0, 1023.0, 1024.0, 1024.0, 1025.0, 1024.0, 1024.0, 1024.0, 1024.0, 1023.0, 1024.0, 1023.0, 1023.0, 1023.0, 1026.0, 1024.0, 1024.0, 1024.0, 1024.0, 1025.0, 1025.0, 1022.0, 1024.0, 1024.0, 1023.0, 1023.0, 1024.0, 1025.0, 1026.0, 1024.0, 1023.0, 1025.0, 1024.0, 1026.0, 1025.0, 1024.0, 1024.0, 1025.0, 1025.0, 1024.0, 1024.0, 1025.0, 1024.0]
Crossover offspring noisy fitness: [1025.0, 1024.0, 1024.0, 1023.0, 1025.0, 1026.0, 1024.0, 1025.0, 1022.0, 1025.0, 1024.0, 1023.0, 1025.0, 1025.0, 1024.0, 1025.0, 1026.0, 1024.0, 1024.0, 1024.0, 1023.0, 1024.0, 1026.0, 1024.0, 1024.0, 1024.0, 1024.0, 1024.0, 1023.0, 1024.0, 1021.0, 1025.0, 1023.0, 1026.0, 1025.0, 1024.0, 1026.0, 1025.0, 1025.0, 1022.0, 1024.0, 1024.0, 1025.0, 1023.0, 1023.0, 1022.0, 1023.0, 1024.0, 1023.0, 1024.0, 1025.0, 1024.0, 1024.0, 1026.0, 1023.0, 1023.0, 1023.0, 1024.0, 1024.0, 1024.0, 1024.0, 1026.0, 1025.0, 1023.0, 1024.0, 1025.0, 1026.0, 1024.0, 1025.0, 1024.0, 1024.0, 1024.0, 1025.0, 1024.0, 1023.0, 1024.0, 1024.0, 1024.0, 1023.0, 1022.0, 1024.0, 1026.0, 1026.0, 1027.0, 1024.0, 1023.0, 1024.0, 1024.0, 1023.0, 1025.0, 1024.0, 1023.0, 1023.0, 1026.0, 1024.0, 1025.0, 1024.0, 1024.0, 1023.0, 1024.0, 1024.0, 1024.0, 1024.0, 1021.0, 1025.0, 1024.0, 1025.0, 1023.0, 1025.0, 1024.0, 1024.0, 1024.0, 1024.0, 1025.0, 1025.0, 1024.0, 1025.0, 1024.0, 1024.0, 1023.0, 1024.0, 1024.0, 1025.0, 1024.0, 1024.0, 1024.0, 1024.0, 1023.0, 1024.0, 1023.0, 1023.0, 1023.0, 1026.0, 1024.0, 1024.0, 1024.0, 1024.0, 1025.0, 1025.0, 1022.0, 1024.0, 1024.0, 1023.0, 1023.0, 1024.0, 1025.0, 1026.0, 1024.0, 1023.0, 1026.0, 1024.0, 1026.0, 1025.0, 1024.0, 1024.0, 1025.0, 1025.0, 1024.0, 1024.0, 1025.0, 1023.0]

l: 150
Real fitness of mutation winner: 1048.0
Noisy fitness of mutation winner: 1048.0
Crossover offspring real fitness: [1027.0, 1024.0, 1024.0, 1026.0, 1023.0, 1022.0, 1023.0, 1025.0, 1025.0, 1024.0, 1024.0, 1023.0, 1025.0, 1024.0, 1024.0, 1024.0, 1025.0, 1025.0, 1025.0, 1024.0, 1024.0, 1024.0, 1024.0, 1024.0, 1024.0, 1024.0, 1023.0, 1023.0, 1024.0, 1024.0, 1024.0, 1026.0, 1024.0, 1024.0, 1023.0, 1025.0, 1022.0, 1024.0, 1024.0, 1023.0, 1024.0, 1024.0, 1024.0, 1024.0, 1024.0, 1024.0, 1023.0, 1022.0, 1025.0, 1025.0, 1024.0, 1025.0, 1025.0, 1024.0, 1025.0, 1024.0, 1024.0, 1025.0, 1024.0, 1025.0, 1025.0, 1024.0, 1023.0, 1024.0, 1025.0, 1024.0, 1025.0, 1024.0, 1023.0, 1023.0, 1024.0, 1024.0, 1024.0, 1023.0, 1025.0, 1024.0, 1025.0, 1024.0, 1024.0, 1025.0, 1024.0, 1025.0, 1024.0, 1024.0, 1023.0, 1024.0, 1024.0, 1024.0, 1024.0, 1023.0, 1025.0, 1024.0, 1025.0, 1024.0, 1024.0, 1024.0, 1025.0, 1023.0, 1023.0, 1024.0, 1023.0, 1024.0, 1023.0, 1024.0, 1027.0, 1024.0, 1024.0, 1023.0, 1024.0, 1023.0, 1023.0, 1024.0, 1022.0, 1024.0, 1025.0, 1025.0, 1024.0, 1024.0, 1024.0, 1025.0, 1024.0, 1024.0, 1024.0, 1027.0, 1024.0, 1024.0, 1024.0, 1022.0, 1023.0, 1025.0, 1025.0, 1024.0, 1024.0, 1024.0, 1023.0, 1023.0, 1024.0, 1025.0, 1024.0, 1024.0, 1025.0, 1025.0, 1024.0, 1024.0, 1024.0, 1024.0, 1024.0, 1024.0, 1024.0, 1023.0, 1024.0, 1025.0, 1024.0, 1023.0, 1025.0, 1024.0, 1025.0, 1025.0, 1024.0, 1025.0, 1023.0]
Crossover offspring noisy fitness: [1027.0, 1024.0, 1024.0, 1026.0, 1023.0, 1022.0, 1023.0, 1025.0, 1025.0, 1024.0, 1024.0, 1024.0, 1025.0, 1024.0, 1024.0, 1024.0, 1025.0, 1025.0, 1025.0, 1024.0, 1024.0, 1024.0, 1024.0, 1024.0, 1025.0, 1024.0, 1023.0, 1023.0, 1024.0, 1024.0, 1024.0, 1026.0, 1024.0, 1024.0, 1023.0, 1025.0, 1022.0, 1024.0, 1024.0, 1023.0, 1024.0, 1024.0, 1024.0, 1024.0, 1023.0, 1024.0, 1023.0, 1022.0, 1025.0, 1025.0, 1024.0, 1025.0, 1025.0, 1024.0, 1025.0, 1024.0, 1024.0, 1025.0, 1024.0, 1025.0, 1025.0, 1024.0, 1023.0, 1024.0, 1025.0, 1024.0, 1025.0, 1024.0, 1023.0, 1023.0, 1024.0, 1024.0, 1024.0, 1023.0, 1025.0, 1024.0, 1025.0, 1024.0, 1024.0, 1025.0, 1024.0, 1025.0, 1024.0, 1024.0, 1023.0, 1024.0, 1024.0, 1024.0, 1024.0, 1023.0, 1025.0, 1024.0, 1025.0, 1024.0, 1024.0, 1024.0, 1025.0, 1023.0, 1023.0, 1024.0, 1023.0, 1024.0, 1023.0, 1024.0, 1027.0, 1024.0, 1024.0, 1023.0, 1024.0, 1023.0, 1023.0, 1024.0, 1022.0, 1024.0, 1025.0, 1025.0, 1024.0, 1024.0, 1024.0, 1025.0, 1024.0, 1025.0, 1024.0, 1027.0, 1024.0, 1024.0, 1024.0, 1022.0, 1023.0, 1025.0, 1026.0, 1024.0, 1024.0, 1024.0, 1023.0, 1023.0, 1024.0, 1025.0, 1024.0, 1024.0, 1025.0, 1026.0, 1024.0, 1024.0, 1024.0, 1024.0, 1024.0, 1024.0, 1025.0, 1023.0, 1024.0, 1025.0, 1024.0, 1023.0, 1025.0, 1024.0, 1025.0, 1025.0, 1024.0, 1025.0, 1023.0]

