l: 47
Fitness of mutation winner: 1049.0
Crossover offspring real fitness: [1024.0, 1025.0, 1024.0, 1024.0, 1027.0, 1024.0, 1023.0, 1024.0, 1024.0, 1024.0, 1025.0, 1026.0, 1024.0, 1024.0, 1025.0, 1024.0, 1023.0, 1025.0, 1025.0, 1025.0, 1026.0, 1024.0, 1024.0, 1025.0, 1023.0, 1023.0, 1027.0, 1026.0, 1024.0, 1024.0, 1024.0, 1026.0, 1024.0, 1024.0, 1024.0, 1024.0, 1024.0, 1024.0, 1025.0, 1023.0, 1025.0, 1026.0, 1024.0, 1025.0, 1023.0]
Crossover offspring noisy fitness: [1024.0, 1025.0, 1024.0, 1024.0, 1027.0, 1024.0, 1023.0, 1023.0, 1024.0, 1024.0, 1025.0, 1026.0, 1024.0, 1024.0, 1025.0, 1024.0, 1023.0, 1025.0, 1025.0, 1025.0, 1026.0, 1024.0, 1024.0, 1025.0, 1023.0, 1023.0, 1027.0, 1026.0, 1023.0, 1024.0, 1024.0, 1026.0, 1024.0, 1024.0, 1024.0, 1024.0, 1024.0, 1024.0, 1025.0, 1023.0, 1025.0, 1026.0, 1024.0, 1025.0, 1023.0]

l: 40
Fitness of mutation winner: 1042.0
Crossover offspring real fitness: [1024.0, 1025.0, 1025.0, 1024.0, 1025.0, 1025.0, 1024.0, 1025.0, 1024.0, 1028.0, 1024.0, 1024.0, 1024.0, 1024.0, 1025.0, 1024.0, 1024.0, 1023.0, 1024.0, 1024.0, 1023.0, 1025.0, 1024.0, 1024.0, 1025.0, 1024.0, 1025.0, 1025.0, 1023.0, 1025.0, 1025.0, 1024.0, 1024.0, 1024.0, 1025.0, 1024.0, 1024.0, 1024.0, 1024.0, 1024.0, 1025.0, 1024.0, 1025.0, 1025.0, 1023.0]
Crossover offspring noisy fitness: [1024.0, 1025.0, 1025.0, 1024.0, 1025.0, 1025.0, 1024.0, 1025.0, 1024.0, 1027.0, 1024.0, 1024.0, 1024.0, 1024.0, 1025.0, 1024.0, 1024.0, 1023.0, 1024.0, 1024.0, 1023.0, 1025.0, 1024.0, 1024.0, 1025.0, 1024.0, 1025.0, 1025.0, 1023.0, 1025.0, 1025.0, 1024.0, 1024.0, 1024.0, 1025.0, 1024.0, 1024.0, 1024.0, 1024.0, 1024.0, 1025.0, 1024.0, 1025.0, 1025.0, 1023.0]

l: 48
Fitness of mutation winner: 1038.0
Crossover offspring real fitness: [1026.0, 1026.0, 1025.0, 1024.0, 1025.0, 1024.0, 1025.0, 1024.0, 1024.0, 1025.0, 1023.0, 1024.0, 1024.0, 1024.0, 1025.0, 1024.0, 1024.0, 1025.0, 1025.0, 1023.0, 1024.0, 1025.0, 1024.0, 1025.0, 1025.0, 1024.0, 1024.0, 1024.0, 1024.0, 1024.0, 1023.0, 1024.0, 1024.0, 1025.0, 1026.0, 1025.0, 1024.0, 1025.0, 1026.0, 1024.0, 1023.0, 1025.0, 1025.0, 1026.0, 1024.0]
Crossover offspring noisy fitness: [1025.0, 1026.0, 1025.0, 1024.0, 1024.0, 1024.0, 1025.0, 1024.0, 1024.0, 1025.0, 1023.0, 1024.0, 1024.0, 1024.0, 1025.0, 1024.0, 1024.0, 1025.0, 1025.0, 1023.0, 1024.0, 1025.0, 1024.0, 1025.0, 1025.0, 1024.0, 1024.0, 1023.0, 1024.0, 1024.0, 1024.0, 1024.0, 1024.0, 1024.0, 1026.0, 1025.0, 1024.0, 1025.0, 1026.0, 1024.0, 1023.0, 1025.0, 1025.0, 1026.0, 1024.0]

l: 47
Fitness of mutation winner: 1039.0
Crossover offspring real fitness: [1023.0, 1025.0, 1023.0, 1024.0, 1024.0, 1024.0, 1021.0, 1025.0, 1024.0, 1024.0, 1024.0, 1024.0, 1025.0, 1026.0, 1023.0, 1024.0, 1024.0, 1025.0, 1025.0, 1026.0, 1026.0, 1024.0, 1024.0, 1022.0, 1025.0, 1024.0, 1024.0, 1025.0, 1024.0, 1024.0, 1023.0, 1024.0, 1024.0, 1024.0, 1023.0, 1022.0, 1025.0, 1026.0, 1024.0, 1025.0, 1024.0, 1025.0, 1026.0, 1025.0, 1025.0]
Crossover offspring noisy fitness: [1023.0, 1025.0, 1023.0, 1024.0, 1024.0, 1024.0, 1021.0, 1025.0, 1024.0, 1024.0, 1024.0, 1024.0, 1025.0, 1026.0, 1023.0, 1024.0, 1024.0, 1025.0, 1026.0, 1026.0, 1026.0, 1024.0, 1024.0, 1022.0, 1025.0, 1024.0, 1024.0, 1025.0, 1024.0, 1024.0, 1023.0, 1024.0, 1024.0, 1025.0, 1023.0, 1022.0, 1025.0, 1026.0, 1024.0, 1024.0, 1024.0, 1025.0, 1026.0, 1025.0, 1025.0]

