l: 176
Real fitness of mutation winner: 1060.0
Noisy fitness of mutation winner: 1060.0
Crossover offspring real fitness: [1025.0, 1026.0, 1023.0, 1025.0, 1025.0, 1023.0, 1025.0, 1024.0, 1024.0, 1024.0, 1025.0, 1025.0, 1024.0, 1025.0, 1025.0, 1024.0, 1023.0, 1024.0, 1025.0, 1025.0, 1025.0, 1026.0, 1024.0, 1024.0, 1024.0, 1025.0, 1022.0, 1026.0, 1024.0, 1025.0, 1023.0, 1024.0, 1025.0, 1024.0, 1025.0, 1024.0, 1025.0, 1023.0, 1025.0, 1024.0, 1023.0, 1024.0, 1024.0, 1024.0, 1024.0, 1026.0, 1024.0, 1023.0, 1024.0, 1024.0, 1024.0, 1026.0, 1024.0, 1024.0, 1024.0, 1023.0, 1025.0, 1022.0, 1024.0, 1023.0, 1025.0, 1025.0, 1024.0, 1024.0, 1024.0, 1024.0, 1023.0, 1023.0, 1024.0, 1025.0, 1022.0, 1024.0, 1025.0, 1025.0, 1025.0, 1024.0, 1024.0, 1024.0, 1025.0, 1024.0, 1027.0, 1024.0, 1023.0, 1024.0, 1024.0, 1024.0, 1025.0, 1025.0, 1024.0, 1024.0, 1024.0, 1026.0, 1024.0, 1026.0, 1025.0, 1023.0, 1023.0, 1023.0, 1025.0, 1022.0, 1024.0, 1026.0, 1024.0, 1024.0, 1022.0, 1024.0, 1027.0, 1027.0, 1024.0, 1023.0, 1027.0, 1024.0, 1024.0, 1024.0, 1025.0, 1024.0, 1024.0, 1024.0, 1024.0, 1024.0, 1024.0, 1023.0, 1024.0, 1025.0, 1023.0, 1023.0, 1024.0, 1027.0, 1027.0, 1024.0, 1024.0, 1023.0, 1024.0, 1023.0, 1024.0, 1026.0, 1025.0, 1025.0, 1024.0, 1026.0, 1024.0, 1025.0, 1025.0, 1023.0, 1025.0, 1024.0, 1025.0, 1024.0, 1025.0, 1024.0, 1024.0, 1023.0, 1024.0, 1025.0, 1025.0, 1024.0, 1024.0, 1023.0, 1026.0, 1025.0, 1024.0]
Crossover offspring noisy fitness: [1025.0, 1026.0, 1023.0, 1025.0, 1025.0, 1023.0, 1025.0, 1024.0, 1024.0, 1024.0, 1025.0, 1025.0, 1024.0, 1025.0, 1025.0, 1024.0, 1023.0, 1024.0, 1025.0, 1025.0, 1025.0, 1026.0, 1024.0, 1024.0, 1024.0, 1025.0, 1022.0, 1026.0, 1024.0, 1025.0, 1023.0, 1024.0, 1025.0, 1024.0, 1025.0, 1024.0, 1025.0, 1023.0, 1025.0, 1024.0, 1023.0, 1024.0, 1024.0, 1024.0, 1024.0, 1026.0, 1024.0, 1023.0, 1024.0, 1024.0, 1024.0, 1026.0, 1024.0, 1024.0, 1024.0, 1023.0, 1025.0, 1022.0, 1024.0, 1023.0, 1025.0, 1025.0, 1024.0, 1024.0, 1024.0, 1025.0, 1023.0, 1023.0, 1024.0, 1025.0, 1023.0, 1024.0, 1025.0, 1024.0, 1025.0, 1024.0, 1024.0, 1024.0, 1025.0, 1024.0, 1027.0, 1024.0, 1023.0, 1024.0, 1024.0, 1024.0, 1025.0, 1025.0, 1024.0, 1024.0, 1024.0, 1026.0, 1024.0, 1026.0, 1025.0, 1023.0, 1023.0, 1023.0, 1025.0, 1022.0, 1024.0, 1027.0, 1024.0, 1024.0, 1022.0, 1024.0, 1027.0, 1027.0, 1024.0, 1023.0, 1027.0, 1024.0, 1024.0, 1024.0, 1025.0, 1024.0, 1024.0, 1024.0, 1024.0, 1024.0, 1024.0, 1023.0, 1024.0, 1025.0, 1023.0, 1023.0, 1024.0, 1027.0, 1027.0, 1024.0, 1024.0, 1023.0, 1024.0, 1023.0, 1024.0, 1026.0, 1025.0, 1025.0, 1024.0, 1026.0, 1024.0, 1025.0, 1025.0, 1023.0, 1025.0, 1025.0, 1025.0, 1024.0, 1025.0, 1024.0, 1024.0, 1023.0, 1024.0, 1025.0, 1025.0, 1024.0, 1024.0, 1023.0, 1026.0, 1025.0, 1024.0]

l: 147
Real fitness of mutation winner: 1057.0
Noisy fitness of mutation winner: 1057.0
Crossover offspring real fitness: [1026.0, 1024.0, 1024.0, 1024.0, 1024.0, 1025.0, 1024.0, 1025.0, 1024.0, 1024.0, 1022.0, 1025.0, 1023.0, 1026.0, 1025.0, 1025.0, 1025.0, 1021.0, 1024.0, 1024.0, 1025.0, 1024.0, 1023.0, 1023.0, 1024.0, 1023.0, 1024.0, 1023.0, 1026.0, 1024.0, 1023.0, 1024.0, 1025.0, 1024.0, 1024.0, 1025.0, 1024.0, 1024.0, 1026.0, 1025.0, 1025.0, 1024.0, 1027.0, 1025.0, 1023.0, 1023.0, 1026.0, 1023.0, 1025.0, 1023.0, 1025.0, 1024.0, 1024.0, 1025.0, 1024.0, 1024.0, 1023.0, 1024.0, 1023.0, 1023.0, 1026.0, 1026.0, 1024.0, 1025.0, 1024.0, 1025.0, 1023.0, 1026.0, 1024.0, 1024.0, 1025.0, 1024.0, 1024.0, 1025.0, 1026.0, 1024.0, 1024.0, 1024.0, 1024.0, 1024.0, 1025.0, 1025.0, 1024.0, 1025.0, 1023.0, 1024.0, 1026.0, 1023.0, 1024.0, 1024.0, 1025.0, 1024.0, 1024.0, 1024.0, 1024.0, 1024.0, 1025.0, 1024.0, 1022.0, 1023.0, 1025.0, 1024.0, 1026.0, 1023.0, 1022.0, 1024.0, 1025.0, 1024.0, 1023.0, 1024.0, 1026.0, 1025.0, 1024.0, 1024.0, 1024.0, 1025.0, 1024.0, 1025.0, 1023.0, 1025.0, 1025.0, 1024.0, 1027.0, 1024.0, 1025.0, 1024.0, 1023.0, 1024.0, 1024.0, 1024.0, 1025.0, 1023.0, 1022.0, 1024.0, 1025.0, 1023.0, 1024.0, 1025.0, 1023.0, 1024.0, 1025.0, 1024.0, 1025.0, 1025.0, 1026.0, 1023.0, 1024.0, 1024.0, 1024.0, 1026.0, 1026.0, 1025.0, 1025.0, 1024.0, 1021.0, 1023.0, 1022.0, 1023.0, 1025.0, 1025.0, 1025.0]
Crossover offspring noisy fitness: [1026.0, 1024.0, 1024.0, 1024.0, 1024.0, 1025.0, 1024.0, 1025.0, 1024.0, 1024.0, 1022.0, 1025.0, 1023.0, 1026.0, 1025.0, 1025.0, 1025.0, 1021.0, 1024.0, 1024.0, 1025.0, 1025.0, 1023.0, 1023.0, 1024.0, 1023.0, 1024.0, 1023.0, 1025.0, 1024.0, 1023.0, 1024.0, 1025.0, 1024.0, 1024.0, 1025.0, 1024.0, 1024.0, 1026.0, 1025.0, 1025.0, 1024.0, 1027.0, 1025.0, 1023.0, 1023.0, 1026.0, 1023.0, 1025.0, 1023.0, 1026.0, 1025.0, 1024.0, 1025.0, 1024.0, 1024.0, 1023.0, 1024.0, 1023.0, 1023.0, 1026.0, 1026.0, 1024.0, 1025.0, 1024.0, 1025.0, 1023.0, 1026.0, 1024.0, 1024.0, 1024.0, 1024.0, 1024.0, 1025.0, 1026.0, 1024.0, 1024.0, 1024.0, 1024.0, 1024.0, 1025.0, 1025.0, 1024.0, 1025.0, 1023.0, 1024.0, 1025.0, 1023.0, 1024.0, 1024.0, 1025.0, 1024.0, 1024.0, 1024.0, 1024.0, 1024.0, 1024.0, 1024.0, 1022.0, 1023.0, 1025.0, 1024.0, 1026.0, 1023.0, 1022.0, 1024.0, 1025.0, 1024.0, 1023.0, 1024.0, 1026.0, 1025.0, 1024.0, 1024.0, 1024.0, 1025.0, 1024.0, 1025.0, 1023.0, 1025.0, 1025.0, 1024.0, 1027.0, 1024.0, 1025.0, 1024.0, 1023.0, 1024.0, 1024.0, 1024.0, 1025.0, 1023.0, 1022.0, 1024.0, 1025.0, 1023.0, 1024.0, 1025.0, 1023.0, 1024.0, 1025.0, 1024.0, 1025.0, 1025.0, 1026.0, 1023.0, 1024.0, 1024.0, 1024.0, 1026.0, 1026.0, 1025.0, 1025.0, 1024.0, 1021.0, 1023.0, 1022.0, 1023.0, 1025.0, 1025.0, 1025.0]

l: 162
Real fitness of mutation winner: 1050.0
Noisy fitness of mutation winner: 1050.0
Crossover offspring real fitness: [1024.0, 1025.0, 1024.0, 1025.0, 1022.0, 1023.0, 1025.0, 1024.0, 1025.0, 1025.0, 1024.0, 1023.0, 1024.0, 1024.0, 1024.0, 1024.0, 1024.0, 1024.0, 1024.0, 1024.0, 1024.0, 1024.0, 1023.0, 1024.0, 1024.0, 1024.0, 1025.0, 1024.0, 1024.0, 1024.0, 1025.0, 1026.0, 1023.0, 1023.0, 1024.0, 1024.0, 1024.0, 1023.0, 1024.0, 1024.0, 1025.0, 1024.0, 1023.0, 1024.0, 1023.0, 1024.0, 1025.0, 1023.0, 1022.0, 1023.0, 1024.0, 1024.0, 1024.0, 1025.0, 1024.0, 1023.0, 1024.0, 1025.0, 1023.0, 1022.0, 1024.0, 1026.0, 1024.0, 1024.0, 1024.0, 1024.0, 1024.0, 1024.0, 1024.0, 1025.0, 1024.0, 1024.0, 1024.0, 1024.0, 1023.0, 1024.0, 1024.0, 1024.0, 1024.0, 1026.0, 1024.0, 1026.0, 1025.0, 1024.0, 1024.0, 1024.0, 1024.0, 1023.0, 1026.0, 1023.0, 1024.0, 1026.0, 1023.0, 1023.0, 1024.0, 1023.0, 1025.0, 1025.0, 1024.0, 1024.0, 1025.0, 1025.0, 1024.0, 1025.0, 1025.0, 1025.0, 1025.0, 1023.0, 1024.0, 1025.0, 1025.0, 1023.0, 1024.0, 1023.0, 1025.0, 1026.0, 1023.0, 1025.0, 1024.0, 1026.0, 1025.0, 1024.0, 1022.0, 1026.0, 1026.0, 1026.0, 1023.0, 1025.0, 1024.0, 1024.0, 1025.0, 1024.0, 1023.0, 1025.0, 1024.0, 1024.0, 1024.0, 1027.0, 1024.0, 1024.0, 1026.0, 1024.0, 1025.0, 1025.0, 1023.0, 1024.0, 1022.0, 1024.0, 1023.0, 1024.0, 1023.0, 1026.0, 1023.0, 1024.0, 1026.0, 1024.0, 1024.0, 1025.0, 1025.0, 1024.0, 1025.0]
Crossover offspring noisy fitness: [1024.0, 1025.0, 1024.0, 1025.0, 1021.0, 1023.0, 1025.0, 1024.0, 1025.0, 1024.0, 1024.0, 1023.0, 1024.0, 1024.0, 1025.0, 1025.0, 1024.0, 1024.0, 1024.0, 1024.0, 1025.0, 1024.0, 1023.0, 1024.0, 1024.0, 1024.0, 1025.0, 1024.0, 1024.0, 1024.0, 1025.0, 1026.0, 1023.0, 1023.0, 1024.0, 1024.0, 1024.0, 1023.0, 1024.0, 1024.0, 1025.0, 1024.0, 1023.0, 1024.0, 1023.0, 1024.0, 1025.0, 1023.0, 1022.0, 1023.0, 1024.0, 1024.0, 1025.0, 1025.0, 1024.0, 1023.0, 1024.0, 1025.0, 1023.0, 1022.0, 1024.0, 1026.0, 1024.0, 1024.0, 1024.0, 1024.0, 1024.0, 1024.0, 1023.0, 1025.0, 1024.0, 1023.0, 1024.0, 1024.0, 1023.0, 1024.0, 1024.0, 1024.0, 1024.0, 1026.0, 1024.0, 1026.0, 1025.0, 1024.0, 1024.0, 1025.0, 1024.0, 1023.0, 1026.0, 1023.0, 1024.0, 1026.0, 1023.0, 1023.0, 1024.0, 1023.0, 1025.0, 1025.0, 1024.0, 1024.0, 1025.0, 1025.0, 1024.0, 1025.0, 1026.0, 1025.0, 1025.0, 1023.0, 1024.0, 1025.0, 1025.0, 1023.0, 1024.0, 1023.0, 1025.0, 1027.0, 1023.0, 1025.0, 1024.0, 1026.0, 1025.0, 1024.0, 1022.0, 1026.0, 1026.0, 1026.0, 1023.0, 1025.0, 1024.0, 1024.0, 1025.0, 1023.0, 1023.0, 1025.0, 1024.0, 1024.0, 1024.0, 1027.0, 1024.0, 1024.0, 1026.0, 1024.0, 1025.0, 1025.0, 1023.0, 1024.0, 1022.0, 1024.0, 1023.0, 1024.0, 1023.0, 1026.0, 1023.0, 1024.0, 1026.0, 1024.0, 1024.0, 1025.0, 1025.0, 1024.0, 1025.0]

l: 161
Real fitness of mutation winner: 1061.0
Noisy fitness of mutation winner: 1061.0
Crossover offspring real fitness: [1023.0, 1024.0, 1024.0, 1023.0, 1025.0, 1025.0, 1024.0, 1023.0, 1026.0, 1024.0, 1024.0, 1025.0, 1024.0, 1025.0, 1024.0, 1025.0, 1024.0, 1025.0, 1025.0, 1024.0, 1023.0, 1025.0, 1024.0, 1023.0, 1024.0, 1026.0, 1024.0, 1025.0, 1026.0, 1023.0, 1025.0, 1025.0, 1025.0, 1025.0, 1025.0, 1023.0, 1024.0, 1024.0, 1024.0, 1024.0, 1023.0, 1024.0, 1024.0, 1026.0, 1023.0, 1023.0, 1025.0, 1024.0, 1024.0, 1025.0, 1024.0, 1025.0, 1024.0, 1024.0, 1024.0, 1024.0, 1024.0, 1025.0, 1024.0, 1025.0, 1025.0, 1024.0, 1026.0, 1025.0, 1024.0, 1024.0, 1025.0, 1024.0, 1025.0, 1023.0, 1024.0, 1024.0, 1024.0, 1024.0, 1024.0, 1024.0, 1024.0, 1024.0, 1024.0, 1023.0, 1026.0, 1024.0, 1024.0, 1022.0, 1025.0, 1023.0, 1024.0, 1024.0, 1024.0, 1024.0, 1025.0, 1024.0, 1024.0, 1023.0, 1024.0, 1026.0, 1024.0, 1025.0, 1024.0, 1024.0, 1024.0, 1025.0, 1021.0, 1025.0, 1024.0, 1025.0, 1023.0, 1024.0, 1024.0, 1025.0, 1023.0, 1024.0, 1026.0, 1024.0, 1027.0, 1024.0, 1025.0, 1025.0, 1024.0, 1024.0, 1025.0, 1024.0, 1023.0, 1024.0, 1025.0, 1024.0, 1025.0, 1023.0, 1024.0, 1025.0, 1024.0, 1024.0, 1026.0, 1024.0, 1026.0, 1025.0, 1023.0, 1027.0, 1024.0, 1024.0, 1026.0, 1024.0, 1026.0, 1024.0, 1024.0, 1025.0, 1027.0, 1023.0, 1024.0, 1024.0, 1024.0, 1024.0, 1026.0, 1024.0, 1023.0, 1023.0, 1024.0, 1024.0, 1024.0, 1024.0, 1025.0]
Crossover offspring noisy fitness: [1023.0, 1024.0, 1024.0, 1023.0, 1025.0, 1025.0, 1024.0, 1023.0, 1026.0, 1023.0, 1024.0, 1025.0, 1024.0, 1025.0, 1024.0, 1025.0, 1024.0, 1025.0, 1024.0, 1024.0, 1023.0, 1025.0, 1024.0, 1023.0, 1024.0, 1026.0, 1024.0, 1024.0, 1025.0, 1023.0, 1025.0, 1025.0, 1025.0, 1025.0, 1026.0, 1023.0, 1024.0, 1024.0, 1024.0, 1023.0, 1023.0, 1024.0, 1024.0, 1026.0, 1023.0, 1023.0, 1025.0, 1024.0, 1024.0, 1025.0, 1024.0, 1025.0, 1024.0, 1024.0, 1024.0, 1023.0, 1024.0, 1025.0, 1024.0, 1025.0, 1025.0, 1024.0, 1026.0, 1025.0, 1024.0, 1024.0, 1025.0, 1024.0, 1025.0, 1023.0, 1024.0, 1024.0, 1024.0, 1024.0, 1024.0, 1024.0, 1024.0, 1024.0, 1024.0, 1023.0, 1026.0, 1023.0, 1024.0, 1022.0, 1025.0, 1023.0, 1024.0, 1024.0, 1024.0, 1024.0, 1025.0, 1024.0, 1024.0, 1023.0, 1024.0, 1026.0, 1024.0, 1025.0, 1024.0, 1024.0, 1024.0, 1025.0, 1021.0, 1025.0, 1024.0, 1025.0, 1023.0, 1024.0, 1024.0, 1025.0, 1024.0, 1024.0, 1026.0, 1024.0, 1027.0, 1024.0, 1024.0, 1025.0, 1024.0, 1024.0, 1025.0, 1024.0, 1023.0, 1024.0, 1025.0, 1024.0, 1025.0, 1023.0, 1024.0, 1025.0, 1024.0, 1024.0, 1026.0, 1024.0, 1026.0, 1025.0, 1023.0, 1027.0, 1024.0, 1024.0, 1026.0, 1024.0, 1026.0, 1023.0, 1024.0, 1025.0, 1027.0, 1023.0, 1024.0, 1024.0, 1024.0, 1024.0, 1026.0, 1024.0, 1023.0, 1023.0, 1024.0, 1024.0, 1024.0, 1024.0, 1025.0]

