l: 55
Fitness of mutation winner: 1047.0
Crossover offspring real fitness: [1025.0, 1025.0, 1024.0, 1026.0, 1022.0, 1024.0, 1024.0, 1024.0, 1025.0, 1024.0, 1024.0, 1025.0, 1025.0, 1024.0, 1025.0, 1024.0, 1025.0, 1024.0, 1024.0, 1024.0, 1024.0, 1025.0, 1024.0, 1026.0, 1025.0, 1024.0, 1026.0, 1025.0, 1022.0, 1024.0, 1027.0, 1024.0, 1023.0, 1024.0, 1024.0, 1024.0, 1025.0, 1026.0, 1025.0, 1026.0, 1025.0, 1025.0, 1024.0, 1026.0, 1023.0]
Crossover offspring noisy fitness: [1025.0, 1025.0, 1023.0, 1026.0, 1022.0, 1024.0, 1024.0, 1024.0, 1025.0, 1024.0, 1024.0, 1025.0, 1025.0, 1024.0, 1025.0, 1024.0, 1025.0, 1024.0, 1024.0, 1024.0, 1024.0, 1025.0, 1024.0, 1026.0, 1025.0, 1024.0, 1026.0, 1025.0, 1022.0, 1024.0, 1027.0, 1024.0, 1023.0, 1024.0, 1024.0, 1024.0, 1025.0, 1026.0, 1025.0, 1026.0, 1025.0, 1025.0, 1024.0, 1026.0, 1024.0]

l: 47
Fitness of mutation winner: 1039.0
Crossover offspring real fitness: [1025.0, 1023.0, 1025.0, 1024.0, 1024.0, 1024.0, 1025.0, 1025.0, 1023.0, 1024.0, 1025.0, 1024.0, 1024.0, 1024.0, 1026.0, 1023.0, 1024.0, 1025.0, 1025.0, 1023.0, 1025.0, 1026.0, 1025.0, 1024.0, 1024.0, 1025.0, 1025.0, 1025.0, 1023.0, 1026.0, 1025.0, 1026.0, 1023.0, 1021.0, 1024.0, 1025.0, 1024.0, 1025.0, 1025.0, 1024.0, 1024.0, 1023.0, 1024.0, 1024.0, 1024.0]
Crossover offspring noisy fitness: [1025.0, 1023.0, 1024.0, 1024.0, 1024.0, 1024.0, 1025.0, 1025.0, 1023.0, 1023.0, 1026.0, 1024.0, 1024.0, 1023.0, 1026.0, 1023.0, 1024.0, 1025.0, 1025.0, 1023.0, 1025.0, 1026.0, 1025.0, 1024.0, 1025.0, 1025.0, 1025.0, 1025.0, 1023.0, 1026.0, 1025.0, 1026.0, 1023.0, 1021.0, 1024.0, 1025.0, 1024.0, 1025.0, 1025.0, 1024.0, 1024.0, 1023.0, 1024.0, 1024.0, 1024.0]

l: 55
Fitness of mutation winner: 1043.0
Crossover offspring real fitness: [1024.0, 1025.0, 1024.0, 1026.0, 1023.0, 1025.0, 1024.0, 1025.0, 1025.0, 1024.0, 1025.0, 1025.0, 1025.0, 1025.0, 1023.0, 1025.0, 1025.0, 1025.0, 1023.0, 1024.0, 1024.0, 1023.0, 1024.0, 1024.0, 1025.0, 1026.0, 1025.0, 1025.0, 1025.0, 1023.0, 1025.0, 1025.0, 1025.0, 1024.0, 1027.0, 1024.0, 1024.0, 1023.0, 1026.0, 1025.0, 1024.0, 1025.0, 1025.0, 1025.0, 1023.0]
Crossover offspring noisy fitness: [1024.0, 1025.0, 1024.0, 1026.0, 1023.0, 1025.0, 1024.0, 1025.0, 1025.0, 1024.0, 1026.0, 1025.0, 1025.0, 1025.0, 1023.0, 1026.0, 1025.0, 1025.0, 1023.0, 1024.0, 1024.0, 1023.0, 1024.0, 1024.0, 1025.0, 1026.0, 1024.0, 1025.0, 1026.0, 1023.0, 1025.0, 1025.0, 1025.0, 1024.0, 1027.0, 1024.0, 1024.0, 1023.0, 1026.0, 1025.0, 1025.0, 1026.0, 1025.0, 1025.0, 1023.0]

l: 52
Fitness of mutation winner: 1042.0
Crossover offspring real fitness: [1025.0, 1025.0, 1025.0, 1023.0, 1025.0, 1025.0, 1023.0, 1025.0, 1024.0, 1025.0, 1024.0, 1024.0, 1023.0, 1024.0, 1023.0, 1024.0, 1023.0, 1023.0, 1025.0, 1024.0, 1023.0, 1025.0, 1024.0, 1024.0, 1025.0, 1025.0, 1024.0, 1024.0, 1027.0, 1023.0, 1025.0, 1025.0, 1025.0, 1027.0, 1024.0, 1023.0, 1024.0, 1023.0, 1024.0, 1024.0, 1025.0, 1024.0, 1026.0, 1024.0, 1025.0]
Crossover offspring noisy fitness: [1024.0, 1025.0, 1025.0, 1023.0, 1025.0, 1025.0, 1023.0, 1025.0, 1024.0, 1025.0, 1024.0, 1024.0, 1024.0, 1024.0, 1024.0, 1024.0, 1023.0, 1023.0, 1025.0, 1024.0, 1023.0, 1025.0, 1024.0, 1024.0, 1025.0, 1025.0, 1024.0, 1024.0, 1027.0, 1023.0, 1025.0, 1025.0, 1025.0, 1027.0, 1024.0, 1023.0, 1023.0, 1023.0, 1024.0, 1024.0, 1025.0, 1023.0, 1026.0, 1024.0, 1025.0]

