l: 160
Fitness of mutation winner: 1052.0
Crossover offspring real fitness: [1026.0, 1024.0, 1023.0, 1025.0, 1024.0, 1024.0, 1025.0, 1025.0, 1025.0, 1024.0, 1023.0, 1024.0, 1025.0, 1024.0, 1023.0, 1025.0, 1026.0, 1024.0, 1024.0, 1023.0, 1023.0, 1025.0, 1028.0, 1024.0, 1023.0, 1024.0, 1025.0, 1024.0, 1024.0, 1024.0, 1026.0, 1024.0, 1025.0, 1025.0, 1025.0, 1024.0, 1022.0, 1024.0, 1023.0, 1025.0, 1024.0, 1024.0, 1025.0, 1024.0, 1026.0, 1025.0, 1024.0, 1023.0, 1024.0, 1024.0, 1024.0, 1025.0, 1024.0, 1025.0, 1022.0, 1026.0, 1025.0, 1024.0, 1024.0, 1024.0, 1025.0, 1023.0, 1024.0, 1023.0, 1024.0, 1024.0, 1024.0, 1023.0, 1024.0, 1021.0, 1025.0, 1025.0, 1024.0, 1025.0, 1024.0, 1023.0, 1024.0, 1024.0, 1022.0, 1024.0, 1024.0, 1024.0, 1023.0, 1024.0, 1026.0, 1023.0, 1022.0, 1024.0, 1025.0, 1023.0, 1026.0, 1023.0, 1024.0, 1025.0, 1024.0, 1023.0, 1023.0, 1024.0, 1025.0, 1024.0, 1025.0, 1025.0, 1024.0, 1024.0, 1023.0, 1025.0, 1024.0, 1023.0, 1025.0, 1024.0, 1022.0, 1024.0, 1023.0, 1024.0, 1026.0, 1023.0, 1025.0, 1024.0, 1025.0, 1024.0, 1024.0, 1023.0, 1025.0, 1024.0, 1024.0, 1024.0, 1025.0, 1024.0, 1024.0, 1026.0, 1024.0, 1024.0, 1025.0, 1022.0, 1025.0, 1023.0, 1024.0, 1023.0, 1025.0, 1025.0, 1027.0, 1024.0, 1024.0, 1024.0, 1023.0, 1023.0, 1024.0, 1024.0, 1024.0, 1023.0, 1024.0, 1023.0, 1024.0, 1025.0, 1024.0, 1024.0, 1023.0, 1023.0, 1024.0, 1024.0, 1024.0]
Crossover offspring noisy fitness: [1026.0, 1024.0, 1023.0, 1025.0, 1024.0, 1024.0, 1025.0, 1025.0, 1025.0, 1024.0, 1023.0, 1024.0, 1025.0, 1024.0, 1023.0, 1025.0, 1026.0, 1024.0, 1024.0, 1023.0, 1023.0, 1025.0, 1028.0, 1024.0, 1023.0, 1024.0, 1025.0, 1024.0, 1023.0, 1024.0, 1025.0, 1024.0, 1025.0, 1025.0, 1025.0, 1024.0, 1022.0, 1024.0, 1023.0, 1025.0, 1024.0, 1024.0, 1025.0, 1024.0, 1026.0, 1025.0, 1024.0, 1023.0, 1024.0, 1024.0, 1024.0, 1025.0, 1024.0, 1025.0, 1022.0, 1026.0, 1025.0, 1024.0, 1024.0, 1024.0, 1025.0, 1023.0, 1024.0, 1023.0, 1024.0, 1024.0, 1024.0, 1023.0, 1024.0, 1021.0, 1025.0, 1025.0, 1024.0, 1025.0, 1023.0, 1023.0, 1024.0, 1024.0, 1022.0, 1024.0, 1024.0, 1025.0, 1023.0, 1024.0, 1026.0, 1023.0, 1022.0, 1024.0, 1025.0, 1023.0, 1026.0, 1023.0, 1024.0, 1025.0, 1024.0, 1023.0, 1023.0, 1024.0, 1025.0, 1024.0, 1025.0, 1025.0, 1024.0, 1024.0, 1023.0, 1025.0, 1024.0, 1023.0, 1025.0, 1024.0, 1022.0, 1024.0, 1023.0, 1024.0, 1026.0, 1023.0, 1025.0, 1024.0, 1024.0, 1024.0, 1024.0, 1023.0, 1025.0, 1024.0, 1024.0, 1024.0, 1025.0, 1024.0, 1024.0, 1026.0, 1024.0, 1024.0, 1025.0, 1022.0, 1025.0, 1023.0, 1024.0, 1023.0, 1025.0, 1025.0, 1027.0, 1024.0, 1024.0, 1024.0, 1023.0, 1023.0, 1024.0, 1024.0, 1024.0, 1023.0, 1024.0, 1023.0, 1024.0, 1025.0, 1024.0, 1024.0, 1023.0, 1023.0, 1024.0, 1024.0, 1024.0]

l: 168
Fitness of mutation winner: 1056.0
Crossover offspring real fitness: [1024.0, 1026.0, 1022.0, 1024.0, 1024.0, 1024.0, 1024.0, 1023.0, 1025.0, 1024.0, 1024.0, 1024.0, 1023.0, 1023.0, 1023.0, 1024.0, 1026.0, 1024.0, 1022.0, 1024.0, 1026.0, 1025.0, 1025.0, 1023.0, 1025.0, 1025.0, 1024.0, 1024.0, 1023.0, 1024.0, 1024.0, 1024.0, 1024.0, 1024.0, 1024.0, 1024.0, 1026.0, 1023.0, 1024.0, 1025.0, 1024.0, 1025.0, 1024.0, 1021.0, 1021.0, 1027.0, 1023.0, 1024.0, 1025.0, 1024.0, 1025.0, 1024.0, 1025.0, 1022.0, 1024.0, 1025.0, 1024.0, 1023.0, 1022.0, 1025.0, 1024.0, 1024.0, 1025.0, 1024.0, 1024.0, 1023.0, 1026.0, 1024.0, 1024.0, 1024.0, 1024.0, 1023.0, 1024.0, 1023.0, 1024.0, 1026.0, 1023.0, 1023.0, 1025.0, 1025.0, 1024.0, 1023.0, 1027.0, 1024.0, 1025.0, 1027.0, 1024.0, 1024.0, 1024.0, 1025.0, 1025.0, 1023.0, 1024.0, 1024.0, 1023.0, 1024.0, 1024.0, 1023.0, 1024.0, 1026.0, 1023.0, 1025.0, 1025.0, 1024.0, 1023.0, 1024.0, 1025.0, 1025.0, 1025.0, 1025.0, 1025.0, 1024.0, 1025.0, 1024.0, 1025.0, 1024.0, 1025.0, 1024.0, 1024.0, 1024.0, 1025.0, 1024.0, 1024.0, 1023.0, 1025.0, 1025.0, 1024.0, 1024.0, 1024.0, 1024.0, 1023.0, 1023.0, 1024.0, 1023.0, 1024.0, 1024.0, 1026.0, 1023.0, 1024.0, 1024.0, 1024.0, 1025.0, 1025.0, 1023.0, 1023.0, 1024.0, 1023.0, 1026.0, 1023.0, 1026.0, 1023.0, 1025.0, 1024.0, 1026.0, 1025.0, 1024.0, 1025.0, 1024.0, 1021.0, 1024.0, 1023.0]
Crossover offspring noisy fitness: [1024.0, 1026.0, 1022.0, 1024.0, 1024.0, 1024.0, 1024.0, 1023.0, 1025.0, 1024.0, 1024.0, 1024.0, 1023.0, 1023.0, 1023.0, 1024.0, 1026.0, 1024.0, 1022.0, 1024.0, 1026.0, 1025.0, 1025.0, 1023.0, 1025.0, 1025.0, 1024.0, 1024.0, 1023.0, 1024.0, 1024.0, 1024.0, 1024.0, 1024.0, 1024.0, 1024.0, 1026.0, 1023.0, 1024.0, 1025.0, 1024.0, 1025.0, 1024.0, 1021.0, 1021.0, 1027.0, 1023.0, 1024.0, 1025.0, 1024.0, 1025.0, 1024.0, 1025.0, 1022.0, 1024.0, 1025.0, 1024.0, 1023.0, 1022.0, 1025.0, 1024.0, 1024.0, 1025.0, 1024.0, 1024.0, 1023.0, 1026.0, 1024.0, 1024.0, 1024.0, 1025.0, 1023.0, 1024.0, 1023.0, 1024.0, 1026.0, 1023.0, 1023.0, 1025.0, 1025.0, 1024.0, 1023.0, 1027.0, 1024.0, 1025.0, 1027.0, 1024.0, 1024.0, 1024.0, 1025.0, 1025.0, 1023.0, 1024.0, 1024.0, 1023.0, 1024.0, 1024.0, 1023.0, 1024.0, 1026.0, 1024.0, 1025.0, 1025.0, 1024.0, 1023.0, 1024.0, 1025.0, 1026.0, 1025.0, 1025.0, 1026.0, 1024.0, 1025.0, 1024.0, 1025.0, 1024.0, 1025.0, 1024.0, 1024.0, 1024.0, 1025.0, 1024.0, 1024.0, 1023.0, 1025.0, 1025.0, 1024.0, 1024.0, 1024.0, 1024.0, 1023.0, 1023.0, 1024.0, 1023.0, 1024.0, 1024.0, 1026.0, 1023.0, 1024.0, 1024.0, 1024.0, 1025.0, 1025.0, 1023.0, 1023.0, 1024.0, 1023.0, 1025.0, 1023.0, 1026.0, 1023.0, 1025.0, 1024.0, 1026.0, 1025.0, 1024.0, 1025.0, 1024.0, 1022.0, 1024.0, 1023.0]

l: 168
Fitness of mutation winner: 1048.0
Crossover offspring real fitness: [1025.0, 1023.0, 1025.0, 1024.0, 1023.0, 1023.0, 1023.0, 1024.0, 1025.0, 1024.0, 1024.0, 1024.0, 1023.0, 1024.0, 1024.0, 1023.0, 1023.0, 1023.0, 1024.0, 1023.0, 1023.0, 1025.0, 1024.0, 1024.0, 1025.0, 1024.0, 1022.0, 1024.0, 1024.0, 1024.0, 1024.0, 1024.0, 1025.0, 1026.0, 1022.0, 1024.0, 1024.0, 1024.0, 1024.0, 1024.0, 1023.0, 1022.0, 1024.0, 1024.0, 1023.0, 1024.0, 1025.0, 1024.0, 1025.0, 1024.0, 1023.0, 1025.0, 1024.0, 1024.0, 1024.0, 1025.0, 1023.0, 1024.0, 1023.0, 1022.0, 1027.0, 1025.0, 1024.0, 1025.0, 1024.0, 1025.0, 1024.0, 1025.0, 1027.0, 1024.0, 1025.0, 1025.0, 1023.0, 1024.0, 1022.0, 1024.0, 1024.0, 1024.0, 1025.0, 1024.0, 1024.0, 1023.0, 1027.0, 1024.0, 1025.0, 1024.0, 1026.0, 1024.0, 1024.0, 1024.0, 1025.0, 1024.0, 1023.0, 1024.0, 1026.0, 1025.0, 1024.0, 1024.0, 1024.0, 1023.0, 1025.0, 1023.0, 1024.0, 1024.0, 1025.0, 1024.0, 1025.0, 1025.0, 1024.0, 1024.0, 1025.0, 1024.0, 1025.0, 1024.0, 1024.0, 1024.0, 1021.0, 1024.0, 1023.0, 1024.0, 1026.0, 1024.0, 1024.0, 1023.0, 1025.0, 1024.0, 1025.0, 1023.0, 1025.0, 1025.0, 1023.0, 1023.0, 1024.0, 1024.0, 1025.0, 1027.0, 1023.0, 1024.0, 1024.0, 1024.0, 1023.0, 1028.0, 1024.0, 1024.0, 1026.0, 1024.0, 1024.0, 1027.0, 1024.0, 1025.0, 1025.0, 1025.0, 1023.0, 1023.0, 1024.0, 1023.0, 1025.0, 1023.0, 1024.0, 1024.0, 1025.0]
Crossover offspring noisy fitness: [1025.0, 1023.0, 1025.0, 1024.0, 1023.0, 1023.0, 1023.0, 1024.0, 1025.0, 1024.0, 1024.0, 1024.0, 1023.0, 1024.0, 1024.0, 1023.0, 1023.0, 1023.0, 1024.0, 1023.0, 1023.0, 1025.0, 1024.0, 1024.0, 1025.0, 1024.0, 1022.0, 1024.0, 1024.0, 1024.0, 1024.0, 1024.0, 1025.0, 1026.0, 1022.0, 1024.0, 1024.0, 1023.0, 1024.0, 1024.0, 1023.0, 1022.0, 1024.0, 1024.0, 1023.0, 1024.0, 1025.0, 1025.0, 1024.0, 1024.0, 1023.0, 1025.0, 1024.0, 1024.0, 1024.0, 1025.0, 1023.0, 1024.0, 1023.0, 1022.0, 1027.0, 1025.0, 1024.0, 1025.0, 1024.0, 1024.0, 1024.0, 1025.0, 1027.0, 1024.0, 1025.0, 1025.0, 1023.0, 1024.0, 1022.0, 1024.0, 1024.0, 1024.0, 1026.0, 1024.0, 1024.0, 1023.0, 1027.0, 1024.0, 1025.0, 1024.0, 1026.0, 1024.0, 1024.0, 1024.0, 1026.0, 1024.0, 1023.0, 1024.0, 1025.0, 1025.0, 1024.0, 1024.0, 1024.0, 1023.0, 1024.0, 1023.0, 1024.0, 1024.0, 1025.0, 1024.0, 1025.0, 1025.0, 1024.0, 1024.0, 1025.0, 1024.0, 1025.0, 1024.0, 1024.0, 1024.0, 1020.0, 1024.0, 1023.0, 1025.0, 1026.0, 1024.0, 1024.0, 1023.0, 1025.0, 1024.0, 1025.0, 1023.0, 1025.0, 1025.0, 1023.0, 1023.0, 1023.0, 1024.0, 1025.0, 1027.0, 1023.0, 1024.0, 1024.0, 1024.0, 1023.0, 1028.0, 1024.0, 1024.0, 1026.0, 1024.0, 1024.0, 1027.0, 1023.0, 1025.0, 1025.0, 1025.0, 1023.0, 1023.0, 1024.0, 1023.0, 1024.0, 1023.0, 1024.0, 1024.0, 1025.0]

l: 168
Fitness of mutation winner: 1064.0
Crossover offspring real fitness: [1023.0, 1025.0, 1024.0, 1023.0, 1022.0, 1024.0, 1025.0, 1024.0, 1024.0, 1023.0, 1024.0, 1024.0, 1027.0, 1024.0, 1024.0, 1026.0, 1024.0, 1024.0, 1024.0, 1025.0, 1023.0, 1024.0, 1024.0, 1025.0, 1024.0, 1023.0, 1026.0, 1024.0, 1025.0, 1024.0, 1024.0, 1028.0, 1026.0, 1023.0, 1023.0, 1024.0, 1024.0, 1024.0, 1025.0, 1024.0, 1024.0, 1026.0, 1024.0, 1024.0, 1024.0, 1024.0, 1024.0, 1024.0, 1023.0, 1024.0, 1024.0, 1024.0, 1024.0, 1024.0, 1025.0, 1024.0, 1027.0, 1023.0, 1023.0, 1024.0, 1025.0, 1024.0, 1024.0, 1024.0, 1022.0, 1024.0, 1025.0, 1025.0, 1023.0, 1025.0, 1025.0, 1024.0, 1024.0, 1024.0, 1025.0, 1025.0, 1025.0, 1026.0, 1024.0, 1023.0, 1023.0, 1025.0, 1024.0, 1025.0, 1022.0, 1025.0, 1024.0, 1024.0, 1025.0, 1024.0, 1024.0, 1025.0, 1024.0, 1024.0, 1024.0, 1025.0, 1024.0, 1024.0, 1025.0, 1024.0, 1023.0, 1025.0, 1025.0, 1024.0, 1025.0, 1023.0, 1026.0, 1024.0, 1024.0, 1024.0, 1024.0, 1024.0, 1025.0, 1025.0, 1023.0, 1025.0, 1023.0, 1025.0, 1024.0, 1025.0, 1024.0, 1025.0, 1024.0, 1024.0, 1025.0, 1025.0, 1025.0, 1025.0, 1026.0, 1024.0, 1023.0, 1024.0, 1024.0, 1023.0, 1024.0, 1024.0, 1023.0, 1023.0, 1026.0, 1024.0, 1024.0, 1024.0, 1023.0, 1024.0, 1025.0, 1026.0, 1023.0, 1024.0, 1024.0, 1024.0, 1024.0, 1024.0, 1023.0, 1025.0, 1024.0, 1026.0, 1023.0, 1024.0, 1022.0, 1024.0, 1025.0]
Crossover offspring noisy fitness: [1023.0, 1025.0, 1024.0, 1023.0, 1022.0, 1024.0, 1025.0, 1024.0, 1024.0, 1023.0, 1024.0, 1024.0, 1027.0, 1024.0, 1024.0, 1026.0, 1024.0, 1024.0, 1024.0, 1025.0, 1023.0, 1024.0, 1024.0, 1025.0, 1024.0, 1023.0, 1026.0, 1024.0, 1025.0, 1024.0, 1024.0, 1028.0, 1026.0, 1023.0, 1023.0, 1024.0, 1024.0, 1024.0, 1025.0, 1024.0, 1024.0, 1026.0, 1024.0, 1024.0, 1024.0, 1024.0, 1024.0, 1024.0, 1023.0, 1024.0, 1024.0, 1024.0, 1024.0, 1024.0, 1025.0, 1024.0, 1027.0, 1023.0, 1023.0, 1024.0, 1025.0, 1024.0, 1024.0, 1024.0, 1022.0, 1024.0, 1025.0, 1026.0, 1023.0, 1026.0, 1025.0, 1024.0, 1025.0, 1025.0, 1025.0, 1025.0, 1025.0, 1026.0, 1023.0, 1023.0, 1023.0, 1025.0, 1024.0, 1025.0, 1022.0, 1025.0, 1024.0, 1024.0, 1025.0, 1024.0, 1024.0, 1025.0, 1024.0, 1024.0, 1024.0, 1026.0, 1024.0, 1023.0, 1025.0, 1024.0, 1023.0, 1025.0, 1025.0, 1024.0, 1025.0, 1023.0, 1026.0, 1024.0, 1024.0, 1024.0, 1023.0, 1024.0, 1025.0, 1025.0, 1023.0, 1025.0, 1023.0, 1025.0, 1024.0, 1025.0, 1024.0, 1026.0, 1024.0, 1024.0, 1025.0, 1025.0, 1025.0, 1025.0, 1026.0, 1024.0, 1023.0, 1024.0, 1024.0, 1023.0, 1024.0, 1024.0, 1023.0, 1023.0, 1026.0, 1024.0, 1024.0, 1024.0, 1023.0, 1024.0, 1025.0, 1026.0, 1023.0, 1024.0, 1024.0, 1024.0, 1024.0, 1024.0, 1023.0, 1025.0, 1024.0, 1026.0, 1023.0, 1024.0, 1022.0, 1024.0, 1025.0]

