l: 175
Fitness of mutation winner: 1055.0
Crossover offspring real fitness: [1024.0, 1024.0, 1024.0, 1022.0, 1024.0, 1026.0, 1025.0, 1025.0, 1025.0, 1024.0, 1024.0, 1023.0, 1025.0, 1024.0, 1024.0, 1025.0, 1024.0, 1024.0, 1024.0, 1024.0, 1026.0, 1022.0, 1025.0, 1024.0, 1024.0, 1025.0, 1022.0, 1025.0, 1024.0, 1023.0, 1023.0, 1024.0, 1023.0, 1025.0, 1026.0, 1024.0, 1025.0, 1024.0, 1024.0, 1023.0, 1024.0, 1025.0, 1024.0, 1024.0, 1024.0, 1026.0, 1024.0, 1024.0, 1025.0, 1024.0, 1023.0, 1025.0, 1023.0, 1025.0, 1024.0, 1024.0, 1024.0, 1025.0, 1023.0, 1024.0, 1023.0, 1024.0, 1025.0, 1024.0, 1023.0, 1022.0, 1026.0, 1023.0, 1024.0, 1024.0, 1025.0, 1023.0, 1027.0, 1024.0, 1023.0, 1024.0, 1026.0, 1026.0, 1025.0, 1024.0, 1024.0, 1023.0, 1023.0, 1024.0, 1024.0, 1023.0, 1024.0, 1025.0, 1024.0, 1024.0, 1025.0, 1024.0, 1025.0, 1024.0, 1025.0, 1024.0, 1023.0, 1024.0, 1026.0, 1023.0, 1024.0, 1025.0, 1025.0, 1024.0, 1025.0, 1025.0, 1023.0, 1025.0, 1024.0, 1022.0, 1024.0, 1025.0, 1026.0, 1024.0, 1022.0, 1024.0, 1024.0, 1027.0, 1023.0, 1025.0, 1024.0, 1025.0, 1026.0, 1024.0, 1024.0, 1024.0, 1025.0, 1024.0, 1023.0, 1025.0, 1025.0, 1023.0, 1024.0, 1024.0, 1025.0, 1025.0, 1025.0, 1023.0, 1024.0, 1025.0, 1025.0, 1027.0, 1026.0, 1024.0, 1023.0, 1023.0, 1024.0, 1022.0, 1022.0, 1026.0, 1026.0, 1025.0, 1025.0, 1025.0, 1026.0, 1024.0, 1025.0, 1025.0, 1026.0, 1025.0, 1023.0]
Crossover offspring noisy fitness: [1024.0, 1024.0, 1024.0, 1022.0, 1024.0, 1026.0, 1025.0, 1025.0, 1025.0, 1024.0, 1024.0, 1023.0, 1025.0, 1024.0, 1024.0, 1025.0, 1024.0, 1025.0, 1024.0, 1024.0, 1026.0, 1022.0, 1025.0, 1024.0, 1024.0, 1025.0, 1022.0, 1025.0, 1024.0, 1023.0, 1023.0, 1024.0, 1023.0, 1025.0, 1026.0, 1024.0, 1025.0, 1024.0, 1024.0, 1023.0, 1024.0, 1025.0, 1024.0, 1024.0, 1024.0, 1026.0, 1024.0, 1024.0, 1025.0, 1024.0, 1023.0, 1025.0, 1023.0, 1025.0, 1024.0, 1024.0, 1024.0, 1025.0, 1023.0, 1024.0, 1023.0, 1024.0, 1025.0, 1024.0, 1023.0, 1022.0, 1026.0, 1023.0, 1024.0, 1024.0, 1024.0, 1023.0, 1027.0, 1024.0, 1023.0, 1024.0, 1026.0, 1026.0, 1025.0, 1024.0, 1024.0, 1023.0, 1023.0, 1024.0, 1024.0, 1023.0, 1024.0, 1025.0, 1024.0, 1024.0, 1025.0, 1024.0, 1025.0, 1024.0, 1025.0, 1024.0, 1023.0, 1024.0, 1026.0, 1023.0, 1024.0, 1024.0, 1025.0, 1024.0, 1025.0, 1024.0, 1023.0, 1025.0, 1024.0, 1022.0, 1024.0, 1025.0, 1026.0, 1024.0, 1022.0, 1024.0, 1024.0, 1027.0, 1023.0, 1025.0, 1024.0, 1025.0, 1026.0, 1024.0, 1024.0, 1024.0, 1025.0, 1024.0, 1023.0, 1025.0, 1025.0, 1023.0, 1024.0, 1024.0, 1024.0, 1025.0, 1025.0, 1023.0, 1024.0, 1025.0, 1025.0, 1027.0, 1026.0, 1024.0, 1023.0, 1023.0, 1024.0, 1022.0, 1022.0, 1026.0, 1026.0, 1025.0, 1025.0, 1025.0, 1026.0, 1024.0, 1025.0, 1026.0, 1026.0, 1026.0, 1023.0]

l: 158
Fitness of mutation winner: 1058.0
Crossover offspring real fitness: [1025.0, 1024.0, 1025.0, 1025.0, 1024.0, 1024.0, 1024.0, 1026.0, 1025.0, 1024.0, 1023.0, 1024.0, 1024.0, 1026.0, 1023.0, 1025.0, 1025.0, 1023.0, 1024.0, 1023.0, 1024.0, 1025.0, 1024.0, 1024.0, 1023.0, 1023.0, 1025.0, 1024.0, 1023.0, 1023.0, 1024.0, 1024.0, 1023.0, 1025.0, 1023.0, 1024.0, 1024.0, 1025.0, 1024.0, 1024.0, 1025.0, 1023.0, 1024.0, 1024.0, 1024.0, 1024.0, 1023.0, 1025.0, 1024.0, 1024.0, 1024.0, 1024.0, 1024.0, 1025.0, 1024.0, 1023.0, 1026.0, 1025.0, 1024.0, 1024.0, 1024.0, 1024.0, 1025.0, 1025.0, 1023.0, 1024.0, 1023.0, 1023.0, 1025.0, 1024.0, 1024.0, 1023.0, 1025.0, 1025.0, 1023.0, 1024.0, 1023.0, 1025.0, 1024.0, 1024.0, 1024.0, 1023.0, 1024.0, 1025.0, 1025.0, 1024.0, 1023.0, 1025.0, 1024.0, 1026.0, 1025.0, 1024.0, 1025.0, 1024.0, 1024.0, 1024.0, 1023.0, 1025.0, 1025.0, 1025.0, 1024.0, 1023.0, 1024.0, 1025.0, 1022.0, 1023.0, 1024.0, 1024.0, 1025.0, 1023.0, 1023.0, 1023.0, 1024.0, 1024.0, 1025.0, 1024.0, 1024.0, 1024.0, 1024.0, 1023.0, 1024.0, 1026.0, 1025.0, 1026.0, 1024.0, 1023.0, 1024.0, 1024.0, 1024.0, 1026.0, 1026.0, 1024.0, 1023.0, 1025.0, 1025.0, 1024.0, 1024.0, 1025.0, 1023.0, 1025.0, 1024.0, 1025.0, 1025.0, 1024.0, 1023.0, 1024.0, 1025.0, 1024.0, 1024.0, 1024.0, 1023.0, 1023.0, 1026.0, 1024.0, 1023.0, 1023.0, 1024.0, 1024.0, 1024.0, 1026.0, 1025.0]
Crossover offspring noisy fitness: [1025.0, 1024.0, 1025.0, 1025.0, 1024.0, 1024.0, 1024.0, 1026.0, 1025.0, 1024.0, 1023.0, 1024.0, 1023.0, 1026.0, 1023.0, 1025.0, 1025.0, 1023.0, 1024.0, 1023.0, 1024.0, 1025.0, 1024.0, 1022.0, 1023.0, 1023.0, 1025.0, 1025.0, 1023.0, 1023.0, 1025.0, 1024.0, 1023.0, 1025.0, 1023.0, 1024.0, 1024.0, 1025.0, 1023.0, 1024.0, 1025.0, 1023.0, 1024.0, 1024.0, 1024.0, 1024.0, 1023.0, 1025.0, 1024.0, 1024.0, 1024.0, 1024.0, 1024.0, 1025.0, 1024.0, 1023.0, 1026.0, 1025.0, 1025.0, 1024.0, 1024.0, 1024.0, 1025.0, 1025.0, 1023.0, 1024.0, 1023.0, 1023.0, 1025.0, 1024.0, 1024.0, 1023.0, 1025.0, 1025.0, 1023.0, 1024.0, 1023.0, 1025.0, 1024.0, 1024.0, 1024.0, 1023.0, 1023.0, 1025.0, 1025.0, 1024.0, 1023.0, 1025.0, 1024.0, 1026.0, 1025.0, 1024.0, 1025.0, 1024.0, 1024.0, 1024.0, 1023.0, 1025.0, 1026.0, 1026.0, 1024.0, 1023.0, 1024.0, 1025.0, 1022.0, 1023.0, 1024.0, 1024.0, 1025.0, 1023.0, 1023.0, 1023.0, 1024.0, 1025.0, 1025.0, 1024.0, 1024.0, 1024.0, 1024.0, 1023.0, 1024.0, 1026.0, 1025.0, 1026.0, 1024.0, 1023.0, 1024.0, 1024.0, 1024.0, 1026.0, 1026.0, 1024.0, 1023.0, 1025.0, 1025.0, 1025.0, 1024.0, 1025.0, 1023.0, 1025.0, 1024.0, 1025.0, 1025.0, 1024.0, 1023.0, 1024.0, 1025.0, 1024.0, 1023.0, 1024.0, 1023.0, 1023.0, 1026.0, 1024.0, 1023.0, 1023.0, 1024.0, 1024.0, 1024.0, 1026.0, 1026.0]

l: 159
Fitness of mutation winner: 1054.0
Crossover offspring real fitness: [1024.0, 1024.0, 1024.0, 1024.0, 1024.0, 1024.0, 1024.0, 1024.0, 1024.0, 1025.0, 1025.0, 1022.0, 1025.0, 1024.0, 1023.0, 1024.0, 1025.0, 1024.0, 1024.0, 1024.0, 1024.0, 1024.0, 1024.0, 1024.0, 1024.0, 1024.0, 1025.0, 1024.0, 1024.0, 1024.0, 1024.0, 1024.0, 1024.0, 1024.0, 1023.0, 1023.0, 1024.0, 1026.0, 1026.0, 1023.0, 1025.0, 1024.0, 1026.0, 1025.0, 1024.0, 1025.0, 1024.0, 1026.0, 1024.0, 1024.0, 1024.0, 1025.0, 1025.0, 1025.0, 1024.0, 1025.0, 1024.0, 1023.0, 1025.0, 1025.0, 1024.0, 1025.0, 1024.0, 1024.0, 1022.0, 1023.0, 1024.0, 1025.0, 1024.0, 1024.0, 1027.0, 1023.0, 1026.0, 1024.0, 1024.0, 1024.0, 1024.0, 1025.0, 1022.0, 1024.0, 1024.0, 1024.0, 1024.0, 1024.0, 1024.0, 1025.0, 1025.0, 1026.0, 1024.0, 1025.0, 1024.0, 1024.0, 1024.0, 1024.0, 1025.0, 1024.0, 1024.0, 1026.0, 1024.0, 1024.0, 1024.0, 1024.0, 1025.0, 1024.0, 1024.0, 1024.0, 1024.0, 1024.0, 1024.0, 1022.0, 1025.0, 1024.0, 1025.0, 1023.0, 1025.0, 1024.0, 1023.0, 1024.0, 1025.0, 1022.0, 1024.0, 1025.0, 1024.0, 1024.0, 1025.0, 1024.0, 1025.0, 1026.0, 1025.0, 1024.0, 1025.0, 1025.0, 1023.0, 1024.0, 1024.0, 1024.0, 1022.0, 1026.0, 1023.0, 1024.0, 1023.0, 1025.0, 1025.0, 1024.0, 1022.0, 1023.0, 1025.0, 1023.0, 1025.0, 1023.0, 1024.0, 1025.0, 1026.0, 1024.0, 1024.0, 1025.0, 1024.0, 1024.0, 1025.0, 1025.0, 1023.0]
Crossover offspring noisy fitness: [1024.0, 1024.0, 1024.0, 1024.0, 1024.0, 1024.0, 1024.0, 1024.0, 1024.0, 1025.0, 1025.0, 1022.0, 1025.0, 1025.0, 1023.0, 1024.0, 1026.0, 1024.0, 1024.0, 1024.0, 1024.0, 1024.0, 1024.0, 1024.0, 1024.0, 1024.0, 1025.0, 1024.0, 1024.0, 1024.0, 1024.0, 1024.0, 1024.0, 1024.0, 1024.0, 1023.0, 1024.0, 1026.0, 1026.0, 1023.0, 1025.0, 1024.0, 1026.0, 1025.0, 1024.0, 1025.0, 1024.0, 1026.0, 1024.0, 1024.0, 1024.0, 1025.0, 1025.0, 1025.0, 1024.0, 1025.0, 1024.0, 1023.0, 1025.0, 1025.0, 1024.0, 1025.0, 1024.0, 1024.0, 1022.0, 1023.0, 1024.0, 1025.0, 1023.0, 1024.0, 1027.0, 1023.0, 1026.0, 1024.0, 1024.0, 1024.0, 1024.0, 1025.0, 1021.0, 1024.0, 1025.0, 1024.0, 1024.0, 1024.0, 1024.0, 1025.0, 1025.0, 1026.0, 1024.0, 1024.0, 1025.0, 1024.0, 1024.0, 1024.0, 1025.0, 1024.0, 1024.0, 1026.0, 1024.0, 1024.0, 1024.0, 1024.0, 1025.0, 1024.0, 1024.0, 1025.0, 1024.0, 1024.0, 1024.0, 1022.0, 1026.0, 1024.0, 1025.0, 1023.0, 1025.0, 1023.0, 1023.0, 1024.0, 1025.0, 1022.0, 1024.0, 1025.0, 1024.0, 1024.0, 1025.0, 1024.0, 1025.0, 1026.0, 1025.0, 1024.0, 1026.0, 1026.0, 1023.0, 1024.0, 1024.0, 1024.0, 1022.0, 1026.0, 1023.0, 1023.0, 1023.0, 1025.0, 1025.0, 1024.0, 1022.0, 1023.0, 1025.0, 1023.0, 1025.0, 1023.0, 1024.0, 1025.0, 1026.0, 1024.0, 1024.0, 1025.0, 1024.0, 1024.0, 1025.0, 1025.0, 1023.0]

l: 150
Fitness of mutation winner: 1056.0
Crossover offspring real fitness: [1023.0, 1025.0, 1024.0, 1024.0, 1024.0, 1026.0, 1025.0, 1024.0, 1024.0, 1024.0, 1025.0, 1026.0, 1025.0, 1023.0, 1024.0, 1023.0, 1024.0, 1023.0, 1025.0, 1024.0, 1023.0, 1024.0, 1025.0, 1024.0, 1024.0, 1025.0, 1024.0, 1024.0, 1024.0, 1025.0, 1024.0, 1023.0, 1024.0, 1024.0, 1024.0, 1024.0, 1025.0, 1025.0, 1024.0, 1024.0, 1024.0, 1024.0, 1024.0, 1026.0, 1027.0, 1023.0, 1023.0, 1024.0, 1024.0, 1023.0, 1024.0, 1025.0, 1025.0, 1025.0, 1023.0, 1026.0, 1024.0, 1025.0, 1025.0, 1024.0, 1025.0, 1025.0, 1025.0, 1024.0, 1024.0, 1024.0, 1026.0, 1024.0, 1024.0, 1023.0, 1025.0, 1024.0, 1024.0, 1024.0, 1024.0, 1024.0, 1024.0, 1025.0, 1023.0, 1023.0, 1023.0, 1024.0, 1025.0, 1026.0, 1024.0, 1024.0, 1023.0, 1024.0, 1025.0, 1024.0, 1024.0, 1023.0, 1025.0, 1024.0, 1024.0, 1022.0, 1026.0, 1024.0, 1025.0, 1025.0, 1024.0, 1023.0, 1024.0, 1024.0, 1023.0, 1022.0, 1024.0, 1024.0, 1023.0, 1024.0, 1024.0, 1024.0, 1024.0, 1024.0, 1024.0, 1025.0, 1024.0, 1027.0, 1023.0, 1025.0, 1024.0, 1024.0, 1024.0, 1024.0, 1026.0, 1023.0, 1024.0, 1024.0, 1024.0, 1023.0, 1022.0, 1023.0, 1024.0, 1025.0, 1024.0, 1025.0, 1024.0, 1023.0, 1025.0, 1026.0, 1024.0, 1024.0, 1025.0, 1025.0, 1023.0, 1024.0, 1024.0, 1024.0, 1023.0, 1025.0, 1024.0, 1022.0, 1026.0, 1024.0, 1025.0, 1024.0, 1024.0, 1024.0, 1024.0, 1024.0, 1025.0]
Crossover offspring noisy fitness: [1023.0, 1025.0, 1024.0, 1024.0, 1024.0, 1026.0, 1025.0, 1024.0, 1024.0, 1024.0, 1025.0, 1026.0, 1025.0, 1023.0, 1023.0, 1023.0, 1024.0, 1023.0, 1025.0, 1024.0, 1023.0, 1023.0, 1025.0, 1024.0, 1024.0, 1025.0, 1024.0, 1024.0, 1024.0, 1025.0, 1024.0, 1023.0, 1024.0, 1024.0, 1024.0, 1023.0, 1025.0, 1025.0, 1024.0, 1024.0, 1024.0, 1024.0, 1024.0, 1026.0, 1027.0, 1023.0, 1023.0, 1023.0, 1024.0, 1023.0, 1024.0, 1025.0, 1025.0, 1025.0, 1023.0, 1026.0, 1024.0, 1025.0, 1026.0, 1024.0, 1025.0, 1025.0, 1025.0, 1024.0, 1024.0, 1024.0, 1026.0, 1024.0, 1024.0, 1023.0, 1025.0, 1024.0, 1024.0, 1023.0, 1024.0, 1024.0, 1024.0, 1025.0, 1023.0, 1023.0, 1023.0, 1024.0, 1025.0, 1026.0, 1024.0, 1024.0, 1023.0, 1024.0, 1025.0, 1024.0, 1024.0, 1023.0, 1024.0, 1024.0, 1024.0, 1022.0, 1027.0, 1024.0, 1025.0, 1025.0, 1024.0, 1023.0, 1024.0, 1024.0, 1023.0, 1022.0, 1023.0, 1024.0, 1023.0, 1024.0, 1024.0, 1024.0, 1024.0, 1024.0, 1024.0, 1025.0, 1024.0, 1027.0, 1023.0, 1024.0, 1024.0, 1024.0, 1024.0, 1024.0, 1026.0, 1023.0, 1024.0, 1024.0, 1024.0, 1023.0, 1022.0, 1023.0, 1024.0, 1025.0, 1024.0, 1025.0, 1022.0, 1023.0, 1025.0, 1026.0, 1024.0, 1024.0, 1025.0, 1025.0, 1023.0, 1024.0, 1024.0, 1024.0, 1023.0, 1025.0, 1024.0, 1022.0, 1026.0, 1024.0, 1025.0, 1023.0, 1024.0, 1024.0, 1024.0, 1024.0, 1025.0]

