l: 175
Fitness of mutation winner: 1067.0
Crossover offspring real fitness: [1025.0, 1025.0, 1024.0, 1023.0, 1025.0, 1022.0, 1024.0, 1024.0, 1024.0, 1027.0, 1027.0, 1024.0, 1023.0, 1023.0, 1024.0, 1025.0, 1025.0, 1024.0, 1023.0, 1025.0, 1025.0, 1024.0, 1024.0, 1024.0, 1024.0, 1025.0, 1025.0, 1025.0, 1024.0, 1024.0, 1025.0, 1023.0, 1025.0, 1023.0, 1024.0, 1024.0, 1024.0, 1023.0, 1024.0, 1025.0, 1025.0, 1025.0, 1024.0, 1024.0, 1024.0, 1023.0, 1021.0, 1024.0, 1025.0, 1023.0, 1025.0, 1024.0, 1023.0, 1024.0, 1025.0, 1022.0, 1025.0, 1024.0, 1025.0, 1025.0, 1025.0, 1025.0, 1024.0, 1024.0, 1024.0, 1024.0, 1022.0, 1024.0, 1023.0, 1024.0, 1024.0, 1025.0, 1023.0, 1023.0, 1024.0, 1024.0, 1025.0, 1025.0, 1024.0, 1025.0, 1025.0, 1024.0, 1024.0, 1023.0, 1024.0, 1025.0, 1025.0, 1024.0, 1024.0, 1025.0, 1024.0, 1024.0, 1023.0, 1024.0, 1023.0, 1024.0, 1023.0, 1024.0, 1025.0, 1023.0, 1023.0, 1022.0, 1026.0, 1023.0, 1023.0, 1022.0, 1025.0, 1024.0, 1025.0, 1022.0, 1024.0, 1024.0, 1025.0, 1026.0, 1026.0, 1024.0, 1025.0, 1024.0, 1025.0, 1023.0, 1022.0, 1024.0, 1025.0, 1024.0, 1025.0, 1023.0, 1026.0, 1023.0, 1023.0, 1026.0, 1024.0, 1023.0, 1025.0, 1025.0, 1024.0, 1023.0, 1024.0, 1023.0, 1025.0, 1025.0, 1025.0, 1024.0, 1023.0, 1025.0, 1024.0, 1024.0, 1024.0, 1024.0, 1023.0, 1024.0, 1025.0, 1022.0, 1025.0, 1023.0, 1024.0, 1024.0, 1024.0, 1023.0, 1025.0, 1023.0, 1027.0]
Crossover offspring noisy fitness: [1025.0, 1025.0, 1024.0, 1023.0, 1024.0, 1022.0, 1024.0, 1024.0, 1024.0, 1027.0, 1027.0, 1024.0, 1023.0, 1023.0, 1024.0, 1025.0, 1025.0, 1024.0, 1023.0, 1025.0, 1025.0, 1024.0, 1024.0, 1024.0, 1024.0, 1025.0, 1025.0, 1025.0, 1023.0, 1024.0, 1025.0, 1023.0, 1025.0, 1024.0, 1024.0, 1024.0, 1024.0, 1023.0, 1024.0, 1025.0, 1025.0, 1025.0, 1024.0, 1024.0, 1024.0, 1022.0, 1021.0, 1024.0, 1024.0, 1023.0, 1025.0, 1024.0, 1023.0, 1024.0, 1025.0, 1022.0, 1025.0, 1024.0, 1025.0, 1025.0, 1025.0, 1025.0, 1025.0, 1024.0, 1024.0, 1024.0, 1022.0, 1024.0, 1023.0, 1024.0, 1024.0, 1025.0, 1023.0, 1023.0, 1024.0, 1024.0, 1025.0, 1025.0, 1024.0, 1025.0, 1025.0, 1024.0, 1024.0, 1023.0, 1024.0, 1025.0, 1025.0, 1024.0, 1024.0, 1025.0, 1024.0, 1024.0, 1023.0, 1024.0, 1023.0, 1024.0, 1023.0, 1024.0, 1025.0, 1023.0, 1023.0, 1022.0, 1027.0, 1022.0, 1023.0, 1022.0, 1024.0, 1024.0, 1025.0, 1021.0, 1024.0, 1024.0, 1025.0, 1026.0, 1026.0, 1024.0, 1025.0, 1024.0, 1025.0, 1023.0, 1022.0, 1024.0, 1025.0, 1024.0, 1024.0, 1023.0, 1026.0, 1023.0, 1023.0, 1026.0, 1023.0, 1023.0, 1025.0, 1025.0, 1024.0, 1023.0, 1024.0, 1023.0, 1025.0, 1025.0, 1025.0, 1024.0, 1023.0, 1025.0, 1024.0, 1024.0, 1024.0, 1024.0, 1023.0, 1024.0, 1025.0, 1022.0, 1025.0, 1023.0, 1024.0, 1024.0, 1024.0, 1023.0, 1025.0, 1023.0, 1027.0]

l: 156
Fitness of mutation winner: 1058.0
Crossover offspring real fitness: [1024.0, 1024.0, 1024.0, 1024.0, 1023.0, 1023.0, 1024.0, 1024.0, 1024.0, 1026.0, 1023.0, 1021.0, 1023.0, 1024.0, 1023.0, 1025.0, 1024.0, 1024.0, 1024.0, 1024.0, 1023.0, 1024.0, 1024.0, 1025.0, 1025.0, 1024.0, 1025.0, 1024.0, 1025.0, 1024.0, 1024.0, 1023.0, 1025.0, 1024.0, 1022.0, 1025.0, 1024.0, 1026.0, 1024.0, 1022.0, 1024.0, 1025.0, 1025.0, 1023.0, 1024.0, 1024.0, 1024.0, 1024.0, 1024.0, 1025.0, 1024.0, 1024.0, 1025.0, 1024.0, 1025.0, 1023.0, 1024.0, 1025.0, 1024.0, 1022.0, 1026.0, 1023.0, 1026.0, 1023.0, 1024.0, 1025.0, 1024.0, 1024.0, 1024.0, 1024.0, 1024.0, 1024.0, 1025.0, 1026.0, 1026.0, 1024.0, 1025.0, 1024.0, 1023.0, 1023.0, 1024.0, 1023.0, 1024.0, 1023.0, 1024.0, 1024.0, 1025.0, 1025.0, 1023.0, 1025.0, 1024.0, 1024.0, 1025.0, 1024.0, 1026.0, 1023.0, 1024.0, 1023.0, 1023.0, 1024.0, 1024.0, 1023.0, 1024.0, 1024.0, 1023.0, 1024.0, 1023.0, 1023.0, 1025.0, 1025.0, 1025.0, 1025.0, 1024.0, 1023.0, 1025.0, 1026.0, 1025.0, 1025.0, 1024.0, 1023.0, 1022.0, 1024.0, 1024.0, 1024.0, 1026.0, 1024.0, 1024.0, 1026.0, 1026.0, 1026.0, 1024.0, 1024.0, 1026.0, 1025.0, 1028.0, 1024.0, 1024.0, 1024.0, 1025.0, 1024.0, 1024.0, 1023.0, 1024.0, 1023.0, 1023.0, 1024.0, 1023.0, 1023.0, 1024.0, 1024.0, 1025.0, 1023.0, 1023.0, 1024.0, 1024.0, 1024.0, 1025.0, 1025.0, 1024.0, 1025.0, 1027.0]
Crossover offspring noisy fitness: [1024.0, 1024.0, 1024.0, 1024.0, 1023.0, 1023.0, 1024.0, 1024.0, 1024.0, 1026.0, 1023.0, 1021.0, 1023.0, 1024.0, 1023.0, 1025.0, 1024.0, 1024.0, 1024.0, 1024.0, 1023.0, 1024.0, 1024.0, 1025.0, 1025.0, 1025.0, 1025.0, 1024.0, 1025.0, 1024.0, 1024.0, 1023.0, 1025.0, 1024.0, 1022.0, 1025.0, 1024.0, 1026.0, 1024.0, 1022.0, 1024.0, 1025.0, 1025.0, 1023.0, 1024.0, 1024.0, 1024.0, 1024.0, 1024.0, 1025.0, 1024.0, 1024.0, 1025.0, 1024.0, 1025.0, 1023.0, 1024.0, 1025.0, 1024.0, 1022.0, 1026.0, 1023.0, 1027.0, 1023.0, 1024.0, 1025.0, 1024.0, 1024.0, 1024.0, 1024.0, 1024.0, 1024.0, 1025.0, 1026.0, 1026.0, 1024.0, 1025.0, 1024.0, 1023.0, 1023.0, 1024.0, 1023.0, 1024.0, 1023.0, 1024.0, 1024.0, 1025.0, 1025.0, 1022.0, 1025.0, 1024.0, 1024.0, 1025.0, 1024.0, 1027.0, 1023.0, 1024.0, 1023.0, 1023.0, 1024.0, 1024.0, 1023.0, 1024.0, 1024.0, 1023.0, 1024.0, 1023.0, 1023.0, 1025.0, 1025.0, 1025.0, 1025.0, 1024.0, 1024.0, 1025.0, 1026.0, 1025.0, 1025.0, 1024.0, 1023.0, 1022.0, 1024.0, 1024.0, 1024.0, 1026.0, 1024.0, 1024.0, 1026.0, 1027.0, 1026.0, 1024.0, 1024.0, 1026.0, 1025.0, 1028.0, 1024.0, 1024.0, 1024.0, 1025.0, 1024.0, 1024.0, 1023.0, 1024.0, 1023.0, 1024.0, 1024.0, 1023.0, 1023.0, 1024.0, 1024.0, 1025.0, 1023.0, 1023.0, 1024.0, 1025.0, 1024.0, 1024.0, 1025.0, 1024.0, 1025.0, 1027.0]

l: 144
Fitness of mutation winner: 1052.0
Crossover offspring real fitness: [1024.0, 1024.0, 1025.0, 1024.0, 1024.0, 1025.0, 1024.0, 1025.0, 1025.0, 1023.0, 1024.0, 1024.0, 1023.0, 1024.0, 1024.0, 1023.0, 1024.0, 1025.0, 1024.0, 1024.0, 1024.0, 1024.0, 1025.0, 1024.0, 1024.0, 1024.0, 1025.0, 1025.0, 1024.0, 1024.0, 1024.0, 1024.0, 1024.0, 1024.0, 1024.0, 1023.0, 1023.0, 1024.0, 1024.0, 1025.0, 1024.0, 1026.0, 1024.0, 1028.0, 1025.0, 1024.0, 1024.0, 1023.0, 1025.0, 1024.0, 1023.0, 1024.0, 1024.0, 1024.0, 1024.0, 1024.0, 1025.0, 1024.0, 1024.0, 1024.0, 1025.0, 1023.0, 1023.0, 1024.0, 1024.0, 1024.0, 1025.0, 1022.0, 1024.0, 1026.0, 1025.0, 1024.0, 1026.0, 1024.0, 1023.0, 1023.0, 1025.0, 1026.0, 1024.0, 1025.0, 1024.0, 1024.0, 1024.0, 1026.0, 1024.0, 1025.0, 1024.0, 1027.0, 1025.0, 1024.0, 1024.0, 1025.0, 1026.0, 1025.0, 1024.0, 1022.0, 1026.0, 1023.0, 1025.0, 1024.0, 1024.0, 1024.0, 1024.0, 1024.0, 1024.0, 1024.0, 1025.0, 1024.0, 1024.0, 1025.0, 1025.0, 1023.0, 1024.0, 1025.0, 1025.0, 1026.0, 1024.0, 1024.0, 1025.0, 1024.0, 1024.0, 1024.0, 1025.0, 1026.0, 1023.0, 1023.0, 1024.0, 1024.0, 1023.0, 1025.0, 1023.0, 1025.0, 1024.0, 1022.0, 1024.0, 1024.0, 1024.0, 1022.0, 1027.0, 1024.0, 1025.0, 1024.0, 1024.0, 1023.0, 1025.0, 1024.0, 1024.0, 1025.0, 1024.0, 1025.0, 1024.0, 1024.0, 1023.0, 1023.0, 1024.0, 1023.0, 1023.0, 1024.0, 1024.0, 1025.0, 1024.0]
Crossover offspring noisy fitness: [1024.0, 1024.0, 1026.0, 1024.0, 1024.0, 1025.0, 1024.0, 1025.0, 1025.0, 1023.0, 1023.0, 1024.0, 1023.0, 1023.0, 1024.0, 1023.0, 1024.0, 1025.0, 1024.0, 1024.0, 1024.0, 1024.0, 1025.0, 1024.0, 1024.0, 1024.0, 1025.0, 1024.0, 1024.0, 1024.0, 1024.0, 1024.0, 1023.0, 1024.0, 1024.0, 1023.0, 1023.0, 1024.0, 1024.0, 1025.0, 1024.0, 1026.0, 1024.0, 1028.0, 1025.0, 1024.0, 1024.0, 1023.0, 1025.0, 1024.0, 1023.0, 1024.0, 1024.0, 1024.0, 1024.0, 1024.0, 1025.0, 1024.0, 1024.0, 1024.0, 1025.0, 1023.0, 1023.0, 1024.0, 1024.0, 1024.0, 1025.0, 1022.0, 1024.0, 1026.0, 1025.0, 1024.0, 1026.0, 1024.0, 1023.0, 1023.0, 1025.0, 1026.0, 1024.0, 1025.0, 1024.0, 1024.0, 1024.0, 1026.0, 1024.0, 1025.0, 1024.0, 1026.0, 1025.0, 1024.0, 1024.0, 1025.0, 1026.0, 1025.0, 1024.0, 1022.0, 1026.0, 1023.0, 1025.0, 1024.0, 1025.0, 1024.0, 1024.0, 1024.0, 1024.0, 1024.0, 1025.0, 1025.0, 1024.0, 1025.0, 1025.0, 1023.0, 1024.0, 1025.0, 1025.0, 1026.0, 1024.0, 1024.0, 1025.0, 1024.0, 1024.0, 1024.0, 1025.0, 1026.0, 1023.0, 1023.0, 1024.0, 1024.0, 1023.0, 1025.0, 1023.0, 1025.0, 1024.0, 1022.0, 1025.0, 1024.0, 1024.0, 1022.0, 1027.0, 1024.0, 1025.0, 1025.0, 1024.0, 1023.0, 1025.0, 1025.0, 1024.0, 1025.0, 1024.0, 1025.0, 1024.0, 1024.0, 1024.0, 1023.0, 1024.0, 1023.0, 1023.0, 1023.0, 1024.0, 1025.0, 1024.0]

l: 184
Fitness of mutation winner: 1054.0
Crossover offspring real fitness: [1024.0, 1025.0, 1024.0, 1023.0, 1024.0, 1024.0, 1025.0, 1026.0, 1023.0, 1023.0, 1026.0, 1025.0, 1023.0, 1022.0, 1025.0, 1025.0, 1026.0, 1023.0, 1023.0, 1024.0, 1024.0, 1025.0, 1023.0, 1024.0, 1025.0, 1024.0, 1024.0, 1025.0, 1024.0, 1025.0, 1027.0, 1023.0, 1023.0, 1026.0, 1023.0, 1024.0, 1024.0, 1024.0, 1024.0, 1024.0, 1023.0, 1025.0, 1022.0, 1023.0, 1024.0, 1025.0, 1024.0, 1024.0, 1025.0, 1024.0, 1023.0, 1024.0, 1022.0, 1023.0, 1023.0, 1022.0, 1024.0, 1025.0, 1024.0, 1024.0, 1025.0, 1025.0, 1026.0, 1023.0, 1025.0, 1022.0, 1025.0, 1024.0, 1025.0, 1024.0, 1024.0, 1023.0, 1024.0, 1026.0, 1024.0, 1023.0, 1024.0, 1024.0, 1023.0, 1025.0, 1025.0, 1023.0, 1024.0, 1025.0, 1025.0, 1025.0, 1026.0, 1023.0, 1024.0, 1023.0, 1024.0, 1024.0, 1023.0, 1025.0, 1025.0, 1026.0, 1025.0, 1025.0, 1026.0, 1025.0, 1025.0, 1024.0, 1025.0, 1026.0, 1024.0, 1022.0, 1024.0, 1024.0, 1026.0, 1026.0, 1023.0, 1025.0, 1022.0, 1024.0, 1024.0, 1023.0, 1025.0, 1022.0, 1024.0, 1024.0, 1023.0, 1024.0, 1025.0, 1024.0, 1024.0, 1024.0, 1024.0, 1024.0, 1026.0, 1024.0, 1026.0, 1024.0, 1025.0, 1024.0, 1025.0, 1023.0, 1024.0, 1023.0, 1023.0, 1023.0, 1022.0, 1024.0, 1024.0, 1026.0, 1026.0, 1024.0, 1022.0, 1025.0, 1024.0, 1023.0, 1025.0, 1025.0, 1025.0, 1024.0, 1024.0, 1023.0, 1024.0, 1024.0, 1024.0, 1024.0, 1024.0]
Crossover offspring noisy fitness: [1024.0, 1025.0, 1024.0, 1023.0, 1024.0, 1023.0, 1025.0, 1026.0, 1023.0, 1023.0, 1026.0, 1025.0, 1023.0, 1022.0, 1025.0, 1025.0, 1026.0, 1023.0, 1024.0, 1024.0, 1024.0, 1025.0, 1023.0, 1024.0, 1025.0, 1024.0, 1024.0, 1025.0, 1024.0, 1024.0, 1027.0, 1023.0, 1023.0, 1026.0, 1023.0, 1024.0, 1024.0, 1024.0, 1024.0, 1024.0, 1023.0, 1025.0, 1022.0, 1023.0, 1024.0, 1025.0, 1024.0, 1024.0, 1025.0, 1024.0, 1023.0, 1024.0, 1022.0, 1023.0, 1023.0, 1023.0, 1024.0, 1025.0, 1024.0, 1024.0, 1025.0, 1025.0, 1026.0, 1023.0, 1025.0, 1022.0, 1025.0, 1024.0, 1025.0, 1024.0, 1024.0, 1024.0, 1024.0, 1026.0, 1024.0, 1023.0, 1024.0, 1024.0, 1022.0, 1025.0, 1025.0, 1023.0, 1024.0, 1025.0, 1025.0, 1025.0, 1026.0, 1023.0, 1024.0, 1023.0, 1024.0, 1024.0, 1023.0, 1025.0, 1025.0, 1025.0, 1025.0, 1025.0, 1026.0, 1025.0, 1025.0, 1024.0, 1025.0, 1026.0, 1024.0, 1021.0, 1024.0, 1024.0, 1026.0, 1026.0, 1023.0, 1025.0, 1022.0, 1024.0, 1024.0, 1023.0, 1025.0, 1022.0, 1024.0, 1024.0, 1023.0, 1024.0, 1025.0, 1024.0, 1024.0, 1024.0, 1024.0, 1024.0, 1026.0, 1024.0, 1026.0, 1024.0, 1025.0, 1024.0, 1025.0, 1023.0, 1024.0, 1023.0, 1023.0, 1023.0, 1022.0, 1024.0, 1024.0, 1026.0, 1026.0, 1024.0, 1022.0, 1025.0, 1024.0, 1023.0, 1025.0, 1025.0, 1025.0, 1024.0, 1024.0, 1024.0, 1024.0, 1024.0, 1023.0, 1024.0, 1024.0]

