l: 40
Real fitness of mutation winner: 1040.0
Noisy fitness of mutation winner: 1040.0
Crossover offspring real fitness: [1024.0, 1023.0, 1027.0, 1025.0, 1025.0, 1024.0, 1024.0, 1024.0, 1024.0, 1024.0, 1024.0, 1025.0, 1024.0, 1026.0, 1024.0, 1024.0, 1024.0, 1024.0, 1024.0, 1024.0, 1024.0, 1027.0, 1024.0, 1024.0, 1024.0, 1024.0, 1025.0, 1024.0, 1025.0, 1023.0, 1026.0, 1027.0, 1026.0, 1024.0, 1024.0, 1026.0, 1023.0, 1025.0, 1024.0, 1024.0, 1024.0, 1025.0, 1025.0, 1026.0, 1024.0]
Crossover offspring noisy fitness: [1024.0, 1023.0, 1027.0, 1025.0, 1025.0, 1024.0, 1024.0, 1024.0, 1024.0, 1024.0, 1024.0, 1025.0, 1024.0, 1026.0, 1024.0, 1024.0, 1024.0, 1024.0, 1024.0, 1024.0, 1024.0, 1026.0, 1024.0, 1024.0, 1024.0, 1024.0, 1025.0, 1024.0, 1025.0, 1023.0, 1026.0, 1027.0, 1026.0, 1024.0, 1024.0, 1026.0, 1023.0, 1025.0, 1024.0, 1025.0, 1024.0, 1025.0, 1025.0, 1026.0, 1024.0]
Is bad individual winner: 0

l: 44
Real fitness of mutation winner: 1040.0
Noisy fitness of mutation winner: 1041.0
Crossover offspring real fitness: [1026.0, 1024.0, 1024.0, 1024.0, 1026.0, 1024.0, 1024.0, 1025.0, 1027.0, 1024.0, 1024.0, 1025.0, 1023.0, 1024.0, 1024.0, 1023.0, 1024.0, 1025.0, 1025.0, 1025.0, 1026.0, 1023.0, 1024.0, 1023.0, 1024.0, 1024.0, 1025.0, 1023.0, 1026.0, 1026.0, 1023.0, 1024.0, 1026.0, 1024.0, 1024.0, 1024.0, 1024.0, 1025.0, 1024.0, 1024.0, 1025.0, 1025.0, 1024.0, 1025.0, 1024.0]
Crossover offspring noisy fitness: [1026.0, 1024.0, 1024.0, 1024.0, 1026.0, 1024.0, 1024.0, 1025.0, 1027.0, 1024.0, 1024.0, 1025.0, 1023.0, 1024.0, 1024.0, 1023.0, 1024.0, 1025.0, 1025.0, 1025.0, 1026.0, 1023.0, 1024.0, 1023.0, 1024.0, 1024.0, 1025.0, 1023.0, 1026.0, 1026.0, 1023.0, 1024.0, 1026.0, 1024.0, 1024.0, 1024.0, 1024.0, 1025.0, 1024.0, 1024.0, 1025.0, 1025.0, 1025.0, 1025.0, 1024.0]
Is bad individual winner: 0

l: 45
Real fitness of mutation winner: 1043.0
Noisy fitness of mutation winner: 1043.0
Crossover offspring real fitness: [1025.0, 1026.0, 1024.0, 1024.0, 1024.0, 1029.0, 1026.0, 1024.0, 1024.0, 1024.0, 1026.0, 1025.0, 1025.0, 1024.0, 1025.0, 1023.0, 1026.0, 1024.0, 1025.0, 1024.0, 1023.0, 1024.0, 1025.0, 1026.0, 1024.0, 1023.0, 1025.0, 1023.0, 1024.0, 1026.0, 1024.0, 1025.0, 1024.0, 1024.0, 1024.0, 1024.0, 1025.0, 1024.0, 1024.0, 1024.0, 1025.0, 1024.0, 1025.0, 1024.0, 1025.0]
Crossover offspring noisy fitness: [1025.0, 1026.0, 1024.0, 1024.0, 1024.0, 1029.0, 1026.0, 1024.0, 1024.0, 1024.0, 1026.0, 1025.0, 1025.0, 1024.0, 1025.0, 1022.0, 1026.0, 1022.0, 1025.0, 1024.0, 1023.0, 1024.0, 1024.0, 1026.0, 1024.0, 1023.0, 1025.0, 1023.0, 1023.0, 1026.0, 1024.0, 1025.0, 1024.0, 1024.0, 1024.0, 1024.0, 1025.0, 1024.0, 1024.0, 1024.0, 1025.0, 1024.0, 1025.0, 1024.0, 1025.0]
Is bad individual winner: 0

l: 44
Real fitness of mutation winner: 1038.0
Noisy fitness of mutation winner: 1038.0
Crossover offspring real fitness: [1024.0, 1025.0, 1024.0, 1025.0, 1024.0, 1024.0, 1026.0, 1024.0, 1024.0, 1028.0, 1024.0, 1025.0, 1024.0, 1025.0, 1024.0, 1022.0, 1024.0, 1024.0, 1023.0, 1025.0, 1024.0, 1024.0, 1025.0, 1024.0, 1024.0, 1024.0, 1026.0, 1024.0, 1025.0, 1024.0, 1025.0, 1024.0, 1024.0, 1024.0, 1023.0, 1024.0, 1024.0, 1026.0, 1023.0, 1025.0, 1024.0, 1024.0, 1023.0, 1024.0, 1024.0]
Crossover offspring noisy fitness: [1024.0, 1025.0, 1024.0, 1025.0, 1024.0, 1024.0, 1026.0, 1024.0, 1024.0, 1028.0, 1024.0, 1025.0, 1024.0, 1025.0, 1024.0, 1022.0, 1024.0, 1024.0, 1023.0, 1025.0, 1024.0, 1025.0, 1025.0, 1024.0, 1024.0, 1024.0, 1026.0, 1024.0, 1024.0, 1024.0, 1025.0, 1024.0, 1024.0, 1024.0, 1023.0, 1024.0, 1024.0, 1026.0, 1023.0, 1025.0, 1024.0, 1024.0, 1023.0, 1024.0, 1024.0]
Is bad individual winner: 0

