l: 159
Fitness of mutation winner: 1065.0
Crossover offspring real fitness: [1025.0, 1025.0, 1024.0, 1024.0, 1024.0, 1024.0, 1026.0, 1023.0, 1024.0, 1023.0, 1024.0, 1025.0, 1024.0, 1025.0, 1024.0, 1025.0, 1024.0, 1023.0, 1026.0, 1025.0, 1024.0, 1024.0, 1024.0, 1026.0, 1024.0, 1024.0, 1024.0, 1023.0, 1023.0, 1023.0, 1023.0, 1024.0, 1025.0, 1025.0, 1024.0, 1024.0, 1024.0, 1025.0, 1025.0, 1024.0, 1024.0, 1023.0, 1024.0, 1023.0, 1025.0, 1024.0, 1024.0, 1022.0, 1024.0, 1024.0, 1025.0, 1022.0, 1024.0, 1026.0, 1024.0, 1024.0, 1026.0, 1024.0, 1022.0, 1022.0, 1024.0, 1024.0, 1024.0, 1024.0, 1025.0, 1023.0, 1024.0, 1025.0, 1027.0, 1025.0, 1024.0, 1025.0, 1024.0, 1024.0, 1024.0, 1025.0, 1024.0, 1024.0, 1025.0, 1024.0, 1024.0, 1023.0, 1024.0, 1024.0, 1025.0, 1024.0, 1023.0, 1026.0, 1025.0, 1022.0, 1024.0, 1024.0, 1026.0, 1025.0, 1026.0, 1025.0, 1025.0, 1023.0, 1022.0, 1024.0, 1024.0, 1028.0, 1025.0, 1025.0, 1025.0, 1024.0, 1023.0, 1024.0, 1024.0, 1025.0, 1025.0, 1025.0, 1023.0, 1025.0, 1024.0, 1024.0, 1024.0, 1025.0, 1025.0, 1025.0, 1025.0, 1023.0, 1024.0, 1023.0, 1023.0, 1024.0, 1024.0, 1023.0, 1026.0, 1022.0, 1025.0, 1022.0, 1025.0, 1023.0, 1024.0, 1024.0, 1023.0, 1023.0, 1024.0, 1025.0, 1024.0, 1023.0, 1023.0, 1024.0, 1025.0, 1023.0, 1025.0, 1025.0, 1024.0, 1024.0, 1025.0, 1026.0, 1024.0, 1025.0, 1024.0, 1024.0, 1025.0, 1024.0, 1024.0, 1025.0, 1025.0]
Crossover offspring noisy fitness: [1025.0, 1025.0, 1024.0, 1024.0, 1024.0, 1024.0, 1026.0, 1023.0, 1023.0, 1023.0, 1024.0, 1025.0, 1024.0, 1025.0, 1024.0, 1025.0, 1024.0, 1023.0, 1026.0, 1025.0, 1024.0, 1024.0, 1024.0, 1026.0, 1024.0, 1024.0, 1024.0, 1023.0, 1023.0, 1023.0, 1024.0, 1024.0, 1025.0, 1025.0, 1024.0, 1024.0, 1024.0, 1025.0, 1025.0, 1024.0, 1024.0, 1023.0, 1025.0, 1023.0, 1025.0, 1024.0, 1024.0, 1022.0, 1024.0, 1024.0, 1025.0, 1022.0, 1024.0, 1026.0, 1024.0, 1024.0, 1026.0, 1024.0, 1022.0, 1022.0, 1024.0, 1024.0, 1024.0, 1024.0, 1025.0, 1023.0, 1024.0, 1025.0, 1027.0, 1025.0, 1024.0, 1025.0, 1024.0, 1024.0, 1024.0, 1025.0, 1024.0, 1024.0, 1025.0, 1024.0, 1024.0, 1023.0, 1024.0, 1024.0, 1025.0, 1024.0, 1023.0, 1026.0, 1025.0, 1022.0, 1024.0, 1024.0, 1026.0, 1025.0, 1026.0, 1025.0, 1025.0, 1023.0, 1022.0, 1024.0, 1024.0, 1028.0, 1025.0, 1025.0, 1025.0, 1024.0, 1023.0, 1024.0, 1024.0, 1025.0, 1025.0, 1025.0, 1023.0, 1025.0, 1024.0, 1024.0, 1024.0, 1025.0, 1025.0, 1025.0, 1025.0, 1023.0, 1025.0, 1023.0, 1023.0, 1024.0, 1024.0, 1023.0, 1026.0, 1022.0, 1025.0, 1022.0, 1025.0, 1023.0, 1024.0, 1024.0, 1023.0, 1023.0, 1025.0, 1025.0, 1024.0, 1023.0, 1022.0, 1024.0, 1025.0, 1023.0, 1025.0, 1025.0, 1024.0, 1024.0, 1025.0, 1027.0, 1024.0, 1025.0, 1024.0, 1024.0, 1025.0, 1024.0, 1024.0, 1025.0, 1025.0]

l: 176
Fitness of mutation winner: 1054.0
Crossover offspring real fitness: [1024.0, 1024.0, 1024.0, 1024.0, 1024.0, 1026.0, 1024.0, 1025.0, 1021.0, 1024.0, 1024.0, 1021.0, 1025.0, 1023.0, 1024.0, 1023.0, 1022.0, 1023.0, 1024.0, 1024.0, 1025.0, 1024.0, 1024.0, 1025.0, 1024.0, 1027.0, 1024.0, 1026.0, 1024.0, 1024.0, 1024.0, 1024.0, 1023.0, 1024.0, 1024.0, 1023.0, 1024.0, 1024.0, 1023.0, 1025.0, 1024.0, 1025.0, 1024.0, 1025.0, 1023.0, 1024.0, 1025.0, 1024.0, 1024.0, 1025.0, 1023.0, 1025.0, 1025.0, 1025.0, 1025.0, 1024.0, 1025.0, 1026.0, 1024.0, 1024.0, 1023.0, 1024.0, 1022.0, 1025.0, 1025.0, 1025.0, 1021.0, 1022.0, 1024.0, 1025.0, 1024.0, 1023.0, 1024.0, 1027.0, 1024.0, 1026.0, 1025.0, 1024.0, 1025.0, 1024.0, 1025.0, 1024.0, 1024.0, 1024.0, 1022.0, 1023.0, 1025.0, 1024.0, 1024.0, 1022.0, 1023.0, 1025.0, 1025.0, 1024.0, 1025.0, 1020.0, 1023.0, 1023.0, 1025.0, 1024.0, 1024.0, 1024.0, 1028.0, 1023.0, 1026.0, 1023.0, 1024.0, 1025.0, 1024.0, 1024.0, 1023.0, 1021.0, 1024.0, 1023.0, 1026.0, 1024.0, 1024.0, 1024.0, 1024.0, 1025.0, 1022.0, 1025.0, 1025.0, 1026.0, 1026.0, 1023.0, 1025.0, 1025.0, 1024.0, 1024.0, 1025.0, 1024.0, 1023.0, 1025.0, 1024.0, 1024.0, 1022.0, 1023.0, 1024.0, 1024.0, 1026.0, 1026.0, 1023.0, 1023.0, 1024.0, 1025.0, 1024.0, 1027.0, 1027.0, 1024.0, 1024.0, 1025.0, 1024.0, 1025.0, 1025.0, 1024.0, 1024.0, 1025.0, 1023.0, 1025.0, 1025.0]
Crossover offspring noisy fitness: [1024.0, 1024.0, 1024.0, 1024.0, 1024.0, 1026.0, 1024.0, 1025.0, 1021.0, 1024.0, 1024.0, 1021.0, 1025.0, 1023.0, 1024.0, 1023.0, 1022.0, 1023.0, 1024.0, 1024.0, 1025.0, 1024.0, 1024.0, 1025.0, 1024.0, 1027.0, 1024.0, 1026.0, 1024.0, 1025.0, 1024.0, 1024.0, 1023.0, 1024.0, 1024.0, 1023.0, 1024.0, 1024.0, 1023.0, 1025.0, 1024.0, 1025.0, 1024.0, 1025.0, 1023.0, 1024.0, 1025.0, 1023.0, 1024.0, 1025.0, 1022.0, 1025.0, 1025.0, 1025.0, 1025.0, 1024.0, 1025.0, 1026.0, 1024.0, 1024.0, 1023.0, 1024.0, 1022.0, 1025.0, 1025.0, 1026.0, 1021.0, 1023.0, 1024.0, 1025.0, 1024.0, 1023.0, 1024.0, 1027.0, 1024.0, 1026.0, 1025.0, 1024.0, 1025.0, 1024.0, 1025.0, 1024.0, 1024.0, 1024.0, 1022.0, 1023.0, 1025.0, 1024.0, 1024.0, 1022.0, 1024.0, 1025.0, 1025.0, 1024.0, 1025.0, 1020.0, 1023.0, 1023.0, 1025.0, 1024.0, 1024.0, 1024.0, 1028.0, 1023.0, 1026.0, 1023.0, 1024.0, 1025.0, 1024.0, 1024.0, 1023.0, 1021.0, 1024.0, 1023.0, 1026.0, 1024.0, 1024.0, 1024.0, 1024.0, 1025.0, 1022.0, 1025.0, 1025.0, 1026.0, 1026.0, 1023.0, 1025.0, 1025.0, 1024.0, 1024.0, 1025.0, 1024.0, 1023.0, 1025.0, 1024.0, 1024.0, 1022.0, 1023.0, 1024.0, 1024.0, 1026.0, 1026.0, 1023.0, 1023.0, 1024.0, 1025.0, 1024.0, 1027.0, 1027.0, 1024.0, 1024.0, 1025.0, 1024.0, 1025.0, 1025.0, 1024.0, 1024.0, 1025.0, 1023.0, 1025.0, 1024.0]

l: 166
Fitness of mutation winner: 1062.0
Crossover offspring real fitness: [1025.0, 1024.0, 1025.0, 1026.0, 1024.0, 1024.0, 1025.0, 1024.0, 1025.0, 1024.0, 1024.0, 1025.0, 1024.0, 1026.0, 1026.0, 1025.0, 1024.0, 1023.0, 1024.0, 1026.0, 1023.0, 1024.0, 1024.0, 1024.0, 1023.0, 1024.0, 1025.0, 1024.0, 1024.0, 1024.0, 1024.0, 1024.0, 1024.0, 1024.0, 1024.0, 1025.0, 1024.0, 1024.0, 1026.0, 1024.0, 1024.0, 1027.0, 1024.0, 1023.0, 1024.0, 1026.0, 1023.0, 1023.0, 1025.0, 1024.0, 1024.0, 1025.0, 1025.0, 1024.0, 1023.0, 1024.0, 1025.0, 1024.0, 1025.0, 1024.0, 1024.0, 1025.0, 1024.0, 1025.0, 1023.0, 1023.0, 1024.0, 1021.0, 1024.0, 1025.0, 1025.0, 1025.0, 1025.0, 1025.0, 1026.0, 1024.0, 1027.0, 1026.0, 1025.0, 1024.0, 1025.0, 1025.0, 1023.0, 1025.0, 1024.0, 1023.0, 1024.0, 1023.0, 1024.0, 1027.0, 1025.0, 1025.0, 1025.0, 1024.0, 1027.0, 1024.0, 1024.0, 1025.0, 1025.0, 1024.0, 1024.0, 1024.0, 1024.0, 1023.0, 1025.0, 1024.0, 1025.0, 1023.0, 1024.0, 1024.0, 1023.0, 1024.0, 1023.0, 1024.0, 1026.0, 1023.0, 1024.0, 1023.0, 1024.0, 1026.0, 1024.0, 1024.0, 1024.0, 1024.0, 1025.0, 1025.0, 1023.0, 1025.0, 1025.0, 1023.0, 1025.0, 1025.0, 1026.0, 1023.0, 1025.0, 1024.0, 1024.0, 1025.0, 1024.0, 1024.0, 1023.0, 1023.0, 1023.0, 1024.0, 1025.0, 1024.0, 1023.0, 1025.0, 1023.0, 1025.0, 1025.0, 1025.0, 1025.0, 1023.0, 1024.0, 1025.0, 1023.0, 1024.0, 1024.0, 1024.0, 1026.0]
Crossover offspring noisy fitness: [1025.0, 1024.0, 1025.0, 1026.0, 1024.0, 1024.0, 1025.0, 1024.0, 1025.0, 1024.0, 1024.0, 1025.0, 1024.0, 1026.0, 1026.0, 1025.0, 1024.0, 1023.0, 1024.0, 1026.0, 1023.0, 1024.0, 1024.0, 1024.0, 1023.0, 1024.0, 1025.0, 1024.0, 1024.0, 1024.0, 1024.0, 1024.0, 1024.0, 1024.0, 1024.0, 1025.0, 1024.0, 1024.0, 1026.0, 1024.0, 1024.0, 1027.0, 1024.0, 1023.0, 1024.0, 1026.0, 1023.0, 1023.0, 1025.0, 1024.0, 1024.0, 1025.0, 1025.0, 1024.0, 1023.0, 1024.0, 1025.0, 1024.0, 1025.0, 1024.0, 1024.0, 1025.0, 1024.0, 1025.0, 1023.0, 1023.0, 1024.0, 1021.0, 1024.0, 1025.0, 1025.0, 1025.0, 1024.0, 1025.0, 1026.0, 1024.0, 1027.0, 1026.0, 1025.0, 1024.0, 1025.0, 1025.0, 1023.0, 1025.0, 1024.0, 1023.0, 1024.0, 1023.0, 1024.0, 1027.0, 1025.0, 1025.0, 1025.0, 1024.0, 1027.0, 1024.0, 1024.0, 1025.0, 1025.0, 1024.0, 1024.0, 1024.0, 1024.0, 1022.0, 1025.0, 1024.0, 1025.0, 1023.0, 1024.0, 1024.0, 1023.0, 1024.0, 1023.0, 1024.0, 1026.0, 1023.0, 1024.0, 1023.0, 1024.0, 1026.0, 1024.0, 1024.0, 1024.0, 1024.0, 1025.0, 1025.0, 1023.0, 1025.0, 1025.0, 1023.0, 1025.0, 1025.0, 1026.0, 1022.0, 1025.0, 1024.0, 1024.0, 1025.0, 1023.0, 1024.0, 1023.0, 1023.0, 1023.0, 1024.0, 1025.0, 1024.0, 1023.0, 1025.0, 1023.0, 1025.0, 1026.0, 1025.0, 1025.0, 1023.0, 1024.0, 1025.0, 1023.0, 1024.0, 1024.0, 1024.0, 1026.0]

l: 191
Fitness of mutation winner: 1063.0
Crossover offspring real fitness: [1026.0, 1026.0, 1024.0, 1024.0, 1023.0, 1024.0, 1025.0, 1024.0, 1024.0, 1025.0, 1025.0, 1026.0, 1024.0, 1025.0, 1023.0, 1025.0, 1023.0, 1026.0, 1024.0, 1025.0, 1024.0, 1024.0, 1024.0, 1025.0, 1023.0, 1027.0, 1023.0, 1024.0, 1023.0, 1024.0, 1024.0, 1026.0, 1025.0, 1024.0, 1026.0, 1023.0, 1024.0, 1022.0, 1023.0, 1025.0, 1024.0, 1026.0, 1023.0, 1025.0, 1025.0, 1023.0, 1024.0, 1025.0, 1024.0, 1023.0, 1025.0, 1026.0, 1022.0, 1024.0, 1024.0, 1025.0, 1024.0, 1024.0, 1025.0, 1025.0, 1023.0, 1023.0, 1024.0, 1024.0, 1024.0, 1023.0, 1024.0, 1024.0, 1025.0, 1024.0, 1026.0, 1024.0, 1024.0, 1024.0, 1025.0, 1024.0, 1024.0, 1024.0, 1024.0, 1027.0, 1023.0, 1022.0, 1025.0, 1024.0, 1024.0, 1024.0, 1026.0, 1024.0, 1024.0, 1024.0, 1024.0, 1023.0, 1025.0, 1024.0, 1023.0, 1027.0, 1023.0, 1025.0, 1025.0, 1024.0, 1023.0, 1024.0, 1022.0, 1025.0, 1024.0, 1024.0, 1024.0, 1025.0, 1024.0, 1023.0, 1024.0, 1025.0, 1024.0, 1027.0, 1024.0, 1023.0, 1025.0, 1024.0, 1024.0, 1024.0, 1024.0, 1025.0, 1025.0, 1023.0, 1024.0, 1024.0, 1025.0, 1025.0, 1022.0, 1025.0, 1023.0, 1025.0, 1026.0, 1023.0, 1026.0, 1024.0, 1025.0, 1024.0, 1024.0, 1026.0, 1023.0, 1025.0, 1025.0, 1023.0, 1024.0, 1024.0, 1025.0, 1023.0, 1025.0, 1023.0, 1025.0, 1024.0, 1026.0, 1023.0, 1024.0, 1024.0, 1025.0, 1024.0, 1027.0, 1023.0, 1025.0]
Crossover offspring noisy fitness: [1026.0, 1026.0, 1024.0, 1024.0, 1023.0, 1023.0, 1025.0, 1024.0, 1024.0, 1025.0, 1025.0, 1026.0, 1024.0, 1025.0, 1023.0, 1025.0, 1023.0, 1026.0, 1024.0, 1025.0, 1024.0, 1024.0, 1024.0, 1025.0, 1023.0, 1027.0, 1023.0, 1024.0, 1023.0, 1024.0, 1024.0, 1026.0, 1025.0, 1023.0, 1026.0, 1023.0, 1024.0, 1022.0, 1023.0, 1025.0, 1024.0, 1026.0, 1023.0, 1025.0, 1025.0, 1023.0, 1024.0, 1025.0, 1024.0, 1023.0, 1025.0, 1026.0, 1021.0, 1024.0, 1024.0, 1025.0, 1024.0, 1024.0, 1025.0, 1025.0, 1023.0, 1023.0, 1024.0, 1024.0, 1024.0, 1023.0, 1024.0, 1024.0, 1025.0, 1024.0, 1026.0, 1024.0, 1024.0, 1024.0, 1025.0, 1024.0, 1023.0, 1024.0, 1024.0, 1027.0, 1023.0, 1022.0, 1025.0, 1024.0, 1024.0, 1024.0, 1026.0, 1024.0, 1024.0, 1024.0, 1024.0, 1023.0, 1025.0, 1024.0, 1023.0, 1026.0, 1023.0, 1025.0, 1025.0, 1024.0, 1023.0, 1024.0, 1022.0, 1025.0, 1024.0, 1024.0, 1024.0, 1025.0, 1024.0, 1023.0, 1024.0, 1025.0, 1024.0, 1027.0, 1024.0, 1023.0, 1025.0, 1023.0, 1024.0, 1024.0, 1024.0, 1025.0, 1025.0, 1023.0, 1024.0, 1024.0, 1025.0, 1025.0, 1022.0, 1025.0, 1023.0, 1025.0, 1026.0, 1023.0, 1027.0, 1024.0, 1025.0, 1024.0, 1024.0, 1026.0, 1023.0, 1025.0, 1025.0, 1023.0, 1024.0, 1024.0, 1025.0, 1023.0, 1025.0, 1023.0, 1025.0, 1024.0, 1026.0, 1023.0, 1024.0, 1024.0, 1025.0, 1024.0, 1027.0, 1023.0, 1025.0]

