l: 187
Fitness of mutation winner: 1063.0
Crossover offspring real fitness: [1023.0, 1025.0, 1024.0, 1024.0, 1024.0, 1024.0, 1025.0, 1024.0, 1024.0, 1023.0, 1023.0, 1024.0, 1024.0, 1025.0, 1024.0, 1024.0, 1024.0, 1024.0, 1024.0, 1024.0, 1021.0, 1026.0, 1024.0, 1025.0, 1024.0, 1026.0, 1025.0, 1026.0, 1025.0, 1025.0, 1023.0, 1024.0, 1026.0, 1024.0, 1025.0, 1024.0, 1021.0, 1022.0, 1024.0, 1024.0, 1024.0, 1024.0, 1024.0, 1025.0, 1023.0, 1024.0, 1026.0, 1025.0, 1024.0, 1023.0, 1021.0, 1025.0, 1024.0, 1025.0, 1023.0, 1023.0, 1023.0, 1025.0, 1024.0, 1024.0, 1025.0, 1025.0, 1024.0, 1022.0, 1025.0, 1025.0, 1024.0, 1024.0, 1026.0, 1025.0, 1022.0, 1024.0, 1024.0, 1025.0, 1025.0, 1025.0, 1025.0, 1023.0, 1024.0, 1027.0, 1024.0, 1024.0, 1025.0, 1024.0, 1024.0, 1026.0, 1023.0, 1025.0, 1025.0, 1024.0, 1025.0, 1023.0, 1025.0, 1023.0, 1024.0, 1023.0, 1025.0, 1024.0, 1024.0, 1026.0, 1025.0, 1025.0, 1024.0, 1023.0, 1024.0, 1025.0, 1025.0, 1024.0, 1025.0, 1024.0, 1025.0, 1023.0, 1023.0, 1022.0, 1023.0, 1023.0, 1024.0, 1023.0, 1024.0, 1025.0, 1025.0, 1023.0, 1024.0, 1025.0, 1022.0, 1024.0, 1023.0, 1024.0, 1024.0, 1025.0, 1025.0, 1024.0, 1025.0, 1024.0, 1024.0, 1025.0, 1024.0, 1024.0, 1024.0, 1024.0, 1026.0, 1026.0, 1024.0, 1024.0, 1025.0, 1023.0, 1024.0, 1023.0, 1024.0, 1027.0, 1023.0, 1024.0, 1025.0, 1025.0, 1025.0, 1025.0, 1027.0, 1026.0, 1024.0, 1021.0, 1024.0]
Crossover offspring noisy fitness: [1023.0, 1025.0, 1024.0, 1024.0, 1024.0, 1024.0, 1024.0, 1024.0, 1024.0, 1023.0, 1023.0, 1024.0, 1024.0, 1025.0, 1024.0, 1024.0, 1024.0, 1024.0, 1024.0, 1024.0, 1021.0, 1026.0, 1024.0, 1025.0, 1024.0, 1026.0, 1025.0, 1026.0, 1025.0, 1026.0, 1023.0, 1024.0, 1026.0, 1024.0, 1025.0, 1025.0, 1021.0, 1022.0, 1024.0, 1024.0, 1024.0, 1024.0, 1024.0, 1025.0, 1023.0, 1024.0, 1026.0, 1025.0, 1024.0, 1023.0, 1021.0, 1025.0, 1024.0, 1025.0, 1023.0, 1023.0, 1024.0, 1025.0, 1024.0, 1024.0, 1025.0, 1025.0, 1024.0, 1022.0, 1025.0, 1025.0, 1024.0, 1024.0, 1026.0, 1025.0, 1022.0, 1024.0, 1024.0, 1024.0, 1025.0, 1025.0, 1025.0, 1023.0, 1024.0, 1027.0, 1024.0, 1024.0, 1025.0, 1024.0, 1024.0, 1026.0, 1023.0, 1025.0, 1025.0, 1024.0, 1025.0, 1023.0, 1025.0, 1023.0, 1024.0, 1023.0, 1025.0, 1024.0, 1023.0, 1026.0, 1025.0, 1025.0, 1024.0, 1023.0, 1024.0, 1025.0, 1025.0, 1024.0, 1025.0, 1024.0, 1025.0, 1023.0, 1023.0, 1022.0, 1023.0, 1023.0, 1024.0, 1023.0, 1024.0, 1025.0, 1025.0, 1023.0, 1024.0, 1024.0, 1022.0, 1024.0, 1023.0, 1024.0, 1024.0, 1025.0, 1025.0, 1024.0, 1025.0, 1024.0, 1024.0, 1025.0, 1024.0, 1024.0, 1024.0, 1024.0, 1026.0, 1026.0, 1024.0, 1024.0, 1025.0, 1023.0, 1024.0, 1023.0, 1024.0, 1027.0, 1023.0, 1024.0, 1025.0, 1025.0, 1025.0, 1025.0, 1027.0, 1026.0, 1024.0, 1021.0, 1024.0]

l: 139
Fitness of mutation winner: 1051.0
Crossover offspring real fitness: [1024.0, 1025.0, 1023.0, 1024.0, 1025.0, 1022.0, 1024.0, 1024.0, 1028.0, 1023.0, 1024.0, 1024.0, 1025.0, 1024.0, 1025.0, 1021.0, 1024.0, 1023.0, 1026.0, 1025.0, 1024.0, 1024.0, 1024.0, 1026.0, 1024.0, 1024.0, 1024.0, 1025.0, 1023.0, 1023.0, 1022.0, 1026.0, 1023.0, 1025.0, 1026.0, 1024.0, 1024.0, 1026.0, 1025.0, 1025.0, 1023.0, 1023.0, 1025.0, 1025.0, 1024.0, 1025.0, 1024.0, 1024.0, 1023.0, 1024.0, 1026.0, 1025.0, 1024.0, 1025.0, 1024.0, 1022.0, 1024.0, 1024.0, 1024.0, 1024.0, 1024.0, 1025.0, 1024.0, 1024.0, 1022.0, 1024.0, 1024.0, 1026.0, 1025.0, 1024.0, 1024.0, 1025.0, 1025.0, 1024.0, 1025.0, 1024.0, 1025.0, 1024.0, 1025.0, 1025.0, 1024.0, 1024.0, 1024.0, 1024.0, 1022.0, 1026.0, 1025.0, 1023.0, 1024.0, 1025.0, 1024.0, 1024.0, 1025.0, 1025.0, 1024.0, 1024.0, 1025.0, 1026.0, 1026.0, 1025.0, 1024.0, 1024.0, 1024.0, 1024.0, 1024.0, 1023.0, 1023.0, 1024.0, 1026.0, 1023.0, 1024.0, 1024.0, 1024.0, 1025.0, 1025.0, 1024.0, 1025.0, 1023.0, 1024.0, 1024.0, 1024.0, 1024.0, 1023.0, 1024.0, 1027.0, 1025.0, 1024.0, 1024.0, 1024.0, 1024.0, 1025.0, 1024.0, 1024.0, 1024.0, 1024.0, 1025.0, 1024.0, 1023.0, 1027.0, 1027.0, 1024.0, 1025.0, 1024.0, 1024.0, 1024.0, 1024.0, 1025.0, 1025.0, 1024.0, 1023.0, 1024.0, 1023.0, 1023.0, 1024.0, 1024.0, 1025.0, 1024.0, 1026.0, 1024.0, 1024.0, 1024.0]
Crossover offspring noisy fitness: [1024.0, 1025.0, 1023.0, 1024.0, 1025.0, 1022.0, 1024.0, 1024.0, 1028.0, 1023.0, 1024.0, 1024.0, 1025.0, 1024.0, 1025.0, 1021.0, 1024.0, 1023.0, 1025.0, 1025.0, 1024.0, 1024.0, 1024.0, 1026.0, 1024.0, 1025.0, 1024.0, 1025.0, 1023.0, 1023.0, 1022.0, 1026.0, 1023.0, 1025.0, 1026.0, 1024.0, 1024.0, 1025.0, 1025.0, 1025.0, 1023.0, 1023.0, 1025.0, 1026.0, 1024.0, 1025.0, 1024.0, 1024.0, 1023.0, 1024.0, 1026.0, 1025.0, 1024.0, 1025.0, 1024.0, 1022.0, 1024.0, 1024.0, 1023.0, 1024.0, 1024.0, 1025.0, 1024.0, 1024.0, 1022.0, 1024.0, 1024.0, 1026.0, 1025.0, 1024.0, 1024.0, 1025.0, 1025.0, 1024.0, 1025.0, 1024.0, 1025.0, 1024.0, 1025.0, 1025.0, 1024.0, 1024.0, 1023.0, 1024.0, 1022.0, 1026.0, 1025.0, 1023.0, 1024.0, 1025.0, 1025.0, 1025.0, 1025.0, 1025.0, 1024.0, 1024.0, 1025.0, 1026.0, 1026.0, 1025.0, 1024.0, 1024.0, 1024.0, 1024.0, 1024.0, 1023.0, 1024.0, 1024.0, 1026.0, 1023.0, 1024.0, 1024.0, 1024.0, 1025.0, 1025.0, 1024.0, 1025.0, 1023.0, 1024.0, 1023.0, 1024.0, 1024.0, 1022.0, 1024.0, 1027.0, 1025.0, 1024.0, 1024.0, 1023.0, 1024.0, 1025.0, 1024.0, 1024.0, 1024.0, 1024.0, 1025.0, 1024.0, 1023.0, 1027.0, 1027.0, 1024.0, 1025.0, 1024.0, 1024.0, 1023.0, 1024.0, 1025.0, 1025.0, 1024.0, 1024.0, 1024.0, 1023.0, 1023.0, 1024.0, 1024.0, 1025.0, 1024.0, 1026.0, 1024.0, 1024.0, 1024.0]

l: 174
Fitness of mutation winner: 1070.0
Crossover offspring real fitness: [1025.0, 1023.0, 1024.0, 1023.0, 1025.0, 1027.0, 1025.0, 1024.0, 1025.0, 1024.0, 1024.0, 1025.0, 1025.0, 1023.0, 1024.0, 1023.0, 1025.0, 1024.0, 1024.0, 1024.0, 1024.0, 1024.0, 1026.0, 1024.0, 1025.0, 1023.0, 1023.0, 1025.0, 1026.0, 1022.0, 1024.0, 1026.0, 1025.0, 1023.0, 1024.0, 1026.0, 1025.0, 1025.0, 1024.0, 1024.0, 1024.0, 1025.0, 1023.0, 1024.0, 1024.0, 1028.0, 1024.0, 1026.0, 1023.0, 1025.0, 1024.0, 1024.0, 1026.0, 1024.0, 1024.0, 1023.0, 1026.0, 1025.0, 1024.0, 1025.0, 1023.0, 1022.0, 1025.0, 1024.0, 1025.0, 1024.0, 1023.0, 1025.0, 1024.0, 1025.0, 1024.0, 1025.0, 1025.0, 1027.0, 1026.0, 1026.0, 1024.0, 1023.0, 1023.0, 1024.0, 1024.0, 1024.0, 1024.0, 1025.0, 1024.0, 1026.0, 1026.0, 1023.0, 1023.0, 1023.0, 1025.0, 1023.0, 1026.0, 1024.0, 1025.0, 1023.0, 1024.0, 1024.0, 1026.0, 1025.0, 1024.0, 1023.0, 1024.0, 1024.0, 1024.0, 1024.0, 1024.0, 1025.0, 1024.0, 1022.0, 1024.0, 1021.0, 1026.0, 1024.0, 1025.0, 1024.0, 1024.0, 1023.0, 1025.0, 1024.0, 1024.0, 1026.0, 1024.0, 1024.0, 1025.0, 1024.0, 1024.0, 1025.0, 1026.0, 1025.0, 1024.0, 1025.0, 1025.0, 1024.0, 1022.0, 1025.0, 1023.0, 1026.0, 1024.0, 1024.0, 1025.0, 1024.0, 1023.0, 1025.0, 1025.0, 1025.0, 1024.0, 1025.0, 1023.0, 1024.0, 1023.0, 1024.0, 1023.0, 1025.0, 1025.0, 1024.0, 1024.0, 1027.0, 1025.0, 1024.0, 1024.0]
Crossover offspring noisy fitness: [1025.0, 1023.0, 1024.0, 1023.0, 1025.0, 1027.0, 1025.0, 1024.0, 1025.0, 1024.0, 1024.0, 1025.0, 1025.0, 1023.0, 1024.0, 1023.0, 1025.0, 1023.0, 1024.0, 1024.0, 1024.0, 1024.0, 1026.0, 1024.0, 1025.0, 1023.0, 1023.0, 1025.0, 1026.0, 1022.0, 1024.0, 1026.0, 1025.0, 1023.0, 1025.0, 1026.0, 1025.0, 1025.0, 1024.0, 1024.0, 1024.0, 1025.0, 1023.0, 1024.0, 1024.0, 1028.0, 1024.0, 1026.0, 1023.0, 1025.0, 1024.0, 1025.0, 1026.0, 1024.0, 1024.0, 1023.0, 1026.0, 1025.0, 1024.0, 1025.0, 1023.0, 1022.0, 1025.0, 1024.0, 1025.0, 1024.0, 1023.0, 1025.0, 1024.0, 1025.0, 1024.0, 1025.0, 1025.0, 1027.0, 1026.0, 1026.0, 1024.0, 1023.0, 1023.0, 1024.0, 1024.0, 1024.0, 1024.0, 1025.0, 1024.0, 1026.0, 1026.0, 1023.0, 1023.0, 1023.0, 1025.0, 1023.0, 1026.0, 1023.0, 1025.0, 1023.0, 1024.0, 1024.0, 1026.0, 1025.0, 1024.0, 1023.0, 1024.0, 1024.0, 1024.0, 1024.0, 1024.0, 1024.0, 1024.0, 1022.0, 1024.0, 1021.0, 1026.0, 1024.0, 1025.0, 1024.0, 1024.0, 1024.0, 1025.0, 1024.0, 1024.0, 1026.0, 1024.0, 1024.0, 1025.0, 1024.0, 1024.0, 1025.0, 1026.0, 1025.0, 1024.0, 1025.0, 1025.0, 1024.0, 1022.0, 1025.0, 1023.0, 1026.0, 1025.0, 1024.0, 1025.0, 1024.0, 1023.0, 1025.0, 1025.0, 1025.0, 1024.0, 1025.0, 1023.0, 1024.0, 1023.0, 1024.0, 1024.0, 1025.0, 1024.0, 1024.0, 1024.0, 1027.0, 1025.0, 1024.0, 1024.0]

l: 159
Fitness of mutation winner: 1053.0
Crossover offspring real fitness: [1025.0, 1024.0, 1024.0, 1024.0, 1021.0, 1024.0, 1025.0, 1023.0, 1023.0, 1024.0, 1025.0, 1023.0, 1025.0, 1022.0, 1023.0, 1023.0, 1025.0, 1024.0, 1027.0, 1025.0, 1025.0, 1024.0, 1024.0, 1026.0, 1025.0, 1026.0, 1024.0, 1024.0, 1025.0, 1024.0, 1027.0, 1024.0, 1024.0, 1025.0, 1024.0, 1025.0, 1024.0, 1024.0, 1024.0, 1024.0, 1024.0, 1024.0, 1026.0, 1024.0, 1022.0, 1024.0, 1023.0, 1024.0, 1024.0, 1023.0, 1024.0, 1024.0, 1024.0, 1024.0, 1024.0, 1024.0, 1023.0, 1023.0, 1024.0, 1023.0, 1024.0, 1024.0, 1023.0, 1024.0, 1025.0, 1025.0, 1023.0, 1025.0, 1024.0, 1024.0, 1024.0, 1024.0, 1023.0, 1024.0, 1024.0, 1024.0, 1025.0, 1025.0, 1024.0, 1022.0, 1025.0, 1025.0, 1023.0, 1025.0, 1025.0, 1025.0, 1024.0, 1024.0, 1024.0, 1024.0, 1024.0, 1024.0, 1025.0, 1024.0, 1024.0, 1024.0, 1025.0, 1023.0, 1023.0, 1026.0, 1023.0, 1023.0, 1026.0, 1024.0, 1023.0, 1024.0, 1024.0, 1025.0, 1024.0, 1025.0, 1025.0, 1025.0, 1023.0, 1024.0, 1024.0, 1025.0, 1024.0, 1024.0, 1024.0, 1024.0, 1021.0, 1024.0, 1023.0, 1024.0, 1023.0, 1026.0, 1024.0, 1024.0, 1024.0, 1025.0, 1025.0, 1024.0, 1026.0, 1023.0, 1023.0, 1022.0, 1024.0, 1025.0, 1024.0, 1024.0, 1025.0, 1024.0, 1024.0, 1022.0, 1025.0, 1022.0, 1025.0, 1024.0, 1028.0, 1026.0, 1025.0, 1023.0, 1025.0, 1025.0, 1023.0, 1024.0, 1024.0, 1023.0, 1023.0, 1023.0, 1026.0]
Crossover offspring noisy fitness: [1025.0, 1024.0, 1023.0, 1023.0, 1021.0, 1024.0, 1025.0, 1022.0, 1023.0, 1024.0, 1025.0, 1022.0, 1025.0, 1022.0, 1023.0, 1023.0, 1025.0, 1024.0, 1027.0, 1025.0, 1025.0, 1024.0, 1024.0, 1026.0, 1025.0, 1026.0, 1024.0, 1024.0, 1025.0, 1024.0, 1027.0, 1024.0, 1024.0, 1025.0, 1024.0, 1025.0, 1023.0, 1024.0, 1024.0, 1025.0, 1024.0, 1024.0, 1026.0, 1024.0, 1022.0, 1024.0, 1023.0, 1024.0, 1024.0, 1023.0, 1024.0, 1024.0, 1024.0, 1024.0, 1024.0, 1024.0, 1023.0, 1023.0, 1024.0, 1023.0, 1024.0, 1025.0, 1023.0, 1024.0, 1025.0, 1025.0, 1023.0, 1025.0, 1024.0, 1024.0, 1024.0, 1024.0, 1023.0, 1024.0, 1024.0, 1024.0, 1025.0, 1025.0, 1024.0, 1022.0, 1025.0, 1025.0, 1023.0, 1025.0, 1025.0, 1025.0, 1024.0, 1024.0, 1024.0, 1024.0, 1024.0, 1024.0, 1025.0, 1024.0, 1024.0, 1024.0, 1025.0, 1023.0, 1023.0, 1026.0, 1023.0, 1023.0, 1026.0, 1024.0, 1023.0, 1024.0, 1024.0, 1026.0, 1024.0, 1025.0, 1025.0, 1025.0, 1023.0, 1024.0, 1024.0, 1025.0, 1024.0, 1024.0, 1024.0, 1024.0, 1021.0, 1024.0, 1022.0, 1024.0, 1023.0, 1026.0, 1024.0, 1023.0, 1024.0, 1025.0, 1025.0, 1024.0, 1026.0, 1023.0, 1023.0, 1022.0, 1024.0, 1025.0, 1024.0, 1024.0, 1025.0, 1024.0, 1024.0, 1022.0, 1025.0, 1022.0, 1025.0, 1024.0, 1028.0, 1026.0, 1025.0, 1023.0, 1025.0, 1025.0, 1023.0, 1024.0, 1024.0, 1023.0, 1023.0, 1023.0, 1026.0]

