l: 34
Fitness of mutation winner: 1034.0
Crossover offspring real fitness: [1024.0, 1024.0, 1023.0, 1024.0, 1025.0, 1023.0, 1025.0, 1023.0, 1025.0, 1024.0, 1025.0, 1025.0, 1024.0, 1023.0, 1024.0, 1023.0, 1024.0, 1024.0, 1025.0, 1024.0, 1025.0, 1024.0, 1022.0, 1026.0, 1025.0, 1025.0, 1024.0, 1024.0, 1024.0, 1025.0, 1024.0, 1025.0, 1024.0, 1025.0, 1025.0, 1024.0, 1025.0, 1026.0, 1024.0, 1023.0, 1023.0, 1025.0, 1024.0, 1026.0, 1024.0]
Crossover offspring noisy fitness: [1024.0, 1024.0, 1023.0, 1024.0, 1025.0, 1023.0, 1025.0, 1023.0, 1025.0, 1024.0, 1025.0, 1026.0, 1024.0, 1023.0, 1024.0, 1023.0, 1024.0, 1024.0, 1025.0, 1024.0, 1025.0, 1025.0, 1022.0, 1026.0, 1025.0, 1025.0, 1024.0, 1024.0, 1024.0, 1025.0, 1024.0, 1025.0, 1024.0, 1025.0, 1025.0, 1024.0, 1025.0, 1026.0, 1024.0, 1023.0, 1023.0, 1025.0, 1024.0, 1026.0, 1024.0]

l: 42
Fitness of mutation winner: 1038.0
Crossover offspring real fitness: [1025.0, 1024.0, 1026.0, 1025.0, 1024.0, 1024.0, 1025.0, 1023.0, 1025.0, 1024.0, 1025.0, 1025.0, 1022.0, 1024.0, 1024.0, 1024.0, 1026.0, 1024.0, 1025.0, 1025.0, 1025.0, 1024.0, 1023.0, 1024.0, 1026.0, 1025.0, 1022.0, 1024.0, 1024.0, 1024.0, 1026.0, 1024.0, 1022.0, 1023.0, 1028.0, 1025.0, 1023.0, 1023.0, 1025.0, 1024.0, 1024.0, 1025.0, 1024.0, 1024.0, 1024.0]
Crossover offspring noisy fitness: [1025.0, 1024.0, 1026.0, 1025.0, 1024.0, 1024.0, 1025.0, 1023.0, 1025.0, 1024.0, 1025.0, 1025.0, 1022.0, 1024.0, 1024.0, 1024.0, 1025.0, 1025.0, 1026.0, 1025.0, 1025.0, 1024.0, 1023.0, 1024.0, 1026.0, 1024.0, 1022.0, 1024.0, 1024.0, 1024.0, 1026.0, 1024.0, 1022.0, 1023.0, 1028.0, 1025.0, 1023.0, 1023.0, 1025.0, 1024.0, 1023.0, 1025.0, 1024.0, 1025.0, 1024.0]

l: 43
Fitness of mutation winner: 1035.0
Crossover offspring real fitness: [1022.0, 1024.0, 1024.0, 1024.0, 1024.0, 1025.0, 1024.0, 1024.0, 1024.0, 1023.0, 1024.0, 1025.0, 1023.0, 1023.0, 1024.0, 1021.0, 1025.0, 1025.0, 1025.0, 1025.0, 1024.0, 1024.0, 1023.0, 1026.0, 1024.0, 1023.0, 1024.0, 1025.0, 1026.0, 1024.0, 1023.0, 1023.0, 1026.0, 1025.0, 1024.0, 1024.0, 1025.0, 1024.0, 1025.0, 1023.0, 1024.0, 1024.0, 1025.0, 1024.0, 1025.0]
Crossover offspring noisy fitness: [1022.0, 1024.0, 1024.0, 1024.0, 1024.0, 1025.0, 1025.0, 1024.0, 1024.0, 1023.0, 1024.0, 1025.0, 1023.0, 1023.0, 1024.0, 1021.0, 1025.0, 1025.0, 1025.0, 1025.0, 1024.0, 1024.0, 1023.0, 1026.0, 1025.0, 1023.0, 1024.0, 1025.0, 1026.0, 1024.0, 1023.0, 1023.0, 1026.0, 1025.0, 1024.0, 1024.0, 1025.0, 1024.0, 1025.0, 1023.0, 1024.0, 1024.0, 1025.0, 1025.0, 1025.0]

l: 35
Fitness of mutation winner: 1035.0
Crossover offspring real fitness: [1025.0, 1024.0, 1025.0, 1024.0, 1024.0, 1024.0, 1024.0, 1022.0, 1024.0, 1024.0, 1024.0, 1024.0, 1024.0, 1024.0, 1024.0, 1025.0, 1023.0, 1025.0, 1026.0, 1024.0, 1023.0, 1024.0, 1024.0, 1024.0, 1024.0, 1024.0, 1025.0, 1025.0, 1024.0, 1024.0, 1025.0, 1025.0, 1025.0, 1025.0, 1024.0, 1024.0, 1025.0, 1024.0, 1024.0, 1023.0, 1024.0, 1023.0, 1025.0, 1025.0, 1024.0]
Crossover offspring noisy fitness: [1025.0, 1024.0, 1025.0, 1024.0, 1024.0, 1024.0, 1024.0, 1022.0, 1024.0, 1024.0, 1023.0, 1024.0, 1024.0, 1024.0, 1024.0, 1025.0, 1023.0, 1025.0, 1026.0, 1024.0, 1023.0, 1024.0, 1024.0, 1024.0, 1024.0, 1024.0, 1024.0, 1025.0, 1024.0, 1024.0, 1025.0, 1025.0, 1025.0, 1025.0, 1024.0, 1025.0, 1025.0, 1024.0, 1024.0, 1023.0, 1024.0, 1023.0, 1024.0, 1025.0, 1024.0]

