l: 180
Fitness of mutation winner: 1052.0
Crossover offspring real fitness: [1022.0, 1025.0, 1023.0, 1025.0, 1025.0, 1022.0, 1024.0, 1024.0, 1024.0, 1023.0, 1024.0, 1024.0, 1026.0, 1025.0, 1024.0, 1024.0, 1024.0, 1023.0, 1023.0, 1024.0, 1025.0, 1023.0, 1025.0, 1025.0, 1023.0, 1023.0, 1024.0, 1023.0, 1024.0, 1024.0, 1025.0, 1025.0, 1023.0, 1023.0, 1025.0, 1024.0, 1024.0, 1026.0, 1025.0, 1024.0, 1024.0, 1024.0, 1026.0, 1026.0, 1024.0, 1023.0, 1025.0, 1025.0, 1023.0, 1024.0, 1026.0, 1025.0, 1025.0, 1023.0, 1025.0, 1025.0, 1024.0, 1024.0, 1023.0, 1022.0, 1024.0, 1024.0, 1023.0, 1025.0, 1024.0, 1024.0, 1024.0, 1025.0, 1024.0, 1025.0, 1025.0, 1024.0, 1024.0, 1025.0, 1026.0, 1024.0, 1024.0, 1021.0, 1024.0, 1025.0, 1025.0, 1024.0, 1027.0, 1024.0, 1024.0, 1024.0, 1025.0, 1023.0, 1025.0, 1024.0, 1025.0, 1026.0, 1024.0, 1025.0, 1026.0, 1024.0, 1024.0, 1025.0, 1023.0, 1026.0, 1026.0, 1024.0, 1026.0, 1024.0, 1023.0, 1024.0, 1024.0, 1026.0, 1024.0, 1024.0, 1023.0, 1024.0, 1022.0, 1024.0, 1024.0, 1024.0, 1024.0, 1022.0, 1024.0, 1024.0, 1025.0, 1026.0, 1024.0, 1024.0, 1025.0, 1023.0, 1024.0, 1025.0, 1024.0, 1024.0, 1023.0, 1023.0, 1025.0, 1024.0, 1024.0, 1024.0, 1025.0, 1024.0, 1025.0, 1024.0, 1025.0, 1024.0, 1024.0, 1022.0, 1023.0, 1025.0, 1025.0, 1026.0, 1024.0, 1024.0, 1023.0, 1023.0, 1024.0, 1024.0, 1024.0, 1024.0, 1026.0, 1024.0, 1022.0, 1025.0, 1024.0]
Crossover offspring noisy fitness: [1022.0, 1025.0, 1023.0, 1025.0, 1025.0, 1022.0, 1024.0, 1023.0, 1024.0, 1023.0, 1024.0, 1024.0, 1026.0, 1025.0, 1024.0, 1024.0, 1024.0, 1023.0, 1023.0, 1024.0, 1025.0, 1023.0, 1025.0, 1025.0, 1023.0, 1023.0, 1024.0, 1023.0, 1024.0, 1024.0, 1025.0, 1025.0, 1023.0, 1023.0, 1026.0, 1024.0, 1024.0, 1026.0, 1025.0, 1024.0, 1024.0, 1024.0, 1026.0, 1026.0, 1024.0, 1023.0, 1026.0, 1025.0, 1023.0, 1024.0, 1026.0, 1025.0, 1025.0, 1023.0, 1025.0, 1025.0, 1024.0, 1024.0, 1023.0, 1022.0, 1024.0, 1024.0, 1023.0, 1025.0, 1024.0, 1024.0, 1024.0, 1025.0, 1024.0, 1026.0, 1025.0, 1024.0, 1024.0, 1025.0, 1026.0, 1024.0, 1024.0, 1021.0, 1024.0, 1025.0, 1025.0, 1024.0, 1027.0, 1024.0, 1024.0, 1024.0, 1025.0, 1023.0, 1025.0, 1024.0, 1025.0, 1026.0, 1024.0, 1025.0, 1025.0, 1024.0, 1024.0, 1025.0, 1023.0, 1026.0, 1026.0, 1024.0, 1026.0, 1024.0, 1023.0, 1024.0, 1024.0, 1026.0, 1024.0, 1024.0, 1023.0, 1024.0, 1022.0, 1024.0, 1024.0, 1024.0, 1024.0, 1022.0, 1024.0, 1024.0, 1025.0, 1027.0, 1024.0, 1023.0, 1025.0, 1023.0, 1024.0, 1025.0, 1024.0, 1024.0, 1023.0, 1023.0, 1025.0, 1024.0, 1024.0, 1023.0, 1025.0, 1024.0, 1025.0, 1024.0, 1025.0, 1024.0, 1024.0, 1022.0, 1023.0, 1025.0, 1025.0, 1026.0, 1024.0, 1024.0, 1023.0, 1023.0, 1024.0, 1024.0, 1024.0, 1024.0, 1026.0, 1024.0, 1022.0, 1025.0, 1024.0]

l: 162
Fitness of mutation winner: 1060.0
Crossover offspring real fitness: [1025.0, 1026.0, 1024.0, 1024.0, 1023.0, 1024.0, 1024.0, 1025.0, 1025.0, 1024.0, 1025.0, 1024.0, 1026.0, 1023.0, 1026.0, 1025.0, 1023.0, 1025.0, 1023.0, 1024.0, 1023.0, 1025.0, 1025.0, 1024.0, 1023.0, 1024.0, 1024.0, 1024.0, 1023.0, 1025.0, 1024.0, 1024.0, 1025.0, 1024.0, 1024.0, 1024.0, 1022.0, 1025.0, 1024.0, 1024.0, 1023.0, 1022.0, 1027.0, 1024.0, 1023.0, 1024.0, 1025.0, 1024.0, 1023.0, 1024.0, 1024.0, 1026.0, 1024.0, 1026.0, 1025.0, 1023.0, 1025.0, 1025.0, 1023.0, 1023.0, 1024.0, 1024.0, 1024.0, 1024.0, 1024.0, 1024.0, 1026.0, 1024.0, 1024.0, 1024.0, 1024.0, 1026.0, 1024.0, 1024.0, 1025.0, 1023.0, 1024.0, 1024.0, 1027.0, 1025.0, 1023.0, 1025.0, 1025.0, 1022.0, 1025.0, 1025.0, 1023.0, 1025.0, 1025.0, 1025.0, 1025.0, 1023.0, 1025.0, 1022.0, 1025.0, 1024.0, 1025.0, 1023.0, 1023.0, 1023.0, 1025.0, 1024.0, 1024.0, 1024.0, 1024.0, 1024.0, 1023.0, 1024.0, 1024.0, 1024.0, 1024.0, 1025.0, 1024.0, 1024.0, 1023.0, 1023.0, 1026.0, 1022.0, 1024.0, 1025.0, 1026.0, 1025.0, 1024.0, 1026.0, 1024.0, 1024.0, 1024.0, 1023.0, 1023.0, 1023.0, 1026.0, 1024.0, 1023.0, 1024.0, 1023.0, 1026.0, 1023.0, 1024.0, 1025.0, 1022.0, 1025.0, 1024.0, 1024.0, 1024.0, 1022.0, 1025.0, 1024.0, 1025.0, 1024.0, 1024.0, 1025.0, 1023.0, 1024.0, 1024.0, 1025.0, 1025.0, 1025.0, 1024.0, 1023.0, 1022.0, 1024.0]
Crossover offspring noisy fitness: [1025.0, 1026.0, 1024.0, 1024.0, 1023.0, 1024.0, 1024.0, 1025.0, 1025.0, 1024.0, 1025.0, 1024.0, 1025.0, 1023.0, 1025.0, 1025.0, 1023.0, 1025.0, 1023.0, 1024.0, 1023.0, 1025.0, 1025.0, 1024.0, 1023.0, 1024.0, 1024.0, 1024.0, 1023.0, 1025.0, 1024.0, 1024.0, 1025.0, 1024.0, 1024.0, 1024.0, 1022.0, 1025.0, 1024.0, 1024.0, 1023.0, 1022.0, 1027.0, 1023.0, 1023.0, 1025.0, 1025.0, 1024.0, 1023.0, 1024.0, 1024.0, 1026.0, 1023.0, 1026.0, 1025.0, 1023.0, 1025.0, 1025.0, 1023.0, 1023.0, 1025.0, 1024.0, 1024.0, 1023.0, 1024.0, 1024.0, 1026.0, 1024.0, 1024.0, 1024.0, 1025.0, 1026.0, 1024.0, 1024.0, 1025.0, 1023.0, 1024.0, 1024.0, 1027.0, 1025.0, 1023.0, 1025.0, 1025.0, 1022.0, 1025.0, 1025.0, 1023.0, 1025.0, 1025.0, 1025.0, 1025.0, 1023.0, 1025.0, 1023.0, 1025.0, 1024.0, 1025.0, 1023.0, 1023.0, 1023.0, 1025.0, 1024.0, 1024.0, 1024.0, 1024.0, 1024.0, 1023.0, 1024.0, 1025.0, 1024.0, 1024.0, 1025.0, 1024.0, 1024.0, 1024.0, 1023.0, 1026.0, 1022.0, 1024.0, 1025.0, 1026.0, 1025.0, 1024.0, 1026.0, 1024.0, 1024.0, 1024.0, 1023.0, 1022.0, 1023.0, 1026.0, 1024.0, 1023.0, 1024.0, 1023.0, 1026.0, 1023.0, 1024.0, 1025.0, 1022.0, 1025.0, 1024.0, 1024.0, 1024.0, 1022.0, 1025.0, 1024.0, 1025.0, 1024.0, 1024.0, 1025.0, 1023.0, 1024.0, 1024.0, 1025.0, 1025.0, 1025.0, 1024.0, 1023.0, 1022.0, 1024.0]

l: 163
Fitness of mutation winner: 1057.0
Crossover offspring real fitness: [1024.0, 1024.0, 1026.0, 1024.0, 1024.0, 1023.0, 1022.0, 1025.0, 1023.0, 1026.0, 1023.0, 1024.0, 1023.0, 1024.0, 1023.0, 1023.0, 1024.0, 1024.0, 1025.0, 1024.0, 1024.0, 1024.0, 1024.0, 1025.0, 1025.0, 1024.0, 1023.0, 1024.0, 1026.0, 1022.0, 1024.0, 1024.0, 1025.0, 1023.0, 1023.0, 1024.0, 1024.0, 1024.0, 1024.0, 1024.0, 1024.0, 1025.0, 1023.0, 1024.0, 1023.0, 1024.0, 1024.0, 1024.0, 1025.0, 1025.0, 1024.0, 1025.0, 1024.0, 1025.0, 1025.0, 1025.0, 1026.0, 1025.0, 1025.0, 1022.0, 1024.0, 1023.0, 1024.0, 1023.0, 1024.0, 1024.0, 1024.0, 1025.0, 1024.0, 1024.0, 1024.0, 1025.0, 1026.0, 1024.0, 1024.0, 1024.0, 1022.0, 1025.0, 1025.0, 1023.0, 1024.0, 1026.0, 1024.0, 1024.0, 1026.0, 1023.0, 1022.0, 1024.0, 1025.0, 1025.0, 1025.0, 1025.0, 1024.0, 1022.0, 1025.0, 1024.0, 1025.0, 1025.0, 1025.0, 1024.0, 1025.0, 1025.0, 1025.0, 1024.0, 1024.0, 1024.0, 1024.0, 1024.0, 1024.0, 1026.0, 1024.0, 1025.0, 1024.0, 1024.0, 1023.0, 1023.0, 1023.0, 1025.0, 1023.0, 1024.0, 1022.0, 1024.0, 1024.0, 1022.0, 1024.0, 1024.0, 1025.0, 1022.0, 1025.0, 1024.0, 1024.0, 1024.0, 1025.0, 1025.0, 1025.0, 1024.0, 1024.0, 1024.0, 1024.0, 1024.0, 1023.0, 1023.0, 1024.0, 1024.0, 1024.0, 1024.0, 1023.0, 1025.0, 1022.0, 1025.0, 1024.0, 1024.0, 1027.0, 1024.0, 1025.0, 1024.0, 1025.0, 1024.0, 1025.0, 1023.0, 1025.0]
Crossover offspring noisy fitness: [1024.0, 1024.0, 1026.0, 1024.0, 1024.0, 1023.0, 1022.0, 1025.0, 1023.0, 1026.0, 1023.0, 1024.0, 1023.0, 1024.0, 1023.0, 1022.0, 1024.0, 1024.0, 1025.0, 1024.0, 1024.0, 1024.0, 1024.0, 1025.0, 1025.0, 1024.0, 1023.0, 1024.0, 1026.0, 1022.0, 1024.0, 1024.0, 1025.0, 1023.0, 1023.0, 1024.0, 1024.0, 1024.0, 1024.0, 1024.0, 1024.0, 1025.0, 1023.0, 1024.0, 1023.0, 1024.0, 1024.0, 1024.0, 1025.0, 1025.0, 1024.0, 1025.0, 1024.0, 1025.0, 1025.0, 1025.0, 1026.0, 1025.0, 1025.0, 1022.0, 1024.0, 1023.0, 1024.0, 1023.0, 1024.0, 1024.0, 1024.0, 1025.0, 1024.0, 1024.0, 1024.0, 1025.0, 1026.0, 1024.0, 1024.0, 1024.0, 1022.0, 1024.0, 1025.0, 1023.0, 1024.0, 1026.0, 1024.0, 1024.0, 1026.0, 1023.0, 1022.0, 1024.0, 1025.0, 1026.0, 1025.0, 1025.0, 1024.0, 1022.0, 1025.0, 1024.0, 1025.0, 1025.0, 1025.0, 1024.0, 1024.0, 1025.0, 1025.0, 1024.0, 1024.0, 1024.0, 1024.0, 1024.0, 1024.0, 1025.0, 1024.0, 1025.0, 1024.0, 1024.0, 1023.0, 1023.0, 1023.0, 1025.0, 1023.0, 1024.0, 1022.0, 1024.0, 1024.0, 1022.0, 1023.0, 1024.0, 1025.0, 1022.0, 1025.0, 1024.0, 1024.0, 1024.0, 1025.0, 1025.0, 1025.0, 1024.0, 1024.0, 1024.0, 1024.0, 1024.0, 1024.0, 1023.0, 1024.0, 1024.0, 1024.0, 1024.0, 1023.0, 1025.0, 1022.0, 1025.0, 1024.0, 1024.0, 1027.0, 1024.0, 1025.0, 1024.0, 1025.0, 1024.0, 1025.0, 1023.0, 1025.0]

l: 153
Fitness of mutation winner: 1057.0
Crossover offspring real fitness: [1025.0, 1023.0, 1024.0, 1024.0, 1023.0, 1025.0, 1025.0, 1026.0, 1023.0, 1025.0, 1024.0, 1023.0, 1024.0, 1025.0, 1024.0, 1024.0, 1024.0, 1025.0, 1023.0, 1024.0, 1024.0, 1025.0, 1024.0, 1025.0, 1025.0, 1024.0, 1024.0, 1024.0, 1023.0, 1024.0, 1024.0, 1025.0, 1027.0, 1024.0, 1024.0, 1025.0, 1022.0, 1024.0, 1025.0, 1025.0, 1024.0, 1024.0, 1023.0, 1023.0, 1025.0, 1025.0, 1024.0, 1025.0, 1024.0, 1026.0, 1024.0, 1023.0, 1024.0, 1024.0, 1025.0, 1023.0, 1024.0, 1023.0, 1025.0, 1024.0, 1023.0, 1024.0, 1024.0, 1024.0, 1024.0, 1024.0, 1024.0, 1023.0, 1024.0, 1023.0, 1024.0, 1024.0, 1023.0, 1024.0, 1023.0, 1023.0, 1026.0, 1021.0, 1022.0, 1024.0, 1025.0, 1024.0, 1023.0, 1024.0, 1024.0, 1024.0, 1024.0, 1026.0, 1024.0, 1023.0, 1026.0, 1025.0, 1024.0, 1024.0, 1025.0, 1024.0, 1023.0, 1026.0, 1024.0, 1023.0, 1026.0, 1024.0, 1025.0, 1024.0, 1023.0, 1025.0, 1024.0, 1024.0, 1025.0, 1024.0, 1023.0, 1024.0, 1023.0, 1024.0, 1025.0, 1022.0, 1023.0, 1025.0, 1024.0, 1023.0, 1025.0, 1025.0, 1025.0, 1024.0, 1024.0, 1024.0, 1022.0, 1024.0, 1025.0, 1023.0, 1024.0, 1024.0, 1025.0, 1024.0, 1024.0, 1026.0, 1024.0, 1025.0, 1024.0, 1024.0, 1027.0, 1025.0, 1023.0, 1024.0, 1022.0, 1025.0, 1024.0, 1024.0, 1023.0, 1023.0, 1024.0, 1024.0, 1024.0, 1024.0, 1025.0, 1024.0, 1024.0, 1026.0, 1027.0, 1026.0, 1025.0]
Crossover offspring noisy fitness: [1025.0, 1023.0, 1024.0, 1024.0, 1023.0, 1025.0, 1025.0, 1026.0, 1023.0, 1025.0, 1024.0, 1023.0, 1024.0, 1025.0, 1024.0, 1024.0, 1024.0, 1025.0, 1023.0, 1024.0, 1024.0, 1025.0, 1025.0, 1025.0, 1025.0, 1024.0, 1024.0, 1024.0, 1023.0, 1024.0, 1024.0, 1025.0, 1027.0, 1023.0, 1024.0, 1025.0, 1022.0, 1024.0, 1025.0, 1025.0, 1024.0, 1024.0, 1023.0, 1023.0, 1025.0, 1025.0, 1024.0, 1025.0, 1024.0, 1026.0, 1024.0, 1023.0, 1024.0, 1024.0, 1025.0, 1023.0, 1024.0, 1023.0, 1025.0, 1024.0, 1023.0, 1024.0, 1024.0, 1024.0, 1024.0, 1025.0, 1024.0, 1023.0, 1024.0, 1023.0, 1024.0, 1024.0, 1023.0, 1024.0, 1023.0, 1023.0, 1026.0, 1021.0, 1023.0, 1024.0, 1025.0, 1023.0, 1023.0, 1024.0, 1024.0, 1024.0, 1024.0, 1026.0, 1024.0, 1023.0, 1026.0, 1026.0, 1024.0, 1024.0, 1024.0, 1024.0, 1023.0, 1026.0, 1024.0, 1023.0, 1026.0, 1024.0, 1025.0, 1024.0, 1023.0, 1025.0, 1024.0, 1024.0, 1026.0, 1024.0, 1023.0, 1024.0, 1023.0, 1024.0, 1025.0, 1022.0, 1023.0, 1025.0, 1024.0, 1023.0, 1025.0, 1025.0, 1026.0, 1024.0, 1024.0, 1024.0, 1022.0, 1024.0, 1025.0, 1023.0, 1024.0, 1024.0, 1025.0, 1024.0, 1024.0, 1026.0, 1024.0, 1025.0, 1024.0, 1024.0, 1027.0, 1025.0, 1023.0, 1024.0, 1022.0, 1025.0, 1024.0, 1025.0, 1023.0, 1023.0, 1024.0, 1024.0, 1024.0, 1024.0, 1025.0, 1024.0, 1024.0, 1026.0, 1027.0, 1026.0, 1025.0]

