l: 32
Real fitness of mutation winner: 1034.0
Noisy fitness of mutation winner: 1034.0
Crossover offspring real fitness: [1024.0, 1024.0, 1024.0, 1023.0, 1023.0, 1024.0, 1024.0, 1024.0, 1024.0, 1024.0, 1023.0, 1024.0, 1024.0, 1024.0, 1025.0, 1024.0, 1024.0, 1024.0, 1024.0, 1023.0, 1025.0, 1025.0, 1025.0, 1024.0, 1026.0, 1024.0, 1026.0, 1024.0, 1024.0, 1025.0, 1025.0, 1025.0, 1024.0, 1026.0, 1025.0, 1024.0, 1024.0, 1024.0, 1024.0, 1024.0, 1025.0, 1025.0, 1023.0, 1024.0, 1025.0]
Crossover offspring noisy fitness: [1024.0, 1024.0, 1024.0, 1023.0, 1023.0, 1024.0, 1024.0, 1024.0, 1024.0, 1024.0, 1023.0, 1024.0, 1024.0, 1024.0, 1025.0, 1024.0, 1024.0, 1024.0, 1024.0, 1023.0, 1024.0, 1025.0, 1025.0, 1024.0, 1026.0, 1024.0, 1026.0, 1024.0, 1024.0, 1025.0, 1025.0, 1025.0, 1024.0, 1026.0, 1025.0, 1024.0, 1024.0, 1024.0, 1024.0, 1024.0, 1025.0, 1025.0, 1023.0, 1024.0, 1025.0]
Is bad individual winner: 0

l: 49
Real fitness of mutation winner: 1041.0
Noisy fitness of mutation winner: 1041.0
Crossover offspring real fitness: [1025.0, 1023.0, 1025.0, 1022.0, 1026.0, 1023.0, 1025.0, 1024.0, 1023.0, 1024.0, 1025.0, 1024.0, 1021.0, 1025.0, 1025.0, 1025.0, 1025.0, 1024.0, 1023.0, 1024.0, 1025.0, 1025.0, 1024.0, 1024.0, 1024.0, 1025.0, 1026.0, 1025.0, 1024.0, 1024.0, 1024.0, 1027.0, 1024.0, 1024.0, 1025.0, 1025.0, 1025.0, 1023.0, 1024.0, 1023.0, 1024.0, 1024.0, 1025.0, 1026.0, 1025.0]
Crossover offspring noisy fitness: [1025.0, 1023.0, 1025.0, 1022.0, 1026.0, 1023.0, 1025.0, 1024.0, 1023.0, 1024.0, 1025.0, 1024.0, 1021.0, 1025.0, 1024.0, 1025.0, 1025.0, 1024.0, 1023.0, 1024.0, 1025.0, 1025.0, 1024.0, 1024.0, 1024.0, 1025.0, 1026.0, 1025.0, 1023.0, 1024.0, 1024.0, 1027.0, 1024.0, 1024.0, 1025.0, 1025.0, 1025.0, 1023.0, 1024.0, 1023.0, 1024.0, 1023.0, 1025.0, 1026.0, 1025.0]
Is bad individual winner: 0

l: 46
Real fitness of mutation winner: 1042.0
Noisy fitness of mutation winner: 1042.0
Crossover offspring real fitness: [1024.0, 1024.0, 1025.0, 1026.0, 1025.0, 1026.0, 1024.0, 1023.0, 1025.0, 1025.0, 1024.0, 1023.0, 1025.0, 1024.0, 1024.0, 1025.0, 1024.0, 1025.0, 1024.0, 1024.0, 1026.0, 1025.0, 1024.0, 1025.0, 1024.0, 1024.0, 1025.0, 1024.0, 1026.0, 1024.0, 1024.0, 1026.0, 1025.0, 1024.0, 1024.0, 1024.0, 1026.0, 1025.0, 1025.0, 1025.0, 1025.0, 1025.0, 1025.0, 1026.0, 1026.0]
Crossover offspring noisy fitness: [1024.0, 1024.0, 1025.0, 1026.0, 1025.0, 1026.0, 1024.0, 1023.0, 1025.0, 1025.0, 1024.0, 1023.0, 1025.0, 1024.0, 1025.0, 1025.0, 1024.0, 1025.0, 1024.0, 1024.0, 1026.0, 1025.0, 1024.0, 1025.0, 1024.0, 1023.0, 1025.0, 1024.0, 1026.0, 1024.0, 1024.0, 1026.0, 1025.0, 1024.0, 1024.0, 1024.0, 1026.0, 1025.0, 1025.0, 1025.0, 1025.0, 1025.0, 1025.0, 1026.0, 1026.0]
Is bad individual winner: 0

l: 48
Real fitness of mutation winner: 1046.0
Noisy fitness of mutation winner: 1046.0
Crossover offspring real fitness: [1025.0, 1025.0, 1023.0, 1024.0, 1025.0, 1025.0, 1024.0, 1025.0, 1027.0, 1024.0, 1025.0, 1025.0, 1026.0, 1023.0, 1023.0, 1024.0, 1024.0, 1024.0, 1024.0, 1026.0, 1024.0, 1024.0, 1025.0, 1023.0, 1024.0, 1025.0, 1025.0, 1026.0, 1024.0, 1025.0, 1024.0, 1024.0, 1024.0, 1023.0, 1025.0, 1025.0, 1026.0, 1026.0, 1024.0, 1023.0, 1025.0, 1026.0, 1024.0, 1025.0, 1025.0]
Crossover offspring noisy fitness: [1025.0, 1025.0, 1023.0, 1024.0, 1025.0, 1025.0, 1024.0, 1025.0, 1027.0, 1024.0, 1025.0, 1025.0, 1026.0, 1023.0, 1022.0, 1024.0, 1024.0, 1024.0, 1024.0, 1026.0, 1024.0, 1024.0, 1025.0, 1023.0, 1024.0, 1025.0, 1025.0, 1026.0, 1024.0, 1025.0, 1024.0, 1024.0, 1024.0, 1023.0, 1025.0, 1025.0, 1026.0, 1026.0, 1024.0, 1023.0, 1025.0, 1026.0, 1024.0, 1025.0, 1025.0]
Is bad individual winner: 0

