l: 45
Real fitness of mutation winner: 1037.0
Noisy fitness of mutation winner: 1037.0
Crossover offspring real fitness: [1024.0, 1024.0, 1025.0, 1024.0, 1024.0, 1025.0, 1024.0, 1026.0, 1023.0, 1024.0, 1023.0, 1025.0, 1025.0, 1024.0, 1024.0, 1024.0, 1025.0, 1024.0, 1024.0, 1024.0, 1023.0, 1025.0, 1025.0, 1023.0, 1026.0, 1024.0, 1024.0, 1026.0, 1024.0, 1024.0, 1023.0, 1026.0, 1024.0, 1024.0, 1024.0, 1024.0, 1024.0, 1025.0, 1024.0, 1024.0, 1023.0, 1024.0, 1023.0, 1024.0, 1026.0]
Crossover offspring noisy fitness: [1024.0, 1024.0, 1025.0, 1024.0, 1024.0, 1025.0, 1024.0, 1026.0, 1023.0, 1024.0, 1023.0, 1025.0, 1025.0, 1024.0, 1024.0, 1024.0, 1025.0, 1024.0, 1024.0, 1024.0, 1023.0, 1025.0, 1025.0, 1023.0, 1026.0, 1024.0, 1024.0, 1025.0, 1024.0, 1024.0, 1023.0, 1026.0, 1024.0, 1024.0, 1025.0, 1024.0, 1024.0, 1025.0, 1024.0, 1024.0, 1023.0, 1024.0, 1023.0, 1024.0, 1026.0]

l: 47
Real fitness of mutation winner: 1039.0
Noisy fitness of mutation winner: 1039.0
Crossover offspring real fitness: [1026.0, 1025.0, 1025.0, 1025.0, 1025.0, 1027.0, 1023.0, 1024.0, 1024.0, 1023.0, 1024.0, 1024.0, 1025.0, 1025.0, 1025.0, 1027.0, 1024.0, 1026.0, 1024.0, 1024.0, 1023.0, 1023.0, 1025.0, 1024.0, 1025.0, 1024.0, 1025.0, 1026.0, 1024.0, 1024.0, 1024.0, 1023.0, 1022.0, 1024.0, 1026.0, 1027.0, 1025.0, 1023.0, 1024.0, 1024.0, 1023.0, 1024.0, 1025.0, 1026.0, 1025.0]
Crossover offspring noisy fitness: [1026.0, 1025.0, 1025.0, 1025.0, 1025.0, 1027.0, 1023.0, 1024.0, 1024.0, 1023.0, 1024.0, 1024.0, 1025.0, 1025.0, 1025.0, 1027.0, 1024.0, 1026.0, 1024.0, 1024.0, 1023.0, 1023.0, 1025.0, 1024.0, 1025.0, 1024.0, 1025.0, 1026.0, 1024.0, 1024.0, 1024.0, 1023.0, 1022.0, 1024.0, 1026.0, 1027.0, 1025.0, 1023.0, 1024.0, 1024.0, 1022.0, 1024.0, 1025.0, 1026.0, 1025.0]

l: 49
Real fitness of mutation winner: 1035.0
Noisy fitness of mutation winner: 1035.0
Crossover offspring real fitness: [1024.0, 1024.0, 1023.0, 1025.0, 1023.0, 1024.0, 1025.0, 1026.0, 1022.0, 1026.0, 1024.0, 1024.0, 1026.0, 1024.0, 1024.0, 1024.0, 1022.0, 1023.0, 1025.0, 1023.0, 1024.0, 1023.0, 1024.0, 1024.0, 1024.0, 1024.0, 1023.0, 1027.0, 1024.0, 1025.0, 1026.0, 1025.0, 1024.0, 1024.0, 1024.0, 1024.0, 1026.0, 1024.0, 1024.0, 1024.0, 1023.0, 1024.0, 1026.0, 1026.0, 1026.0]
Crossover offspring noisy fitness: [1024.0, 1024.0, 1023.0, 1025.0, 1023.0, 1025.0, 1025.0, 1026.0, 1022.0, 1026.0, 1024.0, 1024.0, 1026.0, 1024.0, 1024.0, 1024.0, 1022.0, 1023.0, 1025.0, 1023.0, 1024.0, 1022.0, 1024.0, 1024.0, 1024.0, 1024.0, 1023.0, 1027.0, 1024.0, 1025.0, 1026.0, 1025.0, 1024.0, 1024.0, 1024.0, 1024.0, 1026.0, 1024.0, 1024.0, 1024.0, 1023.0, 1024.0, 1026.0, 1026.0, 1026.0]

l: 43
Real fitness of mutation winner: 1043.0
Noisy fitness of mutation winner: 1043.0
Crossover offspring real fitness: [1025.0, 1027.0, 1025.0, 1025.0, 1024.0, 1025.0, 1024.0, 1025.0, 1024.0, 1026.0, 1026.0, 1024.0, 1025.0, 1022.0, 1026.0, 1024.0, 1024.0, 1022.0, 1026.0, 1024.0, 1025.0, 1024.0, 1026.0, 1025.0, 1024.0, 1024.0, 1024.0, 1025.0, 1024.0, 1024.0, 1026.0, 1024.0, 1025.0, 1023.0, 1025.0, 1025.0, 1025.0, 1024.0, 1024.0, 1027.0, 1025.0, 1028.0, 1025.0, 1024.0, 1025.0]
Crossover offspring noisy fitness: [1025.0, 1027.0, 1025.0, 1025.0, 1024.0, 1025.0, 1024.0, 1025.0, 1024.0, 1026.0, 1026.0, 1024.0, 1025.0, 1022.0, 1026.0, 1024.0, 1024.0, 1022.0, 1026.0, 1024.0, 1025.0, 1024.0, 1026.0, 1025.0, 1025.0, 1024.0, 1024.0, 1024.0, 1024.0, 1024.0, 1026.0, 1024.0, 1025.0, 1023.0, 1025.0, 1025.0, 1025.0, 1024.0, 1024.0, 1028.0, 1025.0, 1028.0, 1025.0, 1024.0, 1025.0]

