l: 139
Real fitness of mutation winner: 1061.0
Noisy fitness of mutation winner: 1061.0
Crossover offspring real fitness: [1024.0, 1025.0, 1024.0, 1024.0, 1025.0, 1025.0, 1026.0, 1025.0, 1023.0, 1025.0, 1024.0, 1024.0, 1024.0, 1026.0, 1024.0, 1025.0, 1025.0, 1024.0, 1024.0, 1024.0, 1025.0, 1024.0, 1024.0, 1026.0, 1023.0, 1025.0, 1024.0, 1022.0, 1024.0, 1025.0, 1026.0, 1025.0, 1024.0, 1024.0, 1026.0, 1022.0, 1026.0, 1023.0, 1024.0, 1026.0, 1024.0, 1025.0, 1025.0, 1024.0, 1024.0, 1024.0, 1025.0, 1025.0, 1025.0, 1023.0, 1025.0, 1025.0, 1022.0, 1025.0, 1024.0, 1025.0, 1022.0, 1024.0, 1025.0, 1024.0, 1026.0, 1024.0, 1025.0, 1026.0, 1025.0, 1024.0, 1023.0, 1023.0, 1025.0, 1022.0, 1024.0, 1023.0, 1024.0, 1025.0, 1027.0, 1024.0, 1023.0, 1024.0, 1025.0, 1025.0, 1024.0, 1023.0, 1024.0, 1024.0, 1023.0, 1024.0, 1022.0, 1025.0, 1025.0, 1025.0, 1024.0, 1024.0, 1026.0, 1025.0, 1024.0, 1024.0, 1023.0, 1025.0, 1025.0, 1024.0, 1024.0, 1025.0, 1024.0, 1023.0, 1023.0, 1024.0, 1024.0, 1024.0, 1025.0, 1024.0, 1024.0, 1025.0, 1022.0, 1025.0, 1023.0, 1023.0, 1024.0, 1024.0, 1025.0, 1024.0, 1025.0, 1022.0, 1025.0, 1024.0, 1025.0, 1026.0, 1025.0, 1025.0, 1022.0, 1024.0, 1025.0, 1023.0, 1023.0, 1025.0, 1024.0, 1024.0, 1024.0, 1023.0, 1024.0, 1021.0, 1026.0, 1024.0, 1025.0, 1024.0, 1025.0, 1025.0, 1025.0, 1024.0, 1024.0, 1023.0, 1024.0, 1024.0, 1023.0, 1025.0, 1025.0, 1025.0, 1024.0, 1024.0, 1025.0, 1025.0, 1025.0]
Crossover offspring noisy fitness: [1024.0, 1025.0, 1024.0, 1024.0, 1025.0, 1025.0, 1026.0, 1025.0, 1023.0, 1025.0, 1024.0, 1024.0, 1024.0, 1026.0, 1024.0, 1025.0, 1025.0, 1024.0, 1024.0, 1024.0, 1025.0, 1024.0, 1024.0, 1026.0, 1023.0, 1025.0, 1024.0, 1022.0, 1025.0, 1025.0, 1026.0, 1025.0, 1024.0, 1024.0, 1026.0, 1022.0, 1026.0, 1023.0, 1024.0, 1025.0, 1024.0, 1025.0, 1025.0, 1024.0, 1024.0, 1024.0, 1024.0, 1025.0, 1025.0, 1024.0, 1025.0, 1025.0, 1022.0, 1025.0, 1024.0, 1025.0, 1022.0, 1024.0, 1023.0, 1024.0, 1026.0, 1024.0, 1025.0, 1026.0, 1025.0, 1024.0, 1023.0, 1023.0, 1025.0, 1022.0, 1024.0, 1023.0, 1024.0, 1025.0, 1027.0, 1024.0, 1024.0, 1024.0, 1025.0, 1025.0, 1024.0, 1023.0, 1024.0, 1024.0, 1023.0, 1024.0, 1022.0, 1025.0, 1026.0, 1025.0, 1024.0, 1024.0, 1026.0, 1025.0, 1024.0, 1023.0, 1024.0, 1025.0, 1025.0, 1024.0, 1024.0, 1025.0, 1024.0, 1023.0, 1023.0, 1024.0, 1024.0, 1024.0, 1025.0, 1024.0, 1024.0, 1025.0, 1022.0, 1025.0, 1023.0, 1023.0, 1024.0, 1024.0, 1025.0, 1024.0, 1025.0, 1022.0, 1025.0, 1024.0, 1025.0, 1026.0, 1025.0, 1026.0, 1022.0, 1024.0, 1025.0, 1023.0, 1023.0, 1025.0, 1024.0, 1024.0, 1024.0, 1023.0, 1024.0, 1021.0, 1026.0, 1024.0, 1025.0, 1024.0, 1025.0, 1025.0, 1025.0, 1024.0, 1024.0, 1023.0, 1024.0, 1024.0, 1023.0, 1025.0, 1025.0, 1025.0, 1024.0, 1024.0, 1025.0, 1025.0, 1025.0]
Is bad individual winner: 0

l: 148
Real fitness of mutation winner: 1048.0
Noisy fitness of mutation winner: 1048.0
Crossover offspring real fitness: [1024.0, 1024.0, 1024.0, 1024.0, 1024.0, 1023.0, 1024.0, 1025.0, 1023.0, 1023.0, 1024.0, 1024.0, 1024.0, 1024.0, 1024.0, 1025.0, 1023.0, 1023.0, 1023.0, 1023.0, 1025.0, 1024.0, 1025.0, 1024.0, 1023.0, 1024.0, 1023.0, 1023.0, 1024.0, 1022.0, 1023.0, 1025.0, 1024.0, 1025.0, 1026.0, 1024.0, 1023.0, 1025.0, 1024.0, 1026.0, 1025.0, 1024.0, 1023.0, 1027.0, 1024.0, 1024.0, 1024.0, 1023.0, 1026.0, 1025.0, 1023.0, 1026.0, 1024.0, 1022.0, 1024.0, 1024.0, 1023.0, 1024.0, 1025.0, 1026.0, 1025.0, 1024.0, 1025.0, 1024.0, 1024.0, 1023.0, 1025.0, 1023.0, 1025.0, 1021.0, 1024.0, 1024.0, 1026.0, 1026.0, 1024.0, 1025.0, 1024.0, 1026.0, 1023.0, 1024.0, 1023.0, 1023.0, 1025.0, 1024.0, 1024.0, 1024.0, 1024.0, 1024.0, 1024.0, 1024.0, 1025.0, 1024.0, 1024.0, 1025.0, 1024.0, 1025.0, 1024.0, 1025.0, 1023.0, 1024.0, 1026.0, 1025.0, 1023.0, 1024.0, 1024.0, 1024.0, 1024.0, 1025.0, 1024.0, 1025.0, 1024.0, 1024.0, 1024.0, 1025.0, 1023.0, 1024.0, 1024.0, 1023.0, 1024.0, 1023.0, 1024.0, 1023.0, 1023.0, 1025.0, 1024.0, 1026.0, 1024.0, 1026.0, 1024.0, 1025.0, 1025.0, 1025.0, 1024.0, 1025.0, 1023.0, 1024.0, 1024.0, 1024.0, 1026.0, 1024.0, 1023.0, 1024.0, 1025.0, 1024.0, 1023.0, 1025.0, 1023.0, 1024.0, 1026.0, 1025.0, 1024.0, 1024.0, 1025.0, 1024.0, 1025.0, 1025.0, 1025.0, 1024.0, 1023.0, 1025.0, 1024.0]
Crossover offspring noisy fitness: [1024.0, 1024.0, 1024.0, 1024.0, 1025.0, 1023.0, 1024.0, 1025.0, 1023.0, 1023.0, 1024.0, 1024.0, 1024.0, 1024.0, 1024.0, 1025.0, 1023.0, 1023.0, 1023.0, 1024.0, 1025.0, 1024.0, 1025.0, 1024.0, 1023.0, 1024.0, 1023.0, 1023.0, 1024.0, 1022.0, 1023.0, 1026.0, 1024.0, 1025.0, 1026.0, 1024.0, 1024.0, 1025.0, 1024.0, 1027.0, 1025.0, 1025.0, 1023.0, 1027.0, 1024.0, 1024.0, 1024.0, 1023.0, 1026.0, 1025.0, 1023.0, 1026.0, 1024.0, 1022.0, 1024.0, 1024.0, 1023.0, 1024.0, 1025.0, 1026.0, 1025.0, 1024.0, 1026.0, 1024.0, 1024.0, 1023.0, 1025.0, 1023.0, 1025.0, 1021.0, 1024.0, 1024.0, 1026.0, 1026.0, 1024.0, 1025.0, 1024.0, 1026.0, 1022.0, 1024.0, 1023.0, 1022.0, 1025.0, 1024.0, 1024.0, 1024.0, 1024.0, 1024.0, 1024.0, 1025.0, 1025.0, 1024.0, 1024.0, 1025.0, 1024.0, 1026.0, 1024.0, 1025.0, 1023.0, 1024.0, 1026.0, 1025.0, 1023.0, 1024.0, 1024.0, 1024.0, 1024.0, 1025.0, 1024.0, 1025.0, 1024.0, 1024.0, 1024.0, 1025.0, 1023.0, 1024.0, 1024.0, 1022.0, 1024.0, 1023.0, 1023.0, 1024.0, 1024.0, 1025.0, 1024.0, 1026.0, 1024.0, 1026.0, 1024.0, 1025.0, 1025.0, 1025.0, 1024.0, 1025.0, 1023.0, 1024.0, 1023.0, 1024.0, 1026.0, 1024.0, 1023.0, 1023.0, 1025.0, 1024.0, 1023.0, 1025.0, 1023.0, 1024.0, 1026.0, 1025.0, 1024.0, 1024.0, 1025.0, 1024.0, 1025.0, 1025.0, 1025.0, 1024.0, 1023.0, 1025.0, 1024.0]
Is bad individual winner: 0

l: 169
Real fitness of mutation winner: 1061.0
Noisy fitness of mutation winner: 1061.0
Crossover offspring real fitness: [1024.0, 1025.0, 1023.0, 1021.0, 1024.0, 1024.0, 1024.0, 1024.0, 1022.0, 1023.0, 1025.0, 1026.0, 1024.0, 1023.0, 1024.0, 1024.0, 1025.0, 1024.0, 1026.0, 1025.0, 1025.0, 1024.0, 1025.0, 1023.0, 1023.0, 1025.0, 1024.0, 1026.0, 1023.0, 1026.0, 1024.0, 1025.0, 1023.0, 1023.0, 1025.0, 1022.0, 1023.0, 1024.0, 1026.0, 1023.0, 1023.0, 1024.0, 1024.0, 1025.0, 1025.0, 1024.0, 1024.0, 1024.0, 1024.0, 1025.0, 1023.0, 1024.0, 1024.0, 1026.0, 1025.0, 1025.0, 1024.0, 1024.0, 1024.0, 1024.0, 1025.0, 1025.0, 1022.0, 1024.0, 1025.0, 1023.0, 1023.0, 1026.0, 1024.0, 1023.0, 1024.0, 1025.0, 1024.0, 1023.0, 1024.0, 1024.0, 1023.0, 1024.0, 1025.0, 1024.0, 1024.0, 1024.0, 1024.0, 1025.0, 1023.0, 1024.0, 1024.0, 1023.0, 1025.0, 1025.0, 1025.0, 1024.0, 1024.0, 1024.0, 1023.0, 1025.0, 1023.0, 1024.0, 1025.0, 1021.0, 1025.0, 1024.0, 1025.0, 1024.0, 1024.0, 1023.0, 1025.0, 1026.0, 1024.0, 1025.0, 1024.0, 1024.0, 1025.0, 1024.0, 1025.0, 1024.0, 1025.0, 1025.0, 1025.0, 1025.0, 1025.0, 1023.0, 1025.0, 1024.0, 1025.0, 1023.0, 1026.0, 1025.0, 1024.0, 1024.0, 1024.0, 1024.0, 1025.0, 1024.0, 1023.0, 1024.0, 1025.0, 1026.0, 1024.0, 1024.0, 1025.0, 1023.0, 1024.0, 1025.0, 1023.0, 1024.0, 1022.0, 1023.0, 1025.0, 1024.0, 1023.0, 1024.0, 1025.0, 1024.0, 1023.0, 1024.0, 1025.0, 1024.0, 1024.0, 1024.0, 1024.0]
Crossover offspring noisy fitness: [1024.0, 1025.0, 1023.0, 1021.0, 1024.0, 1024.0, 1024.0, 1024.0, 1022.0, 1023.0, 1025.0, 1026.0, 1024.0, 1023.0, 1024.0, 1024.0, 1025.0, 1024.0, 1027.0, 1025.0, 1025.0, 1024.0, 1025.0, 1023.0, 1023.0, 1025.0, 1024.0, 1026.0, 1023.0, 1026.0, 1024.0, 1025.0, 1023.0, 1023.0, 1025.0, 1022.0, 1023.0, 1024.0, 1026.0, 1023.0, 1023.0, 1024.0, 1024.0, 1025.0, 1024.0, 1024.0, 1024.0, 1025.0, 1024.0, 1025.0, 1023.0, 1024.0, 1024.0, 1026.0, 1025.0, 1025.0, 1024.0, 1024.0, 1024.0, 1024.0, 1024.0, 1025.0, 1022.0, 1024.0, 1025.0, 1023.0, 1023.0, 1026.0, 1024.0, 1023.0, 1024.0, 1025.0, 1024.0, 1023.0, 1024.0, 1024.0, 1023.0, 1024.0, 1025.0, 1024.0, 1024.0, 1024.0, 1024.0, 1025.0, 1023.0, 1024.0, 1024.0, 1023.0, 1025.0, 1025.0, 1025.0, 1025.0, 1024.0, 1024.0, 1023.0, 1025.0, 1023.0, 1024.0, 1025.0, 1021.0, 1025.0, 1024.0, 1025.0, 1024.0, 1024.0, 1023.0, 1025.0, 1026.0, 1025.0, 1025.0, 1024.0, 1025.0, 1025.0, 1024.0, 1025.0, 1024.0, 1025.0, 1025.0, 1024.0, 1025.0, 1025.0, 1023.0, 1025.0, 1024.0, 1024.0, 1023.0, 1026.0, 1025.0, 1024.0, 1024.0, 1024.0, 1024.0, 1025.0, 1024.0, 1023.0, 1024.0, 1025.0, 1026.0, 1024.0, 1024.0, 1025.0, 1023.0, 1024.0, 1025.0, 1023.0, 1024.0, 1022.0, 1023.0, 1025.0, 1024.0, 1023.0, 1024.0, 1025.0, 1024.0, 1023.0, 1024.0, 1025.0, 1024.0, 1024.0, 1024.0, 1024.0]
Is bad individual winner: 0

l: 158
Real fitness of mutation winner: 1058.0
Noisy fitness of mutation winner: 1058.0
Crossover offspring real fitness: [1025.0, 1024.0, 1024.0, 1025.0, 1024.0, 1024.0, 1025.0, 1024.0, 1027.0, 1025.0, 1024.0, 1024.0, 1024.0, 1025.0, 1025.0, 1024.0, 1025.0, 1024.0, 1025.0, 1025.0, 1024.0, 1024.0, 1024.0, 1024.0, 1025.0, 1025.0, 1024.0, 1024.0, 1024.0, 1024.0, 1026.0, 1023.0, 1024.0, 1024.0, 1027.0, 1026.0, 1024.0, 1025.0, 1025.0, 1024.0, 1025.0, 1025.0, 1024.0, 1023.0, 1026.0, 1025.0, 1024.0, 1025.0, 1023.0, 1023.0, 1025.0, 1024.0, 1025.0, 1024.0, 1024.0, 1024.0, 1025.0, 1023.0, 1023.0, 1024.0, 1023.0, 1024.0, 1024.0, 1024.0, 1024.0, 1023.0, 1023.0, 1023.0, 1024.0, 1023.0, 1023.0, 1023.0, 1024.0, 1024.0, 1026.0, 1025.0, 1025.0, 1024.0, 1023.0, 1024.0, 1027.0, 1023.0, 1024.0, 1024.0, 1025.0, 1025.0, 1024.0, 1024.0, 1023.0, 1024.0, 1025.0, 1024.0, 1024.0, 1023.0, 1024.0, 1023.0, 1024.0, 1024.0, 1025.0, 1026.0, 1024.0, 1023.0, 1023.0, 1026.0, 1023.0, 1024.0, 1025.0, 1024.0, 1025.0, 1023.0, 1023.0, 1025.0, 1026.0, 1024.0, 1024.0, 1024.0, 1022.0, 1024.0, 1023.0, 1023.0, 1022.0, 1026.0, 1022.0, 1024.0, 1024.0, 1025.0, 1025.0, 1023.0, 1022.0, 1025.0, 1024.0, 1024.0, 1024.0, 1024.0, 1024.0, 1023.0, 1026.0, 1025.0, 1025.0, 1023.0, 1024.0, 1026.0, 1025.0, 1025.0, 1024.0, 1024.0, 1025.0, 1024.0, 1025.0, 1023.0, 1024.0, 1024.0, 1023.0, 1023.0, 1024.0, 1024.0, 1025.0, 1025.0, 1025.0, 1025.0, 1025.0]
Crossover offspring noisy fitness: [1025.0, 1024.0, 1024.0, 1024.0, 1024.0, 1024.0, 1025.0, 1024.0, 1027.0, 1025.0, 1024.0, 1024.0, 1024.0, 1025.0, 1025.0, 1024.0, 1025.0, 1024.0, 1025.0, 1025.0, 1024.0, 1024.0, 1024.0, 1024.0, 1025.0, 1025.0, 1024.0, 1024.0, 1024.0, 1024.0, 1026.0, 1023.0, 1024.0, 1024.0, 1027.0, 1026.0, 1024.0, 1025.0, 1025.0, 1024.0, 1025.0, 1025.0, 1024.0, 1023.0, 1026.0, 1025.0, 1024.0, 1025.0, 1023.0, 1023.0, 1025.0, 1024.0, 1025.0, 1024.0, 1024.0, 1024.0, 1025.0, 1023.0, 1023.0, 1024.0, 1023.0, 1024.0, 1024.0, 1024.0, 1024.0, 1023.0, 1023.0, 1023.0, 1024.0, 1023.0, 1023.0, 1023.0, 1024.0, 1024.0, 1026.0, 1025.0, 1025.0, 1024.0, 1023.0, 1024.0, 1027.0, 1023.0, 1025.0, 1024.0, 1025.0, 1026.0, 1024.0, 1024.0, 1023.0, 1024.0, 1025.0, 1024.0, 1023.0, 1023.0, 1025.0, 1023.0, 1024.0, 1024.0, 1025.0, 1026.0, 1024.0, 1023.0, 1023.0, 1026.0, 1023.0, 1024.0, 1025.0, 1024.0, 1025.0, 1023.0, 1023.0, 1025.0, 1026.0, 1024.0, 1024.0, 1024.0, 1022.0, 1024.0, 1023.0, 1023.0, 1022.0, 1026.0, 1022.0, 1024.0, 1024.0, 1025.0, 1025.0, 1023.0, 1022.0, 1025.0, 1024.0, 1024.0, 1024.0, 1024.0, 1024.0, 1023.0, 1026.0, 1025.0, 1025.0, 1023.0, 1024.0, 1026.0, 1025.0, 1025.0, 1024.0, 1024.0, 1024.0, 1024.0, 1025.0, 1023.0, 1024.0, 1024.0, 1023.0, 1023.0, 1024.0, 1024.0, 1025.0, 1025.0, 1025.0, 1025.0, 1025.0]
Is bad individual winner: 0

