l: 179
Real fitness of mutation winner: 1051.0
Noisy fitness of mutation winner: 1051.0
Crossover offspring real fitness: [1024.0, 1027.0, 1024.0, 1024.0, 1026.0, 1025.0, 1023.0, 1025.0, 1024.0, 1025.0, 1023.0, 1025.0, 1023.0, 1025.0, 1025.0, 1026.0, 1024.0, 1024.0, 1026.0, 1024.0, 1025.0, 1024.0, 1024.0, 1025.0, 1024.0, 1026.0, 1023.0, 1021.0, 1026.0, 1024.0, 1025.0, 1022.0, 1025.0, 1025.0, 1024.0, 1024.0, 1024.0, 1025.0, 1024.0, 1024.0, 1023.0, 1023.0, 1024.0, 1024.0, 1025.0, 1024.0, 1023.0, 1024.0, 1021.0, 1024.0, 1025.0, 1024.0, 1024.0, 1024.0, 1024.0, 1025.0, 1024.0, 1026.0, 1026.0, 1023.0, 1023.0, 1023.0, 1024.0, 1024.0, 1024.0, 1024.0, 1022.0, 1024.0, 1025.0, 1022.0, 1027.0, 1023.0, 1024.0, 1025.0, 1024.0, 1025.0, 1024.0, 1024.0, 1024.0, 1024.0, 1023.0, 1022.0, 1025.0, 1024.0, 1023.0, 1024.0, 1026.0, 1024.0, 1023.0, 1024.0, 1023.0, 1024.0, 1025.0, 1022.0, 1023.0, 1024.0, 1024.0, 1022.0, 1024.0, 1023.0, 1024.0, 1024.0, 1024.0, 1022.0, 1023.0, 1024.0, 1024.0, 1025.0, 1026.0, 1023.0, 1025.0, 1024.0, 1024.0, 1025.0, 1024.0, 1024.0, 1025.0, 1025.0, 1023.0, 1024.0, 1023.0, 1025.0, 1024.0, 1024.0, 1022.0, 1024.0, 1024.0, 1025.0, 1025.0, 1023.0, 1024.0, 1024.0, 1023.0, 1023.0, 1025.0, 1020.0, 1023.0, 1024.0, 1025.0, 1025.0, 1024.0, 1024.0, 1026.0, 1024.0, 1024.0, 1025.0, 1023.0, 1024.0, 1024.0, 1024.0, 1024.0, 1026.0, 1025.0, 1024.0, 1023.0, 1024.0, 1026.0, 1024.0, 1024.0, 1024.0, 1023.0]
Crossover offspring noisy fitness: [1024.0, 1027.0, 1024.0, 1024.0, 1026.0, 1025.0, 1023.0, 1025.0, 1024.0, 1025.0, 1023.0, 1025.0, 1023.0, 1025.0, 1024.0, 1026.0, 1025.0, 1024.0, 1026.0, 1024.0, 1025.0, 1024.0, 1024.0, 1025.0, 1024.0, 1026.0, 1023.0, 1021.0, 1026.0, 1024.0, 1025.0, 1022.0, 1025.0, 1023.0, 1024.0, 1024.0, 1024.0, 1025.0, 1024.0, 1024.0, 1023.0, 1023.0, 1024.0, 1024.0, 1025.0, 1024.0, 1023.0, 1024.0, 1021.0, 1024.0, 1025.0, 1024.0, 1024.0, 1024.0, 1024.0, 1025.0, 1024.0, 1026.0, 1026.0, 1023.0, 1023.0, 1023.0, 1024.0, 1024.0, 1024.0, 1024.0, 1022.0, 1024.0, 1025.0, 1022.0, 1027.0, 1023.0, 1024.0, 1025.0, 1024.0, 1025.0, 1024.0, 1024.0, 1024.0, 1024.0, 1023.0, 1022.0, 1025.0, 1024.0, 1023.0, 1024.0, 1026.0, 1024.0, 1023.0, 1024.0, 1023.0, 1024.0, 1025.0, 1022.0, 1023.0, 1024.0, 1024.0, 1022.0, 1024.0, 1023.0, 1024.0, 1024.0, 1024.0, 1022.0, 1023.0, 1024.0, 1024.0, 1025.0, 1026.0, 1023.0, 1025.0, 1024.0, 1024.0, 1025.0, 1024.0, 1024.0, 1025.0, 1025.0, 1022.0, 1024.0, 1023.0, 1025.0, 1025.0, 1024.0, 1022.0, 1024.0, 1024.0, 1025.0, 1025.0, 1023.0, 1024.0, 1023.0, 1023.0, 1023.0, 1025.0, 1020.0, 1023.0, 1024.0, 1025.0, 1025.0, 1024.0, 1024.0, 1026.0, 1024.0, 1024.0, 1025.0, 1023.0, 1024.0, 1024.0, 1024.0, 1025.0, 1026.0, 1025.0, 1024.0, 1023.0, 1024.0, 1026.0, 1024.0, 1024.0, 1024.0, 1023.0]
Is bad individual winner: 0

l: 157
Real fitness of mutation winner: 1055.0
Noisy fitness of mutation winner: 1055.0
Crossover offspring real fitness: [1025.0, 1025.0, 1024.0, 1023.0, 1024.0, 1025.0, 1024.0, 1022.0, 1026.0, 1025.0, 1022.0, 1024.0, 1024.0, 1024.0, 1023.0, 1023.0, 1025.0, 1024.0, 1023.0, 1024.0, 1025.0, 1024.0, 1026.0, 1023.0, 1025.0, 1023.0, 1024.0, 1024.0, 1024.0, 1025.0, 1022.0, 1025.0, 1023.0, 1025.0, 1026.0, 1022.0, 1023.0, 1025.0, 1024.0, 1024.0, 1024.0, 1024.0, 1024.0, 1023.0, 1024.0, 1024.0, 1024.0, 1023.0, 1024.0, 1025.0, 1024.0, 1024.0, 1024.0, 1025.0, 1024.0, 1024.0, 1024.0, 1025.0, 1024.0, 1025.0, 1024.0, 1024.0, 1026.0, 1024.0, 1026.0, 1024.0, 1025.0, 1024.0, 1023.0, 1024.0, 1026.0, 1024.0, 1024.0, 1023.0, 1026.0, 1024.0, 1024.0, 1023.0, 1024.0, 1024.0, 1026.0, 1024.0, 1024.0, 1024.0, 1025.0, 1024.0, 1026.0, 1024.0, 1023.0, 1024.0, 1024.0, 1025.0, 1024.0, 1026.0, 1024.0, 1024.0, 1025.0, 1026.0, 1025.0, 1025.0, 1024.0, 1024.0, 1024.0, 1025.0, 1025.0, 1023.0, 1023.0, 1023.0, 1025.0, 1025.0, 1024.0, 1025.0, 1023.0, 1024.0, 1024.0, 1024.0, 1023.0, 1024.0, 1025.0, 1024.0, 1024.0, 1025.0, 1024.0, 1025.0, 1024.0, 1024.0, 1024.0, 1023.0, 1024.0, 1024.0, 1024.0, 1023.0, 1024.0, 1023.0, 1024.0, 1023.0, 1023.0, 1024.0, 1023.0, 1024.0, 1024.0, 1022.0, 1024.0, 1022.0, 1024.0, 1024.0, 1025.0, 1024.0, 1025.0, 1024.0, 1026.0, 1024.0, 1024.0, 1024.0, 1026.0, 1023.0, 1023.0, 1025.0, 1025.0, 1023.0, 1026.0]
Crossover offspring noisy fitness: [1025.0, 1024.0, 1024.0, 1023.0, 1024.0, 1025.0, 1024.0, 1022.0, 1026.0, 1024.0, 1022.0, 1024.0, 1024.0, 1024.0, 1023.0, 1023.0, 1025.0, 1024.0, 1023.0, 1024.0, 1025.0, 1024.0, 1026.0, 1023.0, 1025.0, 1024.0, 1024.0, 1024.0, 1024.0, 1025.0, 1022.0, 1025.0, 1023.0, 1024.0, 1026.0, 1022.0, 1023.0, 1024.0, 1024.0, 1024.0, 1024.0, 1024.0, 1024.0, 1023.0, 1024.0, 1024.0, 1024.0, 1023.0, 1024.0, 1025.0, 1024.0, 1024.0, 1024.0, 1025.0, 1024.0, 1023.0, 1024.0, 1025.0, 1024.0, 1025.0, 1024.0, 1024.0, 1026.0, 1024.0, 1026.0, 1024.0, 1025.0, 1024.0, 1023.0, 1024.0, 1026.0, 1024.0, 1024.0, 1023.0, 1026.0, 1024.0, 1024.0, 1023.0, 1024.0, 1024.0, 1026.0, 1024.0, 1024.0, 1024.0, 1026.0, 1024.0, 1026.0, 1024.0, 1022.0, 1024.0, 1024.0, 1025.0, 1024.0, 1026.0, 1024.0, 1024.0, 1025.0, 1026.0, 1025.0, 1025.0, 1024.0, 1024.0, 1024.0, 1025.0, 1026.0, 1023.0, 1023.0, 1023.0, 1025.0, 1025.0, 1024.0, 1025.0, 1023.0, 1024.0, 1023.0, 1024.0, 1023.0, 1024.0, 1025.0, 1024.0, 1024.0, 1025.0, 1024.0, 1025.0, 1024.0, 1024.0, 1024.0, 1023.0, 1024.0, 1025.0, 1024.0, 1023.0, 1024.0, 1023.0, 1024.0, 1023.0, 1023.0, 1024.0, 1023.0, 1024.0, 1024.0, 1022.0, 1024.0, 1022.0, 1024.0, 1024.0, 1025.0, 1024.0, 1025.0, 1024.0, 1026.0, 1024.0, 1024.0, 1024.0, 1026.0, 1023.0, 1023.0, 1025.0, 1025.0, 1023.0, 1026.0]
Is bad individual winner: 0

l: 164
Real fitness of mutation winner: 1058.0
Noisy fitness of mutation winner: 1058.0
Crossover offspring real fitness: [1024.0, 1025.0, 1024.0, 1025.0, 1024.0, 1024.0, 1024.0, 1026.0, 1026.0, 1024.0, 1025.0, 1025.0, 1024.0, 1024.0, 1023.0, 1024.0, 1025.0, 1025.0, 1024.0, 1024.0, 1024.0, 1024.0, 1023.0, 1025.0, 1024.0, 1024.0, 1023.0, 1025.0, 1026.0, 1024.0, 1027.0, 1024.0, 1024.0, 1024.0, 1024.0, 1024.0, 1024.0, 1025.0, 1024.0, 1023.0, 1024.0, 1026.0, 1025.0, 1025.0, 1023.0, 1023.0, 1025.0, 1024.0, 1026.0, 1024.0, 1024.0, 1024.0, 1024.0, 1021.0, 1024.0, 1025.0, 1024.0, 1024.0, 1024.0, 1024.0, 1022.0, 1024.0, 1024.0, 1025.0, 1025.0, 1023.0, 1025.0, 1024.0, 1023.0, 1023.0, 1025.0, 1024.0, 1024.0, 1025.0, 1024.0, 1022.0, 1024.0, 1027.0, 1025.0, 1026.0, 1025.0, 1024.0, 1022.0, 1023.0, 1024.0, 1025.0, 1022.0, 1023.0, 1024.0, 1023.0, 1023.0, 1023.0, 1024.0, 1024.0, 1026.0, 1026.0, 1025.0, 1022.0, 1023.0, 1025.0, 1024.0, 1024.0, 1024.0, 1024.0, 1025.0, 1024.0, 1024.0, 1023.0, 1025.0, 1022.0, 1024.0, 1023.0, 1024.0, 1024.0, 1026.0, 1026.0, 1025.0, 1024.0, 1021.0, 1022.0, 1022.0, 1024.0, 1024.0, 1023.0, 1024.0, 1024.0, 1026.0, 1023.0, 1024.0, 1023.0, 1026.0, 1024.0, 1023.0, 1025.0, 1025.0, 1024.0, 1024.0, 1024.0, 1024.0, 1023.0, 1025.0, 1025.0, 1023.0, 1022.0, 1024.0, 1025.0, 1024.0, 1025.0, 1025.0, 1023.0, 1025.0, 1024.0, 1023.0, 1024.0, 1025.0, 1023.0, 1024.0, 1024.0, 1024.0, 1024.0, 1024.0]
Crossover offspring noisy fitness: [1024.0, 1025.0, 1024.0, 1025.0, 1024.0, 1024.0, 1024.0, 1026.0, 1026.0, 1023.0, 1025.0, 1025.0, 1024.0, 1024.0, 1023.0, 1024.0, 1025.0, 1024.0, 1024.0, 1023.0, 1024.0, 1024.0, 1023.0, 1025.0, 1024.0, 1024.0, 1023.0, 1025.0, 1026.0, 1024.0, 1027.0, 1024.0, 1024.0, 1024.0, 1024.0, 1024.0, 1024.0, 1025.0, 1024.0, 1023.0, 1024.0, 1026.0, 1025.0, 1025.0, 1023.0, 1023.0, 1025.0, 1024.0, 1026.0, 1024.0, 1024.0, 1024.0, 1024.0, 1021.0, 1024.0, 1025.0, 1024.0, 1024.0, 1024.0, 1024.0, 1022.0, 1024.0, 1024.0, 1025.0, 1025.0, 1023.0, 1025.0, 1024.0, 1023.0, 1023.0, 1025.0, 1024.0, 1024.0, 1025.0, 1024.0, 1022.0, 1024.0, 1027.0, 1025.0, 1027.0, 1025.0, 1024.0, 1022.0, 1023.0, 1024.0, 1025.0, 1022.0, 1023.0, 1024.0, 1023.0, 1023.0, 1023.0, 1024.0, 1024.0, 1026.0, 1027.0, 1025.0, 1022.0, 1023.0, 1025.0, 1024.0, 1024.0, 1024.0, 1024.0, 1025.0, 1024.0, 1025.0, 1023.0, 1025.0, 1022.0, 1024.0, 1023.0, 1024.0, 1024.0, 1026.0, 1026.0, 1025.0, 1024.0, 1021.0, 1022.0, 1022.0, 1024.0, 1024.0, 1024.0, 1024.0, 1024.0, 1026.0, 1023.0, 1024.0, 1023.0, 1026.0, 1024.0, 1023.0, 1025.0, 1025.0, 1024.0, 1024.0, 1024.0, 1024.0, 1023.0, 1025.0, 1025.0, 1023.0, 1022.0, 1024.0, 1025.0, 1024.0, 1025.0, 1025.0, 1023.0, 1025.0, 1024.0, 1023.0, 1024.0, 1025.0, 1023.0, 1024.0, 1024.0, 1024.0, 1024.0, 1024.0]
Is bad individual winner: 0

l: 150
Real fitness of mutation winner: 1054.0
Noisy fitness of mutation winner: 1054.0
Crossover offspring real fitness: [1025.0, 1025.0, 1024.0, 1027.0, 1024.0, 1025.0, 1026.0, 1023.0, 1024.0, 1024.0, 1024.0, 1025.0, 1025.0, 1024.0, 1024.0, 1025.0, 1026.0, 1025.0, 1025.0, 1023.0, 1024.0, 1024.0, 1023.0, 1025.0, 1025.0, 1024.0, 1024.0, 1025.0, 1021.0, 1024.0, 1023.0, 1025.0, 1024.0, 1024.0, 1024.0, 1024.0, 1023.0, 1023.0, 1026.0, 1026.0, 1025.0, 1024.0, 1024.0, 1024.0, 1024.0, 1024.0, 1025.0, 1023.0, 1025.0, 1024.0, 1023.0, 1024.0, 1024.0, 1026.0, 1023.0, 1023.0, 1024.0, 1025.0, 1024.0, 1025.0, 1025.0, 1024.0, 1025.0, 1026.0, 1025.0, 1024.0, 1024.0, 1023.0, 1024.0, 1024.0, 1024.0, 1024.0, 1026.0, 1024.0, 1024.0, 1023.0, 1025.0, 1023.0, 1023.0, 1026.0, 1023.0, 1024.0, 1026.0, 1025.0, 1024.0, 1026.0, 1024.0, 1025.0, 1026.0, 1024.0, 1023.0, 1024.0, 1023.0, 1023.0, 1023.0, 1024.0, 1025.0, 1025.0, 1024.0, 1024.0, 1025.0, 1024.0, 1022.0, 1024.0, 1023.0, 1024.0, 1024.0, 1023.0, 1025.0, 1024.0, 1023.0, 1023.0, 1024.0, 1024.0, 1024.0, 1024.0, 1026.0, 1023.0, 1025.0, 1024.0, 1025.0, 1024.0, 1023.0, 1024.0, 1025.0, 1023.0, 1024.0, 1022.0, 1025.0, 1025.0, 1024.0, 1024.0, 1023.0, 1026.0, 1024.0, 1024.0, 1024.0, 1024.0, 1024.0, 1021.0, 1024.0, 1023.0, 1024.0, 1025.0, 1025.0, 1025.0, 1024.0, 1025.0, 1027.0, 1025.0, 1025.0, 1024.0, 1025.0, 1025.0, 1024.0, 1025.0, 1025.0, 1025.0, 1024.0, 1023.0, 1023.0]
Crossover offspring noisy fitness: [1025.0, 1025.0, 1024.0, 1027.0, 1024.0, 1025.0, 1026.0, 1023.0, 1024.0, 1024.0, 1024.0, 1025.0, 1025.0, 1024.0, 1024.0, 1024.0, 1026.0, 1025.0, 1025.0, 1023.0, 1025.0, 1024.0, 1023.0, 1025.0, 1025.0, 1024.0, 1024.0, 1025.0, 1021.0, 1024.0, 1023.0, 1025.0, 1024.0, 1024.0, 1024.0, 1024.0, 1023.0, 1023.0, 1026.0, 1026.0, 1025.0, 1024.0, 1024.0, 1024.0, 1024.0, 1024.0, 1025.0, 1023.0, 1025.0, 1024.0, 1023.0, 1024.0, 1024.0, 1026.0, 1023.0, 1023.0, 1024.0, 1025.0, 1024.0, 1025.0, 1025.0, 1024.0, 1026.0, 1026.0, 1025.0, 1024.0, 1024.0, 1022.0, 1024.0, 1024.0, 1024.0, 1024.0, 1026.0, 1024.0, 1024.0, 1023.0, 1025.0, 1023.0, 1024.0, 1026.0, 1023.0, 1024.0, 1026.0, 1025.0, 1024.0, 1026.0, 1024.0, 1025.0, 1026.0, 1024.0, 1023.0, 1024.0, 1023.0, 1023.0, 1023.0, 1024.0, 1025.0, 1025.0, 1024.0, 1024.0, 1025.0, 1024.0, 1022.0, 1024.0, 1023.0, 1024.0, 1025.0, 1023.0, 1025.0, 1024.0, 1023.0, 1023.0, 1024.0, 1024.0, 1024.0, 1024.0, 1026.0, 1023.0, 1025.0, 1024.0, 1025.0, 1024.0, 1023.0, 1024.0, 1025.0, 1023.0, 1024.0, 1022.0, 1025.0, 1025.0, 1024.0, 1024.0, 1023.0, 1026.0, 1024.0, 1024.0, 1024.0, 1024.0, 1024.0, 1021.0, 1024.0, 1023.0, 1024.0, 1026.0, 1025.0, 1025.0, 1024.0, 1025.0, 1027.0, 1026.0, 1024.0, 1024.0, 1025.0, 1025.0, 1024.0, 1025.0, 1025.0, 1025.0, 1024.0, 1023.0, 1022.0]
Is bad individual winner: 0

