l: 50
Fitness of mutation winner: 1050.0
Crossover offspring real fitness: [1024.0, 1024.0, 1025.0, 1025.0, 1024.0, 1025.0, 1025.0, 1026.0, 1022.0, 1025.0, 1025.0, 1025.0, 1023.0, 1023.0, 1024.0, 1025.0, 1023.0, 1026.0, 1024.0, 1024.0, 1025.0, 1024.0, 1024.0, 1024.0, 1023.0, 1025.0, 1024.0, 1024.0, 1026.0, 1025.0, 1025.0, 1025.0, 1024.0, 1025.0, 1024.0, 1026.0, 1024.0, 1022.0, 1025.0, 1025.0, 1024.0, 1024.0, 1024.0, 1023.0, 1024.0]
Crossover offspring noisy fitness: [1024.0, 1023.0, 1025.0, 1025.0, 1024.0, 1025.0, 1025.0, 1026.0, 1022.0, 1025.0, 1026.0, 1025.0, 1023.0, 1023.0, 1024.0, 1025.0, 1023.0, 1026.0, 1024.0, 1025.0, 1025.0, 1024.0, 1024.0, 1024.0, 1024.0, 1025.0, 1024.0, 1024.0, 1026.0, 1025.0, 1025.0, 1025.0, 1024.0, 1025.0, 1024.0, 1026.0, 1024.0, 1022.0, 1025.0, 1025.0, 1024.0, 1024.0, 1024.0, 1023.0, 1024.0]

l: 65
Fitness of mutation winner: 1049.0
Crossover offspring real fitness: [1024.0, 1024.0, 1024.0, 1026.0, 1023.0, 1025.0, 1025.0, 1023.0, 1024.0, 1026.0, 1023.0, 1026.0, 1024.0, 1022.0, 1024.0, 1022.0, 1024.0, 1025.0, 1026.0, 1026.0, 1026.0, 1025.0, 1023.0, 1027.0, 1024.0, 1024.0, 1024.0, 1025.0, 1024.0, 1024.0, 1027.0, 1024.0, 1024.0, 1024.0, 1025.0, 1023.0, 1026.0, 1025.0, 1025.0, 1026.0, 1023.0, 1025.0, 1024.0, 1025.0, 1024.0]
Crossover offspring noisy fitness: [1024.0, 1024.0, 1024.0, 1026.0, 1023.0, 1025.0, 1025.0, 1023.0, 1024.0, 1026.0, 1023.0, 1026.0, 1024.0, 1022.0, 1024.0, 1021.0, 1024.0, 1025.0, 1026.0, 1026.0, 1026.0, 1025.0, 1023.0, 1027.0, 1024.0, 1024.0, 1024.0, 1025.0, 1024.0, 1024.0, 1027.0, 1024.0, 1024.0, 1024.0, 1025.0, 1023.0, 1026.0, 1025.0, 1025.0, 1026.0, 1023.0, 1026.0, 1024.0, 1025.0, 1024.0]

l: 44
Fitness of mutation winner: 1040.0
Crossover offspring real fitness: [1026.0, 1024.0, 1024.0, 1024.0, 1023.0, 1024.0, 1024.0, 1025.0, 1025.0, 1024.0, 1025.0, 1023.0, 1024.0, 1024.0, 1027.0, 1024.0, 1024.0, 1022.0, 1024.0, 1024.0, 1023.0, 1025.0, 1023.0, 1024.0, 1025.0, 1023.0, 1025.0, 1024.0, 1025.0, 1024.0, 1024.0, 1024.0, 1027.0, 1025.0, 1024.0, 1024.0, 1024.0, 1023.0, 1025.0, 1024.0, 1023.0, 1025.0, 1024.0, 1025.0, 1024.0]
Crossover offspring noisy fitness: [1026.0, 1024.0, 1025.0, 1024.0, 1023.0, 1024.0, 1024.0, 1025.0, 1025.0, 1024.0, 1025.0, 1023.0, 1024.0, 1024.0, 1027.0, 1024.0, 1024.0, 1022.0, 1024.0, 1024.0, 1023.0, 1025.0, 1023.0, 1024.0, 1025.0, 1023.0, 1025.0, 1024.0, 1025.0, 1024.0, 1024.0, 1024.0, 1027.0, 1025.0, 1024.0, 1024.0, 1024.0, 1023.0, 1025.0, 1024.0, 1023.0, 1024.0, 1024.0, 1025.0, 1024.0]

l: 35
Fitness of mutation winner: 1041.0
Crossover offspring real fitness: [1026.0, 1024.0, 1025.0, 1025.0, 1024.0, 1024.0, 1025.0, 1024.0, 1026.0, 1025.0, 1024.0, 1024.0, 1024.0, 1025.0, 1024.0, 1024.0, 1024.0, 1024.0, 1025.0, 1024.0, 1024.0, 1023.0, 1024.0, 1024.0, 1024.0, 1024.0, 1024.0, 1025.0, 1024.0, 1025.0, 1025.0, 1024.0, 1023.0, 1025.0, 1025.0, 1024.0, 1026.0, 1025.0, 1025.0, 1023.0, 1024.0, 1025.0, 1025.0, 1025.0, 1024.0]
Crossover offspring noisy fitness: [1026.0, 1024.0, 1025.0, 1025.0, 1024.0, 1024.0, 1025.0, 1024.0, 1025.0, 1025.0, 1024.0, 1024.0, 1024.0, 1025.0, 1024.0, 1024.0, 1024.0, 1024.0, 1025.0, 1024.0, 1024.0, 1023.0, 1024.0, 1024.0, 1024.0, 1024.0, 1024.0, 1025.0, 1024.0, 1025.0, 1025.0, 1024.0, 1023.0, 1026.0, 1025.0, 1024.0, 1026.0, 1025.0, 1025.0, 1023.0, 1024.0, 1025.0, 1025.0, 1025.0, 1023.0]

