l: 46
Fitness of mutation winner: 1036.0
Crossover offspring real fitness: [1025.0, 1025.0, 1026.0, 1024.0, 1023.0, 1027.0, 1024.0, 1024.0, 1025.0, 1026.0, 1023.0, 1026.0, 1025.0, 1023.0, 1024.0, 1025.0, 1024.0, 1023.0, 1024.0, 1025.0, 1024.0, 1026.0, 1024.0, 1024.0, 1025.0, 1024.0, 1025.0, 1023.0, 1025.0, 1024.0, 1024.0, 1024.0, 1026.0, 1024.0, 1025.0, 1024.0, 1025.0, 1024.0, 1024.0, 1024.0, 1024.0, 1024.0, 1025.0, 1025.0, 1024.0]
Crossover offspring noisy fitness: [1025.0, 1025.0, 1026.0, 1024.0, 1023.0, 1027.0, 1024.0, 1023.0, 1025.0, 1026.0, 1023.0, 1026.0, 1025.0, 1023.0, 1025.0, 1025.0, 1024.0, 1023.0, 1024.0, 1026.0, 1024.0, 1026.0, 1023.0, 1024.0, 1025.0, 1024.0, 1025.0, 1023.0, 1025.0, 1024.0, 1024.0, 1024.0, 1026.0, 1024.0, 1025.0, 1024.0, 1026.0, 1024.0, 1024.0, 1023.0, 1024.0, 1024.0, 1025.0, 1025.0, 1024.0]

l: 37
Fitness of mutation winner: 1037.0
Crossover offspring real fitness: [1027.0, 1023.0, 1025.0, 1026.0, 1024.0, 1024.0, 1024.0, 1024.0, 1023.0, 1024.0, 1024.0, 1024.0, 1026.0, 1024.0, 1025.0, 1023.0, 1025.0, 1025.0, 1024.0, 1024.0, 1024.0, 1024.0, 1024.0, 1025.0, 1024.0, 1024.0, 1026.0, 1024.0, 1024.0, 1024.0, 1025.0, 1024.0, 1023.0, 1024.0, 1023.0, 1024.0, 1024.0, 1024.0, 1025.0, 1024.0, 1027.0, 1024.0, 1024.0, 1024.0, 1023.0]
Crossover offspring noisy fitness: [1027.0, 1023.0, 1025.0, 1026.0, 1024.0, 1024.0, 1024.0, 1024.0, 1023.0, 1024.0, 1024.0, 1024.0, 1026.0, 1024.0, 1025.0, 1023.0, 1025.0, 1025.0, 1024.0, 1024.0, 1024.0, 1024.0, 1024.0, 1025.0, 1024.0, 1024.0, 1026.0, 1024.0, 1024.0, 1024.0, 1025.0, 1024.0, 1023.0, 1024.0, 1023.0, 1024.0, 1024.0, 1024.0, 1025.0, 1024.0, 1027.0, 1024.0, 1025.0, 1024.0, 1023.0]

l: 51
Fitness of mutation winner: 1043.0
Crossover offspring real fitness: [1024.0, 1023.0, 1025.0, 1025.0, 1024.0, 1025.0, 1026.0, 1026.0, 1023.0, 1025.0, 1024.0, 1023.0, 1025.0, 1024.0, 1026.0, 1023.0, 1026.0, 1025.0, 1024.0, 1023.0, 1023.0, 1024.0, 1025.0, 1024.0, 1026.0, 1027.0, 1024.0, 1025.0, 1024.0, 1025.0, 1024.0, 1025.0, 1025.0, 1024.0, 1024.0, 1025.0, 1025.0, 1024.0, 1024.0, 1024.0, 1023.0, 1025.0, 1025.0, 1024.0, 1023.0]
Crossover offspring noisy fitness: [1024.0, 1023.0, 1025.0, 1025.0, 1024.0, 1025.0, 1026.0, 1026.0, 1023.0, 1025.0, 1024.0, 1023.0, 1025.0, 1024.0, 1026.0, 1022.0, 1027.0, 1025.0, 1024.0, 1023.0, 1023.0, 1024.0, 1025.0, 1024.0, 1026.0, 1027.0, 1024.0, 1025.0, 1024.0, 1025.0, 1024.0, 1025.0, 1025.0, 1024.0, 1023.0, 1025.0, 1025.0, 1024.0, 1024.0, 1024.0, 1022.0, 1024.0, 1025.0, 1024.0, 1023.0]

l: 44
Fitness of mutation winner: 1036.0
Crossover offspring real fitness: [1025.0, 1026.0, 1025.0, 1023.0, 1025.0, 1024.0, 1026.0, 1025.0, 1025.0, 1023.0, 1024.0, 1025.0, 1024.0, 1027.0, 1025.0, 1024.0, 1024.0, 1026.0, 1025.0, 1026.0, 1024.0, 1023.0, 1025.0, 1024.0, 1025.0, 1023.0, 1024.0, 1024.0, 1025.0, 1024.0, 1025.0, 1024.0, 1024.0, 1024.0, 1024.0, 1025.0, 1024.0, 1024.0, 1024.0, 1023.0, 1024.0, 1025.0, 1025.0, 1024.0, 1023.0]
Crossover offspring noisy fitness: [1026.0, 1026.0, 1025.0, 1023.0, 1025.0, 1024.0, 1026.0, 1025.0, 1025.0, 1023.0, 1024.0, 1026.0, 1024.0, 1027.0, 1025.0, 1024.0, 1024.0, 1026.0, 1025.0, 1026.0, 1024.0, 1023.0, 1025.0, 1024.0, 1025.0, 1022.0, 1024.0, 1024.0, 1025.0, 1025.0, 1025.0, 1024.0, 1024.0, 1024.0, 1024.0, 1025.0, 1024.0, 1024.0, 1024.0, 1023.0, 1024.0, 1025.0, 1025.0, 1024.0, 1023.0]

