l: 49
Real fitness of mutation winner: 1039.0
Noisy fitness of mutation winner: 1039.0
Crossover offspring real fitness: [1025.0, 1023.0, 1025.0, 1025.0, 1023.0, 1024.0, 1025.0, 1025.0, 1024.0, 1024.0, 1022.0, 1024.0, 1025.0, 1024.0, 1024.0, 1025.0, 1024.0, 1024.0, 1024.0, 1025.0, 1024.0, 1024.0, 1024.0, 1022.0, 1026.0, 1025.0, 1025.0, 1025.0, 1024.0, 1027.0, 1025.0, 1024.0, 1023.0, 1025.0, 1025.0, 1024.0, 1025.0, 1025.0, 1026.0, 1024.0, 1024.0, 1022.0, 1026.0, 1022.0, 1026.0]
Crossover offspring noisy fitness: [1025.0, 1023.0, 1025.0, 1025.0, 1023.0, 1025.0, 1025.0, 1025.0, 1024.0, 1024.0, 1022.0, 1024.0, 1025.0, 1024.0, 1024.0, 1025.0, 1024.0, 1024.0, 1024.0, 1025.0, 1024.0, 1024.0, 1024.0, 1022.0, 1025.0, 1024.0, 1025.0, 1025.0, 1024.0, 1027.0, 1025.0, 1024.0, 1023.0, 1025.0, 1025.0, 1024.0, 1025.0, 1025.0, 1026.0, 1024.0, 1024.0, 1022.0, 1026.0, 1022.0, 1026.0]

l: 43
Real fitness of mutation winner: 1037.0
Noisy fitness of mutation winner: 1037.0
Crossover offspring real fitness: [1024.0, 1024.0, 1024.0, 1025.0, 1025.0, 1024.0, 1024.0, 1023.0, 1026.0, 1025.0, 1025.0, 1023.0, 1024.0, 1026.0, 1024.0, 1025.0, 1025.0, 1023.0, 1024.0, 1025.0, 1025.0, 1024.0, 1024.0, 1023.0, 1023.0, 1025.0, 1025.0, 1024.0, 1023.0, 1026.0, 1023.0, 1026.0, 1025.0, 1026.0, 1025.0, 1024.0, 1025.0, 1024.0, 1024.0, 1028.0, 1024.0, 1025.0, 1024.0, 1025.0, 1024.0]
Crossover offspring noisy fitness: [1024.0, 1024.0, 1024.0, 1025.0, 1025.0, 1024.0, 1024.0, 1023.0, 1026.0, 1025.0, 1025.0, 1023.0, 1024.0, 1026.0, 1024.0, 1025.0, 1025.0, 1023.0, 1024.0, 1025.0, 1025.0, 1024.0, 1024.0, 1023.0, 1023.0, 1025.0, 1025.0, 1024.0, 1023.0, 1026.0, 1023.0, 1026.0, 1025.0, 1026.0, 1025.0, 1024.0, 1025.0, 1024.0, 1024.0, 1028.0, 1024.0, 1025.0, 1024.0, 1025.0, 1024.0]

l: 42
Real fitness of mutation winner: 1044.0
Noisy fitness of mutation winner: 1044.0
Crossover offspring real fitness: [1023.0, 1024.0, 1024.0, 1025.0, 1024.0, 1026.0, 1026.0, 1024.0, 1024.0, 1026.0, 1024.0, 1025.0, 1024.0, 1024.0, 1026.0, 1024.0, 1024.0, 1024.0, 1024.0, 1025.0, 1025.0, 1024.0, 1025.0, 1025.0, 1024.0, 1024.0, 1026.0, 1025.0, 1024.0, 1025.0, 1024.0, 1023.0, 1024.0, 1024.0, 1024.0, 1024.0, 1025.0, 1024.0, 1026.0, 1023.0, 1024.0, 1024.0, 1023.0, 1024.0, 1024.0]
Crossover offspring noisy fitness: [1023.0, 1024.0, 1024.0, 1026.0, 1023.0, 1026.0, 1026.0, 1024.0, 1024.0, 1026.0, 1024.0, 1025.0, 1024.0, 1024.0, 1026.0, 1023.0, 1024.0, 1024.0, 1024.0, 1025.0, 1025.0, 1024.0, 1024.0, 1025.0, 1024.0, 1024.0, 1026.0, 1025.0, 1024.0, 1025.0, 1024.0, 1023.0, 1024.0, 1024.0, 1024.0, 1024.0, 1025.0, 1024.0, 1026.0, 1022.0, 1024.0, 1024.0, 1024.0, 1024.0, 1023.0]

l: 35
Real fitness of mutation winner: 1031.0
Noisy fitness of mutation winner: 1031.0
Crossover offspring real fitness: [1023.0, 1023.0, 1024.0, 1024.0, 1023.0, 1024.0, 1024.0, 1024.0, 1024.0, 1023.0, 1025.0, 1024.0, 1025.0, 1024.0, 1023.0, 1022.0, 1025.0, 1022.0, 1024.0, 1024.0, 1023.0, 1024.0, 1024.0, 1023.0, 1024.0, 1025.0, 1024.0, 1025.0, 1024.0, 1024.0, 1026.0, 1023.0, 1024.0, 1024.0, 1025.0, 1024.0, 1025.0, 1023.0, 1023.0, 1025.0, 1025.0, 1023.0, 1025.0, 1025.0, 1023.0]
Crossover offspring noisy fitness: [1023.0, 1023.0, 1024.0, 1024.0, 1023.0, 1024.0, 1024.0, 1024.0, 1024.0, 1023.0, 1025.0, 1024.0, 1025.0, 1024.0, 1023.0, 1022.0, 1025.0, 1022.0, 1024.0, 1024.0, 1023.0, 1024.0, 1024.0, 1023.0, 1024.0, 1025.0, 1024.0, 1025.0, 1024.0, 1024.0, 1026.0, 1023.0, 1024.0, 1024.0, 1025.0, 1024.0, 1025.0, 1023.0, 1023.0, 1026.0, 1025.0, 1023.0, 1025.0, 1025.0, 1023.0]

