l: 173
Real fitness of mutation winner: 1055.0
Noisy fitness of mutation winner: 1055.0
Crossover offspring real fitness: [1025.0, 1023.0, 1023.0, 1024.0, 1026.0, 1024.0, 1023.0, 1026.0, 1024.0, 1026.0, 1023.0, 1024.0, 1024.0, 1026.0, 1024.0, 1022.0, 1025.0, 1023.0, 1025.0, 1025.0, 1024.0, 1025.0, 1026.0, 1023.0, 1024.0, 1023.0, 1024.0, 1025.0, 1026.0, 1025.0, 1023.0, 1024.0, 1023.0, 1026.0, 1023.0, 1023.0, 1024.0, 1024.0, 1025.0, 1024.0, 1024.0, 1024.0, 1023.0, 1024.0, 1025.0, 1025.0, 1023.0, 1024.0, 1024.0, 1024.0, 1024.0, 1024.0, 1023.0, 1024.0, 1024.0, 1024.0, 1023.0, 1023.0, 1027.0, 1024.0, 1024.0, 1023.0, 1025.0, 1024.0, 1024.0, 1025.0, 1024.0, 1024.0, 1025.0, 1024.0, 1022.0, 1025.0, 1024.0, 1025.0, 1026.0, 1024.0, 1020.0, 1024.0, 1023.0, 1024.0, 1026.0, 1024.0, 1024.0, 1023.0, 1025.0, 1023.0, 1023.0, 1023.0, 1026.0, 1024.0, 1025.0, 1024.0, 1024.0, 1026.0, 1024.0, 1024.0, 1025.0, 1025.0, 1024.0, 1024.0, 1025.0, 1024.0, 1023.0, 1025.0, 1024.0, 1022.0, 1026.0, 1025.0, 1023.0, 1024.0, 1025.0, 1025.0, 1024.0, 1023.0, 1025.0, 1024.0, 1026.0, 1024.0, 1024.0, 1024.0, 1025.0, 1024.0, 1025.0, 1026.0, 1025.0, 1024.0, 1023.0, 1023.0, 1024.0, 1025.0, 1022.0, 1024.0, 1025.0, 1023.0, 1025.0, 1024.0, 1024.0, 1023.0, 1025.0, 1024.0, 1024.0, 1023.0, 1026.0, 1025.0, 1025.0, 1024.0, 1024.0, 1024.0, 1024.0, 1023.0, 1024.0, 1025.0, 1024.0, 1023.0, 1025.0, 1026.0, 1024.0, 1025.0, 1023.0, 1025.0, 1022.0]
Crossover offspring noisy fitness: [1025.0, 1023.0, 1023.0, 1024.0, 1026.0, 1024.0, 1023.0, 1026.0, 1024.0, 1026.0, 1023.0, 1024.0, 1024.0, 1026.0, 1024.0, 1022.0, 1025.0, 1022.0, 1025.0, 1025.0, 1024.0, 1025.0, 1025.0, 1023.0, 1024.0, 1023.0, 1024.0, 1025.0, 1026.0, 1025.0, 1023.0, 1024.0, 1023.0, 1026.0, 1023.0, 1023.0, 1024.0, 1024.0, 1025.0, 1024.0, 1024.0, 1024.0, 1023.0, 1024.0, 1025.0, 1025.0, 1023.0, 1024.0, 1024.0, 1024.0, 1024.0, 1024.0, 1023.0, 1024.0, 1024.0, 1024.0, 1023.0, 1023.0, 1027.0, 1024.0, 1024.0, 1023.0, 1025.0, 1022.0, 1024.0, 1025.0, 1024.0, 1024.0, 1025.0, 1024.0, 1022.0, 1024.0, 1024.0, 1025.0, 1026.0, 1024.0, 1020.0, 1024.0, 1023.0, 1024.0, 1025.0, 1024.0, 1024.0, 1023.0, 1025.0, 1023.0, 1023.0, 1023.0, 1026.0, 1024.0, 1025.0, 1024.0, 1024.0, 1026.0, 1024.0, 1024.0, 1025.0, 1026.0, 1024.0, 1025.0, 1025.0, 1024.0, 1023.0, 1025.0, 1024.0, 1022.0, 1026.0, 1025.0, 1023.0, 1024.0, 1025.0, 1025.0, 1024.0, 1023.0, 1025.0, 1024.0, 1026.0, 1024.0, 1024.0, 1024.0, 1025.0, 1024.0, 1025.0, 1026.0, 1025.0, 1024.0, 1023.0, 1024.0, 1024.0, 1025.0, 1022.0, 1024.0, 1025.0, 1023.0, 1025.0, 1024.0, 1024.0, 1023.0, 1025.0, 1024.0, 1024.0, 1023.0, 1027.0, 1024.0, 1025.0, 1024.0, 1024.0, 1024.0, 1024.0, 1023.0, 1024.0, 1025.0, 1024.0, 1023.0, 1025.0, 1026.0, 1024.0, 1025.0, 1023.0, 1025.0, 1022.0]

l: 152
Real fitness of mutation winner: 1054.0
Noisy fitness of mutation winner: 1054.0
Crossover offspring real fitness: [1023.0, 1023.0, 1024.0, 1023.0, 1023.0, 1024.0, 1024.0, 1024.0, 1025.0, 1024.0, 1025.0, 1023.0, 1024.0, 1024.0, 1025.0, 1024.0, 1025.0, 1026.0, 1024.0, 1023.0, 1023.0, 1023.0, 1022.0, 1026.0, 1023.0, 1025.0, 1024.0, 1025.0, 1024.0, 1024.0, 1025.0, 1025.0, 1024.0, 1023.0, 1024.0, 1024.0, 1026.0, 1024.0, 1024.0, 1024.0, 1025.0, 1026.0, 1024.0, 1025.0, 1023.0, 1024.0, 1023.0, 1025.0, 1024.0, 1024.0, 1025.0, 1025.0, 1025.0, 1024.0, 1022.0, 1025.0, 1025.0, 1024.0, 1024.0, 1024.0, 1023.0, 1024.0, 1023.0, 1025.0, 1025.0, 1022.0, 1025.0, 1023.0, 1024.0, 1025.0, 1026.0, 1024.0, 1022.0, 1022.0, 1024.0, 1024.0, 1024.0, 1023.0, 1026.0, 1025.0, 1024.0, 1024.0, 1023.0, 1024.0, 1025.0, 1022.0, 1025.0, 1024.0, 1027.0, 1024.0, 1025.0, 1025.0, 1024.0, 1023.0, 1024.0, 1025.0, 1024.0, 1023.0, 1024.0, 1024.0, 1023.0, 1025.0, 1023.0, 1023.0, 1024.0, 1025.0, 1025.0, 1025.0, 1022.0, 1023.0, 1023.0, 1024.0, 1024.0, 1024.0, 1024.0, 1023.0, 1022.0, 1024.0, 1026.0, 1026.0, 1024.0, 1024.0, 1024.0, 1024.0, 1024.0, 1024.0, 1024.0, 1023.0, 1023.0, 1024.0, 1024.0, 1024.0, 1023.0, 1024.0, 1025.0, 1023.0, 1023.0, 1024.0, 1026.0, 1024.0, 1023.0, 1023.0, 1024.0, 1024.0, 1025.0, 1024.0, 1026.0, 1024.0, 1025.0, 1024.0, 1024.0, 1025.0, 1025.0, 1024.0, 1025.0, 1024.0, 1023.0, 1026.0, 1024.0, 1024.0, 1026.0]
Crossover offspring noisy fitness: [1023.0, 1023.0, 1024.0, 1023.0, 1023.0, 1024.0, 1024.0, 1024.0, 1025.0, 1024.0, 1025.0, 1023.0, 1024.0, 1024.0, 1025.0, 1024.0, 1025.0, 1026.0, 1024.0, 1023.0, 1023.0, 1023.0, 1022.0, 1026.0, 1023.0, 1025.0, 1024.0, 1025.0, 1024.0, 1024.0, 1025.0, 1025.0, 1024.0, 1023.0, 1024.0, 1024.0, 1026.0, 1024.0, 1024.0, 1024.0, 1025.0, 1026.0, 1024.0, 1025.0, 1023.0, 1023.0, 1023.0, 1025.0, 1024.0, 1024.0, 1025.0, 1025.0, 1025.0, 1024.0, 1022.0, 1025.0, 1025.0, 1024.0, 1024.0, 1024.0, 1023.0, 1024.0, 1023.0, 1025.0, 1025.0, 1022.0, 1025.0, 1023.0, 1024.0, 1025.0, 1025.0, 1024.0, 1023.0, 1022.0, 1024.0, 1024.0, 1024.0, 1023.0, 1026.0, 1025.0, 1024.0, 1024.0, 1023.0, 1024.0, 1025.0, 1022.0, 1025.0, 1024.0, 1027.0, 1024.0, 1025.0, 1025.0, 1024.0, 1023.0, 1024.0, 1025.0, 1024.0, 1023.0, 1024.0, 1024.0, 1023.0, 1025.0, 1023.0, 1023.0, 1024.0, 1025.0, 1025.0, 1025.0, 1022.0, 1023.0, 1023.0, 1024.0, 1024.0, 1024.0, 1024.0, 1023.0, 1022.0, 1024.0, 1026.0, 1026.0, 1024.0, 1024.0, 1024.0, 1024.0, 1024.0, 1024.0, 1024.0, 1023.0, 1023.0, 1024.0, 1024.0, 1024.0, 1023.0, 1024.0, 1025.0, 1023.0, 1023.0, 1024.0, 1026.0, 1024.0, 1023.0, 1023.0, 1024.0, 1024.0, 1026.0, 1024.0, 1026.0, 1024.0, 1025.0, 1024.0, 1024.0, 1025.0, 1024.0, 1024.0, 1025.0, 1024.0, 1023.0, 1025.0, 1024.0, 1024.0, 1026.0]

l: 145
Real fitness of mutation winner: 1051.0
Noisy fitness of mutation winner: 1051.0
Crossover offspring real fitness: [1024.0, 1023.0, 1024.0, 1025.0, 1022.0, 1024.0, 1024.0, 1024.0, 1025.0, 1024.0, 1022.0, 1023.0, 1024.0, 1025.0, 1023.0, 1024.0, 1025.0, 1025.0, 1026.0, 1024.0, 1023.0, 1024.0, 1026.0, 1025.0, 1024.0, 1023.0, 1026.0, 1024.0, 1024.0, 1027.0, 1024.0, 1024.0, 1024.0, 1025.0, 1025.0, 1024.0, 1023.0, 1023.0, 1026.0, 1025.0, 1024.0, 1024.0, 1024.0, 1024.0, 1024.0, 1023.0, 1025.0, 1024.0, 1021.0, 1024.0, 1024.0, 1024.0, 1024.0, 1025.0, 1025.0, 1021.0, 1025.0, 1024.0, 1024.0, 1025.0, 1023.0, 1024.0, 1024.0, 1024.0, 1023.0, 1024.0, 1024.0, 1025.0, 1023.0, 1024.0, 1025.0, 1023.0, 1024.0, 1024.0, 1023.0, 1025.0, 1024.0, 1025.0, 1025.0, 1023.0, 1025.0, 1024.0, 1027.0, 1025.0, 1021.0, 1023.0, 1025.0, 1023.0, 1025.0, 1023.0, 1024.0, 1024.0, 1023.0, 1024.0, 1025.0, 1023.0, 1025.0, 1024.0, 1025.0, 1025.0, 1023.0, 1023.0, 1025.0, 1024.0, 1024.0, 1025.0, 1023.0, 1024.0, 1024.0, 1024.0, 1025.0, 1025.0, 1024.0, 1025.0, 1023.0, 1025.0, 1025.0, 1025.0, 1024.0, 1021.0, 1024.0, 1024.0, 1024.0, 1025.0, 1025.0, 1025.0, 1023.0, 1023.0, 1026.0, 1022.0, 1025.0, 1025.0, 1024.0, 1024.0, 1023.0, 1023.0, 1024.0, 1025.0, 1023.0, 1025.0, 1024.0, 1023.0, 1025.0, 1025.0, 1023.0, 1024.0, 1022.0, 1025.0, 1025.0, 1025.0, 1024.0, 1025.0, 1025.0, 1022.0, 1025.0, 1026.0, 1025.0, 1024.0, 1025.0, 1024.0, 1027.0]
Crossover offspring noisy fitness: [1024.0, 1023.0, 1024.0, 1025.0, 1022.0, 1024.0, 1024.0, 1024.0, 1025.0, 1024.0, 1022.0, 1023.0, 1024.0, 1025.0, 1023.0, 1024.0, 1025.0, 1025.0, 1026.0, 1024.0, 1023.0, 1024.0, 1026.0, 1025.0, 1024.0, 1023.0, 1026.0, 1024.0, 1024.0, 1027.0, 1025.0, 1024.0, 1024.0, 1025.0, 1024.0, 1024.0, 1023.0, 1023.0, 1025.0, 1025.0, 1024.0, 1024.0, 1023.0, 1024.0, 1024.0, 1023.0, 1025.0, 1023.0, 1021.0, 1024.0, 1024.0, 1025.0, 1024.0, 1025.0, 1025.0, 1021.0, 1025.0, 1024.0, 1024.0, 1025.0, 1022.0, 1025.0, 1024.0, 1024.0, 1023.0, 1024.0, 1023.0, 1025.0, 1023.0, 1024.0, 1025.0, 1023.0, 1024.0, 1024.0, 1023.0, 1025.0, 1025.0, 1025.0, 1025.0, 1023.0, 1025.0, 1024.0, 1027.0, 1025.0, 1021.0, 1023.0, 1025.0, 1023.0, 1025.0, 1023.0, 1024.0, 1024.0, 1023.0, 1024.0, 1025.0, 1023.0, 1025.0, 1024.0, 1025.0, 1025.0, 1023.0, 1023.0, 1025.0, 1024.0, 1024.0, 1025.0, 1023.0, 1024.0, 1024.0, 1024.0, 1025.0, 1025.0, 1024.0, 1025.0, 1023.0, 1025.0, 1025.0, 1025.0, 1024.0, 1021.0, 1024.0, 1024.0, 1024.0, 1025.0, 1025.0, 1025.0, 1023.0, 1023.0, 1026.0, 1023.0, 1025.0, 1025.0, 1024.0, 1024.0, 1023.0, 1023.0, 1024.0, 1025.0, 1023.0, 1025.0, 1024.0, 1023.0, 1025.0, 1025.0, 1023.0, 1024.0, 1022.0, 1025.0, 1025.0, 1025.0, 1025.0, 1025.0, 1025.0, 1022.0, 1025.0, 1026.0, 1026.0, 1024.0, 1025.0, 1024.0, 1027.0]

l: 165
Real fitness of mutation winner: 1061.0
Noisy fitness of mutation winner: 1061.0
Crossover offspring real fitness: [1025.0, 1025.0, 1026.0, 1023.0, 1026.0, 1026.0, 1025.0, 1024.0, 1025.0, 1025.0, 1025.0, 1023.0, 1025.0, 1026.0, 1024.0, 1024.0, 1024.0, 1021.0, 1025.0, 1024.0, 1024.0, 1025.0, 1024.0, 1023.0, 1023.0, 1024.0, 1024.0, 1023.0, 1024.0, 1024.0, 1024.0, 1023.0, 1024.0, 1025.0, 1023.0, 1024.0, 1025.0, 1025.0, 1024.0, 1024.0, 1024.0, 1024.0, 1024.0, 1026.0, 1024.0, 1023.0, 1024.0, 1024.0, 1022.0, 1025.0, 1024.0, 1024.0, 1023.0, 1024.0, 1024.0, 1025.0, 1025.0, 1024.0, 1023.0, 1024.0, 1022.0, 1025.0, 1023.0, 1024.0, 1024.0, 1026.0, 1022.0, 1024.0, 1024.0, 1024.0, 1024.0, 1024.0, 1024.0, 1025.0, 1024.0, 1025.0, 1024.0, 1022.0, 1025.0, 1022.0, 1023.0, 1025.0, 1025.0, 1026.0, 1024.0, 1027.0, 1024.0, 1024.0, 1024.0, 1024.0, 1024.0, 1024.0, 1024.0, 1025.0, 1024.0, 1024.0, 1023.0, 1025.0, 1023.0, 1025.0, 1024.0, 1024.0, 1025.0, 1025.0, 1024.0, 1024.0, 1025.0, 1026.0, 1024.0, 1025.0, 1024.0, 1025.0, 1025.0, 1023.0, 1022.0, 1025.0, 1023.0, 1024.0, 1024.0, 1023.0, 1024.0, 1024.0, 1025.0, 1023.0, 1025.0, 1024.0, 1023.0, 1023.0, 1023.0, 1026.0, 1024.0, 1026.0, 1025.0, 1025.0, 1025.0, 1024.0, 1024.0, 1024.0, 1025.0, 1024.0, 1024.0, 1026.0, 1023.0, 1024.0, 1024.0, 1024.0, 1024.0, 1024.0, 1024.0, 1024.0, 1024.0, 1023.0, 1025.0, 1024.0, 1025.0, 1023.0, 1022.0, 1025.0, 1024.0, 1024.0, 1024.0]
Crossover offspring noisy fitness: [1025.0, 1025.0, 1026.0, 1024.0, 1026.0, 1026.0, 1025.0, 1024.0, 1025.0, 1025.0, 1025.0, 1023.0, 1025.0, 1026.0, 1024.0, 1024.0, 1025.0, 1021.0, 1025.0, 1024.0, 1024.0, 1025.0, 1024.0, 1023.0, 1023.0, 1024.0, 1024.0, 1023.0, 1024.0, 1026.0, 1024.0, 1023.0, 1024.0, 1025.0, 1023.0, 1024.0, 1025.0, 1025.0, 1024.0, 1024.0, 1024.0, 1024.0, 1024.0, 1026.0, 1024.0, 1023.0, 1023.0, 1024.0, 1022.0, 1025.0, 1024.0, 1024.0, 1023.0, 1024.0, 1024.0, 1025.0, 1025.0, 1024.0, 1023.0, 1024.0, 1022.0, 1025.0, 1023.0, 1024.0, 1024.0, 1025.0, 1022.0, 1024.0, 1024.0, 1024.0, 1024.0, 1024.0, 1024.0, 1025.0, 1024.0, 1025.0, 1024.0, 1022.0, 1025.0, 1022.0, 1023.0, 1025.0, 1025.0, 1026.0, 1024.0, 1027.0, 1023.0, 1024.0, 1024.0, 1024.0, 1024.0, 1024.0, 1024.0, 1025.0, 1024.0, 1024.0, 1022.0, 1025.0, 1023.0, 1025.0, 1024.0, 1024.0, 1024.0, 1025.0, 1024.0, 1025.0, 1025.0, 1026.0, 1024.0, 1025.0, 1024.0, 1025.0, 1025.0, 1023.0, 1022.0, 1025.0, 1023.0, 1024.0, 1024.0, 1023.0, 1024.0, 1024.0, 1025.0, 1023.0, 1026.0, 1024.0, 1023.0, 1023.0, 1023.0, 1026.0, 1024.0, 1026.0, 1025.0, 1025.0, 1025.0, 1024.0, 1024.0, 1024.0, 1025.0, 1024.0, 1023.0, 1026.0, 1023.0, 1025.0, 1024.0, 1024.0, 1025.0, 1024.0, 1024.0, 1024.0, 1025.0, 1023.0, 1025.0, 1024.0, 1025.0, 1023.0, 1022.0, 1025.0, 1024.0, 1025.0, 1024.0]

