l: 43
Real fitness of mutation winner: 1041.0
Noisy fitness of mutation winner: 1041.0
Crossover offspring real fitness: [1024.0, 1025.0, 1024.0, 1023.0, 1024.0, 1024.0, 1023.0, 1023.0, 1024.0, 1024.0, 1024.0, 1024.0, 1023.0, 1024.0, 1026.0, 1024.0, 1025.0, 1024.0, 1024.0, 1024.0, 1024.0, 1023.0, 1024.0, 1025.0, 1024.0, 1026.0, 1024.0, 1024.0, 1025.0, 1024.0, 1024.0, 1024.0, 1024.0, 1027.0, 1024.0, 1024.0, 1024.0, 1024.0, 1025.0, 1026.0, 1026.0, 1024.0, 1024.0, 1024.0, 1024.0]
Crossover offspring noisy fitness: [1024.0, 1025.0, 1024.0, 1023.0, 1024.0, 1024.0, 1023.0, 1023.0, 1024.0, 1024.0, 1024.0, 1024.0, 1023.0, 1024.0, 1026.0, 1024.0, 1025.0, 1024.0, 1025.0, 1024.0, 1024.0, 1023.0, 1023.0, 1026.0, 1024.0, 1026.0, 1024.0, 1024.0, 1025.0, 1023.0, 1024.0, 1024.0, 1024.0, 1027.0, 1024.0, 1024.0, 1024.0, 1024.0, 1025.0, 1026.0, 1026.0, 1024.0, 1024.0, 1024.0, 1024.0]

l: 31
Real fitness of mutation winner: 1033.0
Noisy fitness of mutation winner: 1033.0
Crossover offspring real fitness: [1025.0, 1024.0, 1025.0, 1024.0, 1024.0, 1024.0, 1024.0, 1024.0, 1024.0, 1024.0, 1024.0, 1024.0, 1025.0, 1025.0, 1025.0, 1026.0, 1023.0, 1024.0, 1024.0, 1024.0, 1024.0, 1025.0, 1026.0, 1023.0, 1023.0, 1025.0, 1023.0, 1024.0, 1024.0, 1024.0, 1025.0, 1024.0, 1024.0, 1024.0, 1025.0, 1024.0, 1024.0, 1026.0, 1024.0, 1025.0, 1024.0, 1024.0, 1024.0, 1024.0, 1024.0]
Crossover offspring noisy fitness: [1025.0, 1024.0, 1025.0, 1024.0, 1024.0, 1024.0, 1024.0, 1024.0, 1024.0, 1024.0, 1024.0, 1024.0, 1025.0, 1025.0, 1026.0, 1026.0, 1023.0, 1024.0, 1024.0, 1024.0, 1024.0, 1025.0, 1026.0, 1023.0, 1023.0, 1026.0, 1023.0, 1024.0, 1024.0, 1024.0, 1025.0, 1024.0, 1024.0, 1024.0, 1025.0, 1024.0, 1024.0, 1026.0, 1024.0, 1025.0, 1024.0, 1024.0, 1024.0, 1024.0, 1024.0]

l: 53
Real fitness of mutation winner: 1041.0
Noisy fitness of mutation winner: 1041.0
Crossover offspring real fitness: [1024.0, 1024.0, 1024.0, 1023.0, 1025.0, 1026.0, 1023.0, 1023.0, 1024.0, 1027.0, 1026.0, 1024.0, 1025.0, 1026.0, 1024.0, 1024.0, 1024.0, 1027.0, 1024.0, 1023.0, 1024.0, 1024.0, 1027.0, 1025.0, 1025.0, 1023.0, 1024.0, 1024.0, 1027.0, 1024.0, 1024.0, 1025.0, 1024.0, 1025.0, 1023.0, 1023.0, 1023.0, 1024.0, 1026.0, 1025.0, 1024.0, 1024.0, 1024.0, 1025.0, 1025.0]
Crossover offspring noisy fitness: [1024.0, 1024.0, 1024.0, 1023.0, 1025.0, 1026.0, 1023.0, 1023.0, 1024.0, 1027.0, 1026.0, 1024.0, 1025.0, 1026.0, 1024.0, 1024.0, 1024.0, 1027.0, 1024.0, 1023.0, 1024.0, 1024.0, 1026.0, 1025.0, 1025.0, 1023.0, 1024.0, 1024.0, 1027.0, 1024.0, 1024.0, 1025.0, 1024.0, 1025.0, 1023.0, 1023.0, 1023.0, 1024.0, 1026.0, 1025.0, 1024.0, 1024.0, 1024.0, 1025.0, 1025.0]

l: 51
Real fitness of mutation winner: 1039.0
Noisy fitness of mutation winner: 1039.0
Crossover offspring real fitness: [1024.0, 1024.0, 1025.0, 1024.0, 1025.0, 1024.0, 1024.0, 1026.0, 1026.0, 1025.0, 1025.0, 1024.0, 1024.0, 1024.0, 1024.0, 1026.0, 1025.0, 1024.0, 1025.0, 1023.0, 1026.0, 1024.0, 1024.0, 1022.0, 1025.0, 1026.0, 1024.0, 1026.0, 1025.0, 1024.0, 1025.0, 1022.0, 1026.0, 1024.0, 1024.0, 1024.0, 1025.0, 1024.0, 1027.0, 1024.0, 1023.0, 1023.0, 1023.0, 1024.0, 1023.0]
Crossover offspring noisy fitness: [1024.0, 1024.0, 1025.0, 1024.0, 1025.0, 1024.0, 1024.0, 1026.0, 1026.0, 1025.0, 1024.0, 1024.0, 1024.0, 1024.0, 1024.0, 1026.0, 1025.0, 1024.0, 1025.0, 1023.0, 1026.0, 1024.0, 1024.0, 1022.0, 1025.0, 1026.0, 1024.0, 1026.0, 1025.0, 1024.0, 1025.0, 1022.0, 1026.0, 1024.0, 1024.0, 1024.0, 1025.0, 1025.0, 1027.0, 1024.0, 1023.0, 1023.0, 1023.0, 1024.0, 1023.0]

