l: 54
Fitness of mutation winner: 1038.0
Crossover offspring real fitness: [1023.0, 1022.0, 1026.0, 1025.0, 1022.0, 1024.0, 1025.0, 1024.0, 1024.0, 1024.0, 1026.0, 1024.0, 1026.0, 1025.0, 1024.0, 1024.0, 1024.0, 1025.0, 1024.0, 1024.0, 1024.0, 1024.0, 1022.0, 1024.0, 1024.0, 1024.0, 1025.0, 1026.0, 1024.0, 1024.0, 1024.0, 1024.0, 1025.0, 1024.0, 1024.0, 1024.0, 1025.0, 1025.0, 1024.0, 1023.0, 1023.0, 1023.0, 1023.0, 1025.0, 1023.0]
Crossover offspring noisy fitness: [1023.0, 1022.0, 1026.0, 1025.0, 1022.0, 1024.0, 1025.0, 1024.0, 1024.0, 1024.0, 1026.0, 1024.0, 1026.0, 1025.0, 1024.0, 1024.0, 1024.0, 1025.0, 1024.0, 1024.0, 1024.0, 1024.0, 1023.0, 1024.0, 1024.0, 1024.0, 1025.0, 1026.0, 1024.0, 1024.0, 1024.0, 1024.0, 1025.0, 1024.0, 1024.0, 1024.0, 1025.0, 1026.0, 1024.0, 1023.0, 1023.0, 1023.0, 1023.0, 1025.0, 1023.0]

l: 60
Fitness of mutation winner: 1040.0
Crossover offspring real fitness: [1025.0, 1025.0, 1025.0, 1025.0, 1026.0, 1023.0, 1023.0, 1024.0, 1027.0, 1025.0, 1024.0, 1024.0, 1023.0, 1024.0, 1026.0, 1024.0, 1025.0, 1024.0, 1022.0, 1024.0, 1025.0, 1024.0, 1025.0, 1025.0, 1024.0, 1026.0, 1023.0, 1025.0, 1025.0, 1024.0, 1023.0, 1024.0, 1027.0, 1024.0, 1025.0, 1025.0, 1024.0, 1024.0, 1024.0, 1024.0, 1023.0, 1024.0, 1025.0, 1025.0, 1024.0]
Crossover offspring noisy fitness: [1025.0, 1025.0, 1025.0, 1025.0, 1026.0, 1023.0, 1023.0, 1025.0, 1027.0, 1025.0, 1024.0, 1024.0, 1023.0, 1024.0, 1026.0, 1024.0, 1025.0, 1024.0, 1022.0, 1024.0, 1025.0, 1024.0, 1025.0, 1025.0, 1024.0, 1026.0, 1023.0, 1025.0, 1025.0, 1024.0, 1023.0, 1024.0, 1027.0, 1024.0, 1026.0, 1025.0, 1024.0, 1024.0, 1024.0, 1024.0, 1023.0, 1024.0, 1025.0, 1025.0, 1025.0]

l: 48
Fitness of mutation winner: 1040.0
Crossover offspring real fitness: [1023.0, 1023.0, 1026.0, 1024.0, 1023.0, 1025.0, 1027.0, 1024.0, 1024.0, 1024.0, 1024.0, 1025.0, 1024.0, 1025.0, 1027.0, 1024.0, 1023.0, 1025.0, 1025.0, 1026.0, 1024.0, 1026.0, 1026.0, 1024.0, 1024.0, 1023.0, 1027.0, 1023.0, 1025.0, 1024.0, 1026.0, 1025.0, 1023.0, 1024.0, 1026.0, 1024.0, 1025.0, 1024.0, 1025.0, 1025.0, 1024.0, 1025.0, 1023.0, 1024.0, 1026.0]
Crossover offspring noisy fitness: [1023.0, 1022.0, 1026.0, 1024.0, 1023.0, 1025.0, 1027.0, 1024.0, 1024.0, 1024.0, 1024.0, 1025.0, 1024.0, 1025.0, 1027.0, 1024.0, 1023.0, 1024.0, 1025.0, 1026.0, 1024.0, 1026.0, 1026.0, 1024.0, 1023.0, 1023.0, 1027.0, 1023.0, 1025.0, 1024.0, 1026.0, 1025.0, 1023.0, 1024.0, 1026.0, 1024.0, 1025.0, 1024.0, 1025.0, 1025.0, 1024.0, 1025.0, 1023.0, 1025.0, 1026.0]

l: 36
Fitness of mutation winner: 1038.0
Crossover offspring real fitness: [1024.0, 1025.0, 1024.0, 1024.0, 1025.0, 1025.0, 1024.0, 1024.0, 1025.0, 1023.0, 1024.0, 1023.0, 1024.0, 1025.0, 1024.0, 1024.0, 1025.0, 1024.0, 1024.0, 1024.0, 1023.0, 1025.0, 1025.0, 1025.0, 1026.0, 1022.0, 1024.0, 1024.0, 1024.0, 1025.0, 1024.0, 1024.0, 1025.0, 1024.0, 1025.0, 1025.0, 1024.0, 1024.0, 1024.0, 1025.0, 1026.0, 1026.0, 1025.0, 1024.0, 1024.0]
Crossover offspring noisy fitness: [1024.0, 1025.0, 1024.0, 1024.0, 1025.0, 1026.0, 1024.0, 1024.0, 1025.0, 1023.0, 1024.0, 1023.0, 1024.0, 1025.0, 1024.0, 1024.0, 1025.0, 1024.0, 1024.0, 1024.0, 1022.0, 1025.0, 1025.0, 1025.0, 1026.0, 1022.0, 1024.0, 1024.0, 1024.0, 1025.0, 1024.0, 1024.0, 1025.0, 1025.0, 1025.0, 1025.0, 1025.0, 1024.0, 1024.0, 1025.0, 1026.0, 1026.0, 1025.0, 1024.0, 1024.0]

