l: 148
Real fitness of mutation winner: 1058.0
Noisy fitness of mutation winner: 1058.0
Crossover offspring real fitness: [1023.0, 1023.0, 1025.0, 1024.0, 1024.0, 1024.0, 1024.0, 1025.0, 1025.0, 1023.0, 1024.0, 1023.0, 1024.0, 1024.0, 1024.0, 1022.0, 1023.0, 1023.0, 1025.0, 1024.0, 1024.0, 1023.0, 1024.0, 1025.0, 1023.0, 1024.0, 1023.0, 1024.0, 1023.0, 1024.0, 1025.0, 1023.0, 1024.0, 1024.0, 1024.0, 1024.0, 1023.0, 1027.0, 1024.0, 1024.0, 1025.0, 1024.0, 1024.0, 1024.0, 1024.0, 1024.0, 1027.0, 1024.0, 1023.0, 1024.0, 1024.0, 1024.0, 1024.0, 1025.0, 1025.0, 1025.0, 1025.0, 1024.0, 1024.0, 1024.0, 1026.0, 1024.0, 1023.0, 1023.0, 1024.0, 1025.0, 1023.0, 1023.0, 1024.0, 1023.0, 1023.0, 1024.0, 1026.0, 1023.0, 1024.0, 1022.0, 1025.0, 1024.0, 1024.0, 1025.0, 1024.0, 1024.0, 1023.0, 1023.0, 1023.0, 1022.0, 1025.0, 1025.0, 1023.0, 1025.0, 1025.0, 1023.0, 1023.0, 1024.0, 1024.0, 1023.0, 1025.0, 1024.0, 1023.0, 1024.0, 1024.0, 1024.0, 1023.0, 1024.0, 1025.0, 1026.0, 1025.0, 1023.0, 1024.0, 1024.0, 1025.0, 1023.0, 1025.0, 1023.0, 1022.0, 1025.0, 1023.0, 1024.0, 1024.0, 1024.0, 1023.0, 1024.0, 1025.0, 1022.0, 1023.0, 1025.0, 1025.0, 1025.0, 1024.0, 1024.0, 1024.0, 1024.0, 1024.0, 1024.0, 1024.0, 1023.0, 1024.0, 1024.0, 1024.0, 1024.0, 1023.0, 1024.0, 1024.0, 1024.0, 1025.0, 1023.0, 1026.0, 1025.0, 1024.0, 1025.0, 1025.0, 1024.0, 1024.0, 1022.0, 1024.0, 1024.0, 1025.0, 1024.0, 1024.0, 1025.0, 1023.0]
Crossover offspring noisy fitness: [1023.0, 1023.0, 1025.0, 1024.0, 1024.0, 1024.0, 1024.0, 1025.0, 1025.0, 1023.0, 1024.0, 1023.0, 1024.0, 1024.0, 1024.0, 1022.0, 1023.0, 1023.0, 1025.0, 1024.0, 1024.0, 1022.0, 1024.0, 1025.0, 1023.0, 1024.0, 1023.0, 1024.0, 1023.0, 1024.0, 1025.0, 1023.0, 1024.0, 1024.0, 1024.0, 1024.0, 1023.0, 1027.0, 1024.0, 1024.0, 1025.0, 1024.0, 1023.0, 1024.0, 1024.0, 1024.0, 1027.0, 1024.0, 1023.0, 1024.0, 1024.0, 1023.0, 1024.0, 1025.0, 1025.0, 1025.0, 1025.0, 1024.0, 1024.0, 1024.0, 1026.0, 1025.0, 1023.0, 1023.0, 1024.0, 1025.0, 1023.0, 1023.0, 1024.0, 1023.0, 1023.0, 1024.0, 1026.0, 1023.0, 1024.0, 1022.0, 1025.0, 1024.0, 1024.0, 1026.0, 1024.0, 1024.0, 1023.0, 1023.0, 1023.0, 1022.0, 1025.0, 1025.0, 1023.0, 1025.0, 1025.0, 1023.0, 1023.0, 1024.0, 1024.0, 1023.0, 1025.0, 1024.0, 1023.0, 1024.0, 1024.0, 1024.0, 1023.0, 1024.0, 1025.0, 1026.0, 1024.0, 1023.0, 1024.0, 1024.0, 1025.0, 1023.0, 1025.0, 1023.0, 1022.0, 1025.0, 1023.0, 1024.0, 1024.0, 1024.0, 1023.0, 1024.0, 1025.0, 1022.0, 1023.0, 1025.0, 1025.0, 1025.0, 1024.0, 1024.0, 1024.0, 1024.0, 1024.0, 1024.0, 1024.0, 1023.0, 1024.0, 1024.0, 1024.0, 1024.0, 1023.0, 1024.0, 1024.0, 1024.0, 1025.0, 1023.0, 1026.0, 1025.0, 1024.0, 1025.0, 1025.0, 1024.0, 1024.0, 1022.0, 1024.0, 1024.0, 1025.0, 1024.0, 1024.0, 1025.0, 1024.0]

l: 166
Real fitness of mutation winner: 1058.0
Noisy fitness of mutation winner: 1058.0
Crossover offspring real fitness: [1024.0, 1025.0, 1023.0, 1025.0, 1025.0, 1024.0, 1023.0, 1023.0, 1024.0, 1024.0, 1024.0, 1024.0, 1026.0, 1023.0, 1025.0, 1024.0, 1023.0, 1025.0, 1025.0, 1025.0, 1025.0, 1024.0, 1022.0, 1025.0, 1023.0, 1024.0, 1026.0, 1023.0, 1024.0, 1024.0, 1025.0, 1024.0, 1024.0, 1024.0, 1026.0, 1024.0, 1025.0, 1024.0, 1024.0, 1025.0, 1024.0, 1024.0, 1024.0, 1024.0, 1023.0, 1023.0, 1025.0, 1024.0, 1025.0, 1023.0, 1023.0, 1027.0, 1024.0, 1025.0, 1022.0, 1026.0, 1024.0, 1025.0, 1025.0, 1024.0, 1024.0, 1024.0, 1023.0, 1025.0, 1024.0, 1024.0, 1023.0, 1024.0, 1023.0, 1025.0, 1024.0, 1023.0, 1024.0, 1026.0, 1025.0, 1022.0, 1024.0, 1028.0, 1023.0, 1023.0, 1023.0, 1026.0, 1024.0, 1025.0, 1026.0, 1022.0, 1024.0, 1025.0, 1024.0, 1024.0, 1024.0, 1025.0, 1026.0, 1024.0, 1022.0, 1025.0, 1022.0, 1024.0, 1024.0, 1024.0, 1023.0, 1023.0, 1024.0, 1023.0, 1022.0, 1025.0, 1025.0, 1023.0, 1023.0, 1024.0, 1024.0, 1023.0, 1023.0, 1024.0, 1025.0, 1024.0, 1023.0, 1024.0, 1025.0, 1026.0, 1024.0, 1025.0, 1024.0, 1025.0, 1025.0, 1024.0, 1025.0, 1024.0, 1025.0, 1024.0, 1024.0, 1029.0, 1023.0, 1025.0, 1024.0, 1024.0, 1026.0, 1024.0, 1024.0, 1024.0, 1027.0, 1024.0, 1023.0, 1026.0, 1024.0, 1024.0, 1024.0, 1025.0, 1024.0, 1023.0, 1025.0, 1024.0, 1024.0, 1023.0, 1024.0, 1024.0, 1024.0, 1025.0, 1024.0, 1024.0, 1025.0]
Crossover offspring noisy fitness: [1025.0, 1025.0, 1023.0, 1025.0, 1025.0, 1024.0, 1023.0, 1023.0, 1024.0, 1024.0, 1024.0, 1024.0, 1026.0, 1023.0, 1025.0, 1024.0, 1023.0, 1025.0, 1026.0, 1025.0, 1025.0, 1024.0, 1022.0, 1025.0, 1023.0, 1024.0, 1026.0, 1023.0, 1025.0, 1024.0, 1025.0, 1024.0, 1024.0, 1023.0, 1026.0, 1025.0, 1025.0, 1024.0, 1024.0, 1025.0, 1024.0, 1024.0, 1024.0, 1024.0, 1023.0, 1023.0, 1025.0, 1024.0, 1025.0, 1023.0, 1023.0, 1027.0, 1024.0, 1025.0, 1022.0, 1025.0, 1024.0, 1025.0, 1025.0, 1024.0, 1024.0, 1024.0, 1023.0, 1025.0, 1024.0, 1024.0, 1023.0, 1024.0, 1023.0, 1025.0, 1024.0, 1023.0, 1024.0, 1026.0, 1025.0, 1022.0, 1024.0, 1028.0, 1023.0, 1023.0, 1023.0, 1026.0, 1023.0, 1025.0, 1026.0, 1022.0, 1024.0, 1026.0, 1023.0, 1024.0, 1024.0, 1025.0, 1026.0, 1024.0, 1022.0, 1025.0, 1022.0, 1024.0, 1024.0, 1024.0, 1023.0, 1023.0, 1023.0, 1023.0, 1022.0, 1025.0, 1025.0, 1023.0, 1023.0, 1024.0, 1024.0, 1023.0, 1023.0, 1024.0, 1025.0, 1024.0, 1023.0, 1024.0, 1025.0, 1026.0, 1024.0, 1025.0, 1024.0, 1025.0, 1025.0, 1024.0, 1025.0, 1024.0, 1026.0, 1024.0, 1024.0, 1029.0, 1023.0, 1025.0, 1024.0, 1024.0, 1026.0, 1025.0, 1024.0, 1024.0, 1027.0, 1024.0, 1022.0, 1026.0, 1024.0, 1024.0, 1024.0, 1025.0, 1024.0, 1023.0, 1025.0, 1023.0, 1024.0, 1023.0, 1025.0, 1024.0, 1024.0, 1025.0, 1024.0, 1024.0, 1025.0]

l: 171
Real fitness of mutation winner: 1049.0
Noisy fitness of mutation winner: 1049.0
Crossover offspring real fitness: [1023.0, 1025.0, 1025.0, 1023.0, 1024.0, 1025.0, 1023.0, 1024.0, 1026.0, 1024.0, 1025.0, 1022.0, 1024.0, 1022.0, 1024.0, 1024.0, 1024.0, 1024.0, 1024.0, 1023.0, 1025.0, 1026.0, 1024.0, 1025.0, 1026.0, 1024.0, 1024.0, 1025.0, 1023.0, 1024.0, 1025.0, 1024.0, 1024.0, 1024.0, 1023.0, 1024.0, 1027.0, 1024.0, 1025.0, 1025.0, 1025.0, 1024.0, 1022.0, 1026.0, 1024.0, 1025.0, 1023.0, 1024.0, 1022.0, 1024.0, 1024.0, 1024.0, 1024.0, 1023.0, 1024.0, 1025.0, 1025.0, 1024.0, 1024.0, 1024.0, 1024.0, 1025.0, 1024.0, 1023.0, 1025.0, 1024.0, 1023.0, 1025.0, 1025.0, 1024.0, 1024.0, 1024.0, 1025.0, 1024.0, 1024.0, 1023.0, 1025.0, 1024.0, 1026.0, 1025.0, 1023.0, 1024.0, 1025.0, 1023.0, 1026.0, 1025.0, 1025.0, 1025.0, 1025.0, 1023.0, 1028.0, 1024.0, 1024.0, 1025.0, 1024.0, 1024.0, 1024.0, 1025.0, 1025.0, 1023.0, 1022.0, 1024.0, 1023.0, 1024.0, 1022.0, 1025.0, 1024.0, 1026.0, 1025.0, 1024.0, 1024.0, 1026.0, 1024.0, 1024.0, 1025.0, 1023.0, 1025.0, 1025.0, 1024.0, 1024.0, 1025.0, 1024.0, 1024.0, 1024.0, 1025.0, 1023.0, 1025.0, 1023.0, 1024.0, 1025.0, 1024.0, 1024.0, 1024.0, 1025.0, 1026.0, 1023.0, 1023.0, 1024.0, 1024.0, 1024.0, 1024.0, 1023.0, 1024.0, 1024.0, 1025.0, 1025.0, 1024.0, 1024.0, 1025.0, 1023.0, 1024.0, 1023.0, 1026.0, 1025.0, 1024.0, 1022.0, 1025.0, 1024.0, 1024.0, 1025.0, 1023.0]
Crossover offspring noisy fitness: [1023.0, 1025.0, 1025.0, 1023.0, 1024.0, 1025.0, 1023.0, 1024.0, 1026.0, 1024.0, 1025.0, 1022.0, 1024.0, 1022.0, 1024.0, 1024.0, 1024.0, 1024.0, 1024.0, 1023.0, 1025.0, 1026.0, 1024.0, 1025.0, 1026.0, 1024.0, 1024.0, 1025.0, 1023.0, 1025.0, 1024.0, 1024.0, 1024.0, 1024.0, 1023.0, 1024.0, 1027.0, 1024.0, 1025.0, 1026.0, 1026.0, 1024.0, 1022.0, 1026.0, 1024.0, 1024.0, 1023.0, 1024.0, 1022.0, 1024.0, 1024.0, 1024.0, 1024.0, 1023.0, 1023.0, 1025.0, 1025.0, 1024.0, 1024.0, 1024.0, 1024.0, 1025.0, 1024.0, 1023.0, 1025.0, 1024.0, 1023.0, 1025.0, 1025.0, 1024.0, 1024.0, 1024.0, 1025.0, 1024.0, 1024.0, 1023.0, 1025.0, 1024.0, 1026.0, 1025.0, 1023.0, 1024.0, 1025.0, 1023.0, 1026.0, 1025.0, 1025.0, 1025.0, 1025.0, 1023.0, 1028.0, 1024.0, 1024.0, 1025.0, 1024.0, 1024.0, 1024.0, 1025.0, 1025.0, 1023.0, 1023.0, 1024.0, 1023.0, 1024.0, 1022.0, 1025.0, 1024.0, 1026.0, 1025.0, 1024.0, 1024.0, 1027.0, 1024.0, 1024.0, 1025.0, 1023.0, 1025.0, 1025.0, 1024.0, 1024.0, 1025.0, 1024.0, 1024.0, 1024.0, 1025.0, 1023.0, 1025.0, 1023.0, 1024.0, 1025.0, 1024.0, 1024.0, 1024.0, 1025.0, 1026.0, 1023.0, 1023.0, 1024.0, 1024.0, 1024.0, 1024.0, 1023.0, 1024.0, 1024.0, 1025.0, 1025.0, 1024.0, 1023.0, 1025.0, 1023.0, 1024.0, 1023.0, 1026.0, 1025.0, 1024.0, 1021.0, 1025.0, 1024.0, 1024.0, 1025.0, 1022.0]

l: 154
Real fitness of mutation winner: 1056.0
Noisy fitness of mutation winner: 1056.0
Crossover offspring real fitness: [1023.0, 1025.0, 1024.0, 1024.0, 1025.0, 1023.0, 1024.0, 1024.0, 1024.0, 1024.0, 1026.0, 1024.0, 1022.0, 1024.0, 1024.0, 1024.0, 1025.0, 1024.0, 1024.0, 1024.0, 1025.0, 1024.0, 1024.0, 1024.0, 1022.0, 1024.0, 1024.0, 1024.0, 1025.0, 1024.0, 1024.0, 1025.0, 1025.0, 1024.0, 1025.0, 1023.0, 1026.0, 1024.0, 1023.0, 1025.0, 1024.0, 1025.0, 1025.0, 1024.0, 1024.0, 1025.0, 1024.0, 1025.0, 1022.0, 1023.0, 1024.0, 1023.0, 1024.0, 1024.0, 1024.0, 1023.0, 1025.0, 1025.0, 1024.0, 1025.0, 1022.0, 1024.0, 1026.0, 1026.0, 1023.0, 1024.0, 1023.0, 1023.0, 1023.0, 1024.0, 1024.0, 1024.0, 1024.0, 1023.0, 1023.0, 1026.0, 1024.0, 1024.0, 1024.0, 1023.0, 1025.0, 1023.0, 1024.0, 1024.0, 1023.0, 1026.0, 1025.0, 1024.0, 1024.0, 1024.0, 1024.0, 1024.0, 1024.0, 1024.0, 1025.0, 1025.0, 1025.0, 1028.0, 1023.0, 1024.0, 1024.0, 1024.0, 1024.0, 1025.0, 1025.0, 1024.0, 1024.0, 1024.0, 1022.0, 1023.0, 1023.0, 1024.0, 1025.0, 1024.0, 1027.0, 1024.0, 1024.0, 1024.0, 1025.0, 1022.0, 1023.0, 1024.0, 1024.0, 1024.0, 1025.0, 1025.0, 1024.0, 1023.0, 1025.0, 1025.0, 1022.0, 1024.0, 1024.0, 1025.0, 1024.0, 1023.0, 1025.0, 1025.0, 1024.0, 1024.0, 1024.0, 1024.0, 1025.0, 1025.0, 1026.0, 1024.0, 1024.0, 1025.0, 1022.0, 1024.0, 1024.0, 1023.0, 1024.0, 1023.0, 1024.0, 1025.0, 1024.0, 1024.0, 1023.0, 1024.0, 1025.0]
Crossover offspring noisy fitness: [1023.0, 1025.0, 1024.0, 1024.0, 1025.0, 1023.0, 1024.0, 1024.0, 1024.0, 1024.0, 1026.0, 1024.0, 1022.0, 1024.0, 1024.0, 1024.0, 1025.0, 1024.0, 1024.0, 1024.0, 1025.0, 1024.0, 1024.0, 1024.0, 1022.0, 1024.0, 1024.0, 1024.0, 1025.0, 1024.0, 1024.0, 1025.0, 1025.0, 1024.0, 1025.0, 1023.0, 1026.0, 1025.0, 1023.0, 1025.0, 1024.0, 1025.0, 1025.0, 1024.0, 1024.0, 1025.0, 1024.0, 1025.0, 1022.0, 1023.0, 1024.0, 1023.0, 1024.0, 1024.0, 1024.0, 1023.0, 1025.0, 1025.0, 1023.0, 1024.0, 1022.0, 1024.0, 1026.0, 1026.0, 1023.0, 1024.0, 1023.0, 1023.0, 1023.0, 1024.0, 1024.0, 1024.0, 1024.0, 1024.0, 1023.0, 1026.0, 1024.0, 1024.0, 1024.0, 1023.0, 1024.0, 1023.0, 1024.0, 1024.0, 1023.0, 1026.0, 1025.0, 1024.0, 1025.0, 1024.0, 1024.0, 1024.0, 1024.0, 1024.0, 1025.0, 1025.0, 1025.0, 1028.0, 1023.0, 1024.0, 1024.0, 1024.0, 1024.0, 1025.0, 1025.0, 1024.0, 1024.0, 1024.0, 1022.0, 1023.0, 1023.0, 1024.0, 1025.0, 1024.0, 1027.0, 1024.0, 1024.0, 1024.0, 1025.0, 1022.0, 1023.0, 1024.0, 1024.0, 1024.0, 1025.0, 1025.0, 1024.0, 1023.0, 1025.0, 1024.0, 1022.0, 1024.0, 1024.0, 1025.0, 1024.0, 1023.0, 1025.0, 1025.0, 1023.0, 1024.0, 1024.0, 1024.0, 1025.0, 1025.0, 1026.0, 1024.0, 1025.0, 1025.0, 1023.0, 1024.0, 1024.0, 1023.0, 1024.0, 1023.0, 1024.0, 1025.0, 1024.0, 1024.0, 1023.0, 1024.0, 1024.0]

