l: 156
Fitness of mutation winner: 1056.0
Crossover offspring real fitness: [1022.0, 1024.0, 1023.0, 1024.0, 1024.0, 1023.0, 1023.0, 1024.0, 1024.0, 1024.0, 1024.0, 1024.0, 1024.0, 1025.0, 1025.0, 1026.0, 1024.0, 1024.0, 1022.0, 1023.0, 1023.0, 1025.0, 1027.0, 1025.0, 1023.0, 1024.0, 1025.0, 1023.0, 1024.0, 1025.0, 1024.0, 1025.0, 1024.0, 1024.0, 1023.0, 1024.0, 1024.0, 1026.0, 1023.0, 1024.0, 1024.0, 1024.0, 1024.0, 1024.0, 1024.0, 1024.0, 1026.0, 1024.0, 1024.0, 1023.0, 1023.0, 1024.0, 1023.0, 1025.0, 1023.0, 1024.0, 1023.0, 1023.0, 1024.0, 1024.0, 1025.0, 1025.0, 1026.0, 1027.0, 1025.0, 1024.0, 1024.0, 1023.0, 1024.0, 1023.0, 1023.0, 1024.0, 1024.0, 1024.0, 1025.0, 1024.0, 1024.0, 1024.0, 1023.0, 1024.0, 1026.0, 1024.0, 1024.0, 1025.0, 1025.0, 1024.0, 1024.0, 1025.0, 1024.0, 1023.0, 1024.0, 1022.0, 1027.0, 1024.0, 1024.0, 1024.0, 1025.0, 1024.0, 1024.0, 1024.0, 1025.0, 1024.0, 1027.0, 1025.0, 1024.0, 1023.0, 1026.0, 1024.0, 1026.0, 1025.0, 1023.0, 1026.0, 1026.0, 1022.0, 1025.0, 1024.0, 1024.0, 1026.0, 1024.0, 1024.0, 1024.0, 1025.0, 1023.0, 1024.0, 1024.0, 1025.0, 1024.0, 1024.0, 1025.0, 1022.0, 1023.0, 1024.0, 1023.0, 1024.0, 1025.0, 1025.0, 1024.0, 1023.0, 1025.0, 1024.0, 1022.0, 1025.0, 1025.0, 1025.0, 1025.0, 1024.0, 1023.0, 1025.0, 1024.0, 1025.0, 1024.0, 1025.0, 1024.0, 1024.0, 1024.0, 1024.0, 1022.0, 1024.0, 1025.0, 1023.0, 1025.0]
Crossover offspring noisy fitness: [1022.0, 1024.0, 1023.0, 1024.0, 1024.0, 1023.0, 1023.0, 1024.0, 1024.0, 1024.0, 1024.0, 1024.0, 1024.0, 1025.0, 1025.0, 1026.0, 1024.0, 1025.0, 1022.0, 1023.0, 1023.0, 1025.0, 1027.0, 1025.0, 1023.0, 1024.0, 1025.0, 1023.0, 1024.0, 1025.0, 1024.0, 1025.0, 1023.0, 1024.0, 1023.0, 1024.0, 1024.0, 1026.0, 1023.0, 1024.0, 1024.0, 1024.0, 1024.0, 1024.0, 1024.0, 1024.0, 1026.0, 1024.0, 1024.0, 1023.0, 1023.0, 1024.0, 1023.0, 1026.0, 1023.0, 1024.0, 1023.0, 1023.0, 1024.0, 1024.0, 1025.0, 1025.0, 1026.0, 1027.0, 1025.0, 1024.0, 1024.0, 1023.0, 1024.0, 1023.0, 1023.0, 1024.0, 1024.0, 1024.0, 1025.0, 1024.0, 1024.0, 1024.0, 1023.0, 1024.0, 1026.0, 1024.0, 1024.0, 1025.0, 1025.0, 1024.0, 1024.0, 1025.0, 1025.0, 1023.0, 1024.0, 1022.0, 1027.0, 1024.0, 1024.0, 1024.0, 1025.0, 1024.0, 1024.0, 1024.0, 1025.0, 1024.0, 1027.0, 1025.0, 1024.0, 1023.0, 1025.0, 1024.0, 1026.0, 1025.0, 1023.0, 1026.0, 1026.0, 1022.0, 1025.0, 1024.0, 1024.0, 1026.0, 1024.0, 1024.0, 1024.0, 1025.0, 1023.0, 1024.0, 1024.0, 1025.0, 1024.0, 1024.0, 1025.0, 1022.0, 1023.0, 1024.0, 1023.0, 1024.0, 1025.0, 1026.0, 1024.0, 1023.0, 1025.0, 1024.0, 1022.0, 1025.0, 1025.0, 1024.0, 1025.0, 1024.0, 1023.0, 1025.0, 1024.0, 1025.0, 1024.0, 1025.0, 1024.0, 1025.0, 1024.0, 1024.0, 1022.0, 1024.0, 1025.0, 1023.0, 1025.0]

l: 184
Fitness of mutation winner: 1068.0
Crossover offspring real fitness: [1025.0, 1025.0, 1024.0, 1024.0, 1024.0, 1025.0, 1025.0, 1024.0, 1023.0, 1024.0, 1024.0, 1025.0, 1024.0, 1026.0, 1025.0, 1023.0, 1025.0, 1026.0, 1025.0, 1025.0, 1026.0, 1025.0, 1024.0, 1024.0, 1024.0, 1024.0, 1023.0, 1024.0, 1025.0, 1024.0, 1025.0, 1025.0, 1024.0, 1024.0, 1027.0, 1023.0, 1027.0, 1025.0, 1024.0, 1024.0, 1024.0, 1023.0, 1026.0, 1026.0, 1024.0, 1025.0, 1024.0, 1024.0, 1024.0, 1024.0, 1024.0, 1024.0, 1025.0, 1023.0, 1024.0, 1023.0, 1026.0, 1025.0, 1024.0, 1024.0, 1024.0, 1024.0, 1024.0, 1024.0, 1025.0, 1024.0, 1023.0, 1024.0, 1024.0, 1026.0, 1026.0, 1024.0, 1024.0, 1024.0, 1023.0, 1024.0, 1024.0, 1026.0, 1023.0, 1023.0, 1026.0, 1026.0, 1025.0, 1024.0, 1022.0, 1025.0, 1023.0, 1023.0, 1024.0, 1024.0, 1024.0, 1027.0, 1024.0, 1022.0, 1024.0, 1025.0, 1026.0, 1023.0, 1024.0, 1025.0, 1026.0, 1024.0, 1025.0, 1025.0, 1024.0, 1024.0, 1025.0, 1023.0, 1024.0, 1024.0, 1022.0, 1024.0, 1024.0, 1025.0, 1026.0, 1025.0, 1024.0, 1024.0, 1026.0, 1023.0, 1025.0, 1025.0, 1023.0, 1025.0, 1024.0, 1023.0, 1026.0, 1024.0, 1022.0, 1027.0, 1026.0, 1024.0, 1024.0, 1024.0, 1024.0, 1023.0, 1025.0, 1027.0, 1025.0, 1025.0, 1024.0, 1025.0, 1024.0, 1023.0, 1025.0, 1026.0, 1026.0, 1024.0, 1025.0, 1024.0, 1023.0, 1025.0, 1022.0, 1026.0, 1024.0, 1025.0, 1024.0, 1025.0, 1024.0, 1025.0, 1022.0]
Crossover offspring noisy fitness: [1025.0, 1025.0, 1024.0, 1024.0, 1024.0, 1025.0, 1025.0, 1024.0, 1023.0, 1024.0, 1024.0, 1025.0, 1024.0, 1026.0, 1025.0, 1023.0, 1025.0, 1026.0, 1025.0, 1025.0, 1026.0, 1025.0, 1024.0, 1024.0, 1024.0, 1024.0, 1023.0, 1024.0, 1025.0, 1024.0, 1025.0, 1025.0, 1024.0, 1024.0, 1027.0, 1023.0, 1027.0, 1024.0, 1024.0, 1024.0, 1024.0, 1023.0, 1026.0, 1026.0, 1024.0, 1025.0, 1024.0, 1024.0, 1024.0, 1024.0, 1024.0, 1024.0, 1025.0, 1023.0, 1024.0, 1023.0, 1026.0, 1025.0, 1024.0, 1024.0, 1023.0, 1024.0, 1024.0, 1024.0, 1025.0, 1024.0, 1023.0, 1024.0, 1024.0, 1026.0, 1026.0, 1024.0, 1024.0, 1024.0, 1023.0, 1024.0, 1024.0, 1026.0, 1023.0, 1023.0, 1026.0, 1026.0, 1025.0, 1024.0, 1022.0, 1025.0, 1023.0, 1023.0, 1024.0, 1023.0, 1024.0, 1027.0, 1023.0, 1022.0, 1024.0, 1025.0, 1027.0, 1023.0, 1024.0, 1025.0, 1026.0, 1024.0, 1025.0, 1025.0, 1024.0, 1024.0, 1025.0, 1023.0, 1024.0, 1024.0, 1022.0, 1024.0, 1024.0, 1025.0, 1026.0, 1025.0, 1024.0, 1024.0, 1026.0, 1023.0, 1025.0, 1025.0, 1024.0, 1025.0, 1024.0, 1023.0, 1026.0, 1024.0, 1022.0, 1027.0, 1026.0, 1023.0, 1024.0, 1024.0, 1023.0, 1023.0, 1025.0, 1027.0, 1025.0, 1025.0, 1024.0, 1025.0, 1024.0, 1023.0, 1025.0, 1026.0, 1026.0, 1024.0, 1025.0, 1024.0, 1023.0, 1025.0, 1022.0, 1026.0, 1024.0, 1025.0, 1024.0, 1025.0, 1024.0, 1025.0, 1022.0]

l: 116
Fitness of mutation winner: 1050.0
Crossover offspring real fitness: [1024.0, 1026.0, 1024.0, 1024.0, 1024.0, 1024.0, 1024.0, 1026.0, 1024.0, 1026.0, 1025.0, 1024.0, 1023.0, 1024.0, 1023.0, 1024.0, 1023.0, 1024.0, 1024.0, 1025.0, 1025.0, 1023.0, 1025.0, 1024.0, 1027.0, 1024.0, 1025.0, 1024.0, 1025.0, 1024.0, 1025.0, 1025.0, 1024.0, 1025.0, 1024.0, 1025.0, 1024.0, 1024.0, 1026.0, 1024.0, 1025.0, 1025.0, 1024.0, 1024.0, 1024.0, 1023.0, 1024.0, 1023.0, 1023.0, 1024.0, 1024.0, 1025.0, 1024.0, 1026.0, 1024.0, 1023.0, 1024.0, 1025.0, 1024.0, 1023.0, 1025.0, 1026.0, 1025.0, 1023.0, 1024.0, 1024.0, 1023.0, 1025.0, 1024.0, 1024.0, 1024.0, 1024.0, 1023.0, 1024.0, 1024.0, 1024.0, 1024.0, 1024.0, 1024.0, 1024.0, 1023.0, 1026.0, 1025.0, 1024.0, 1023.0, 1024.0, 1023.0, 1025.0, 1027.0, 1025.0, 1026.0, 1024.0, 1024.0, 1024.0, 1024.0, 1025.0, 1024.0, 1024.0, 1025.0, 1024.0, 1023.0, 1024.0, 1024.0, 1024.0, 1024.0, 1024.0, 1025.0, 1027.0, 1024.0, 1025.0, 1024.0, 1025.0, 1024.0, 1025.0, 1023.0, 1023.0, 1024.0, 1023.0, 1025.0, 1024.0, 1025.0, 1025.0, 1025.0, 1024.0, 1025.0, 1024.0, 1024.0, 1023.0, 1026.0, 1023.0, 1025.0, 1024.0, 1025.0, 1026.0, 1025.0, 1025.0, 1024.0, 1025.0, 1023.0, 1023.0, 1025.0, 1024.0, 1024.0, 1024.0, 1024.0, 1024.0, 1023.0, 1025.0, 1027.0, 1024.0, 1023.0, 1027.0, 1024.0, 1024.0, 1024.0, 1024.0, 1025.0, 1026.0, 1024.0, 1023.0, 1025.0]
Crossover offspring noisy fitness: [1024.0, 1026.0, 1024.0, 1024.0, 1024.0, 1024.0, 1024.0, 1026.0, 1024.0, 1026.0, 1024.0, 1024.0, 1023.0, 1024.0, 1023.0, 1024.0, 1023.0, 1024.0, 1023.0, 1026.0, 1024.0, 1023.0, 1025.0, 1024.0, 1026.0, 1024.0, 1025.0, 1023.0, 1025.0, 1024.0, 1025.0, 1025.0, 1024.0, 1025.0, 1024.0, 1025.0, 1024.0, 1024.0, 1026.0, 1024.0, 1025.0, 1025.0, 1024.0, 1024.0, 1024.0, 1024.0, 1024.0, 1023.0, 1023.0, 1024.0, 1024.0, 1025.0, 1024.0, 1026.0, 1024.0, 1023.0, 1024.0, 1025.0, 1024.0, 1023.0, 1025.0, 1026.0, 1025.0, 1023.0, 1024.0, 1024.0, 1023.0, 1025.0, 1024.0, 1024.0, 1024.0, 1024.0, 1023.0, 1024.0, 1024.0, 1024.0, 1024.0, 1024.0, 1024.0, 1024.0, 1023.0, 1026.0, 1025.0, 1024.0, 1023.0, 1024.0, 1023.0, 1025.0, 1027.0, 1025.0, 1026.0, 1024.0, 1024.0, 1024.0, 1024.0, 1025.0, 1024.0, 1024.0, 1025.0, 1024.0, 1023.0, 1024.0, 1024.0, 1024.0, 1025.0, 1024.0, 1025.0, 1027.0, 1023.0, 1025.0, 1024.0, 1025.0, 1023.0, 1026.0, 1023.0, 1023.0, 1024.0, 1023.0, 1025.0, 1024.0, 1025.0, 1025.0, 1025.0, 1024.0, 1025.0, 1024.0, 1024.0, 1023.0, 1026.0, 1023.0, 1025.0, 1024.0, 1025.0, 1026.0, 1025.0, 1025.0, 1024.0, 1025.0, 1023.0, 1023.0, 1025.0, 1024.0, 1024.0, 1024.0, 1024.0, 1024.0, 1023.0, 1025.0, 1027.0, 1024.0, 1023.0, 1027.0, 1024.0, 1024.0, 1024.0, 1024.0, 1025.0, 1026.0, 1024.0, 1023.0, 1025.0]

l: 164
Fitness of mutation winner: 1060.0
Crossover offspring real fitness: [1024.0, 1025.0, 1024.0, 1024.0, 1024.0, 1024.0, 1024.0, 1024.0, 1024.0, 1023.0, 1024.0, 1024.0, 1025.0, 1023.0, 1024.0, 1024.0, 1026.0, 1024.0, 1024.0, 1025.0, 1024.0, 1025.0, 1024.0, 1024.0, 1026.0, 1023.0, 1025.0, 1026.0, 1024.0, 1024.0, 1025.0, 1024.0, 1024.0, 1024.0, 1025.0, 1025.0, 1022.0, 1024.0, 1025.0, 1026.0, 1023.0, 1024.0, 1024.0, 1023.0, 1025.0, 1023.0, 1023.0, 1024.0, 1024.0, 1024.0, 1023.0, 1023.0, 1025.0, 1024.0, 1025.0, 1025.0, 1023.0, 1023.0, 1022.0, 1026.0, 1025.0, 1025.0, 1025.0, 1024.0, 1024.0, 1024.0, 1025.0, 1024.0, 1024.0, 1024.0, 1023.0, 1023.0, 1024.0, 1023.0, 1025.0, 1025.0, 1024.0, 1026.0, 1025.0, 1025.0, 1025.0, 1023.0, 1025.0, 1023.0, 1022.0, 1023.0, 1024.0, 1024.0, 1024.0, 1023.0, 1024.0, 1025.0, 1024.0, 1023.0, 1025.0, 1025.0, 1024.0, 1023.0, 1025.0, 1024.0, 1024.0, 1022.0, 1025.0, 1024.0, 1024.0, 1024.0, 1026.0, 1023.0, 1022.0, 1024.0, 1024.0, 1024.0, 1026.0, 1023.0, 1024.0, 1024.0, 1023.0, 1025.0, 1023.0, 1024.0, 1025.0, 1026.0, 1024.0, 1024.0, 1025.0, 1022.0, 1025.0, 1024.0, 1023.0, 1024.0, 1025.0, 1025.0, 1025.0, 1024.0, 1025.0, 1026.0, 1026.0, 1023.0, 1025.0, 1024.0, 1023.0, 1023.0, 1023.0, 1024.0, 1024.0, 1025.0, 1025.0, 1024.0, 1025.0, 1024.0, 1025.0, 1024.0, 1024.0, 1024.0, 1024.0, 1025.0, 1022.0, 1026.0, 1024.0, 1025.0, 1026.0]
Crossover offspring noisy fitness: [1024.0, 1025.0, 1024.0, 1024.0, 1024.0, 1024.0, 1024.0, 1024.0, 1024.0, 1023.0, 1024.0, 1024.0, 1025.0, 1024.0, 1024.0, 1024.0, 1026.0, 1024.0, 1024.0, 1025.0, 1024.0, 1025.0, 1024.0, 1024.0, 1025.0, 1023.0, 1025.0, 1026.0, 1024.0, 1024.0, 1025.0, 1024.0, 1024.0, 1024.0, 1025.0, 1025.0, 1022.0, 1024.0, 1025.0, 1026.0, 1023.0, 1024.0, 1024.0, 1023.0, 1024.0, 1023.0, 1023.0, 1024.0, 1024.0, 1024.0, 1023.0, 1023.0, 1025.0, 1024.0, 1025.0, 1025.0, 1023.0, 1023.0, 1022.0, 1026.0, 1025.0, 1025.0, 1025.0, 1024.0, 1024.0, 1024.0, 1025.0, 1024.0, 1024.0, 1024.0, 1023.0, 1023.0, 1024.0, 1023.0, 1025.0, 1025.0, 1024.0, 1026.0, 1025.0, 1025.0, 1025.0, 1023.0, 1025.0, 1023.0, 1022.0, 1024.0, 1024.0, 1024.0, 1024.0, 1023.0, 1024.0, 1025.0, 1024.0, 1023.0, 1025.0, 1025.0, 1024.0, 1023.0, 1025.0, 1024.0, 1024.0, 1022.0, 1025.0, 1024.0, 1024.0, 1024.0, 1026.0, 1023.0, 1022.0, 1024.0, 1024.0, 1024.0, 1026.0, 1023.0, 1024.0, 1024.0, 1023.0, 1025.0, 1023.0, 1025.0, 1025.0, 1026.0, 1024.0, 1024.0, 1025.0, 1022.0, 1025.0, 1024.0, 1023.0, 1024.0, 1025.0, 1025.0, 1025.0, 1024.0, 1025.0, 1026.0, 1025.0, 1023.0, 1025.0, 1023.0, 1023.0, 1023.0, 1023.0, 1024.0, 1024.0, 1025.0, 1026.0, 1024.0, 1025.0, 1024.0, 1025.0, 1024.0, 1024.0, 1024.0, 1024.0, 1024.0, 1022.0, 1026.0, 1024.0, 1025.0, 1026.0]

