l: 141
Real fitness of mutation winner: 1051.0
Noisy fitness of mutation winner: 1051.0
Crossover offspring real fitness: [1023.0, 1024.0, 1023.0, 1024.0, 1024.0, 1023.0, 1025.0, 1023.0, 1024.0, 1024.0, 1025.0, 1024.0, 1024.0, 1025.0, 1023.0, 1026.0, 1024.0, 1024.0, 1024.0, 1022.0, 1024.0, 1024.0, 1023.0, 1023.0, 1024.0, 1025.0, 1024.0, 1024.0, 1025.0, 1024.0, 1024.0, 1025.0, 1023.0, 1025.0, 1024.0, 1023.0, 1022.0, 1023.0, 1025.0, 1026.0, 1022.0, 1025.0, 1023.0, 1024.0, 1023.0, 1025.0, 1025.0, 1024.0, 1023.0, 1024.0, 1024.0, 1024.0, 1023.0, 1024.0, 1024.0, 1024.0, 1023.0, 1024.0, 1024.0, 1024.0, 1024.0, 1023.0, 1024.0, 1026.0, 1025.0, 1024.0, 1025.0, 1024.0, 1023.0, 1024.0, 1024.0, 1024.0, 1024.0, 1024.0, 1025.0, 1024.0, 1026.0, 1024.0, 1023.0, 1024.0, 1024.0, 1024.0, 1024.0, 1024.0, 1026.0, 1024.0, 1025.0, 1024.0, 1023.0, 1024.0, 1024.0, 1024.0, 1024.0, 1023.0, 1024.0, 1025.0, 1024.0, 1024.0, 1024.0, 1024.0, 1025.0, 1024.0, 1026.0, 1024.0, 1024.0, 1024.0, 1024.0, 1023.0, 1023.0, 1026.0, 1024.0, 1024.0, 1023.0, 1023.0, 1025.0, 1026.0, 1025.0, 1024.0, 1024.0, 1024.0, 1026.0, 1023.0, 1023.0, 1024.0, 1024.0, 1026.0, 1024.0, 1024.0, 1024.0, 1025.0, 1022.0, 1024.0, 1023.0, 1023.0, 1024.0, 1023.0, 1024.0, 1024.0, 1024.0, 1024.0, 1024.0, 1025.0, 1025.0, 1024.0, 1025.0, 1025.0, 1024.0, 1024.0, 1024.0, 1025.0, 1023.0, 1023.0, 1025.0, 1023.0, 1023.0, 1024.0, 1025.0, 1024.0, 1025.0, 1027.0, 1024.0]
Crossover offspring noisy fitness: [1023.0, 1024.0, 1023.0, 1024.0, 1024.0, 1023.0, 1025.0, 1023.0, 1024.0, 1024.0, 1025.0, 1024.0, 1024.0, 1025.0, 1023.0, 1026.0, 1024.0, 1024.0, 1024.0, 1022.0, 1024.0, 1024.0, 1023.0, 1023.0, 1024.0, 1025.0, 1024.0, 1024.0, 1025.0, 1024.0, 1024.0, 1025.0, 1023.0, 1025.0, 1024.0, 1023.0, 1022.0, 1023.0, 1024.0, 1025.0, 1022.0, 1025.0, 1023.0, 1024.0, 1023.0, 1025.0, 1025.0, 1023.0, 1023.0, 1024.0, 1024.0, 1024.0, 1023.0, 1024.0, 1024.0, 1024.0, 1023.0, 1024.0, 1024.0, 1024.0, 1024.0, 1023.0, 1024.0, 1026.0, 1025.0, 1024.0, 1025.0, 1024.0, 1023.0, 1024.0, 1024.0, 1024.0, 1024.0, 1024.0, 1025.0, 1024.0, 1025.0, 1024.0, 1023.0, 1024.0, 1024.0, 1024.0, 1024.0, 1024.0, 1026.0, 1024.0, 1025.0, 1024.0, 1023.0, 1024.0, 1024.0, 1024.0, 1024.0, 1023.0, 1024.0, 1025.0, 1024.0, 1024.0, 1024.0, 1024.0, 1025.0, 1024.0, 1026.0, 1024.0, 1024.0, 1024.0, 1024.0, 1023.0, 1023.0, 1026.0, 1024.0, 1024.0, 1023.0, 1023.0, 1025.0, 1026.0, 1025.0, 1024.0, 1024.0, 1024.0, 1026.0, 1023.0, 1023.0, 1024.0, 1024.0, 1026.0, 1024.0, 1024.0, 1024.0, 1025.0, 1022.0, 1024.0, 1023.0, 1023.0, 1024.0, 1023.0, 1024.0, 1024.0, 1024.0, 1024.0, 1024.0, 1025.0, 1025.0, 1024.0, 1025.0, 1025.0, 1024.0, 1024.0, 1024.0, 1025.0, 1023.0, 1023.0, 1025.0, 1023.0, 1024.0, 1024.0, 1025.0, 1024.0, 1025.0, 1027.0, 1024.0]
Is bad individual winner: 0

l: 161
Real fitness of mutation winner: 1055.0
Noisy fitness of mutation winner: 1055.0
Crossover offspring real fitness: [1027.0, 1024.0, 1024.0, 1024.0, 1025.0, 1024.0, 1024.0, 1023.0, 1023.0, 1023.0, 1022.0, 1024.0, 1024.0, 1026.0, 1028.0, 1024.0, 1026.0, 1024.0, 1024.0, 1027.0, 1023.0, 1025.0, 1024.0, 1023.0, 1024.0, 1023.0, 1023.0, 1024.0, 1024.0, 1025.0, 1023.0, 1024.0, 1025.0, 1023.0, 1025.0, 1024.0, 1025.0, 1025.0, 1023.0, 1025.0, 1026.0, 1023.0, 1026.0, 1024.0, 1025.0, 1025.0, 1024.0, 1025.0, 1025.0, 1026.0, 1024.0, 1024.0, 1024.0, 1025.0, 1028.0, 1022.0, 1023.0, 1024.0, 1021.0, 1024.0, 1024.0, 1025.0, 1023.0, 1025.0, 1024.0, 1026.0, 1025.0, 1025.0, 1027.0, 1025.0, 1024.0, 1024.0, 1023.0, 1023.0, 1025.0, 1023.0, 1026.0, 1024.0, 1024.0, 1025.0, 1025.0, 1024.0, 1024.0, 1025.0, 1024.0, 1025.0, 1027.0, 1024.0, 1024.0, 1025.0, 1025.0, 1026.0, 1024.0, 1025.0, 1024.0, 1026.0, 1024.0, 1025.0, 1025.0, 1024.0, 1024.0, 1024.0, 1024.0, 1023.0, 1024.0, 1024.0, 1026.0, 1024.0, 1023.0, 1024.0, 1024.0, 1023.0, 1024.0, 1026.0, 1025.0, 1025.0, 1025.0, 1024.0, 1024.0, 1025.0, 1025.0, 1024.0, 1025.0, 1024.0, 1023.0, 1026.0, 1024.0, 1023.0, 1026.0, 1025.0, 1027.0, 1025.0, 1024.0, 1023.0, 1024.0, 1024.0, 1024.0, 1022.0, 1024.0, 1026.0, 1025.0, 1024.0, 1023.0, 1025.0, 1024.0, 1024.0, 1024.0, 1024.0, 1024.0, 1024.0, 1024.0, 1024.0, 1026.0, 1023.0, 1026.0, 1024.0, 1025.0, 1024.0, 1024.0, 1026.0, 1024.0]
Crossover offspring noisy fitness: [1027.0, 1024.0, 1024.0, 1024.0, 1025.0, 1024.0, 1025.0, 1023.0, 1023.0, 1023.0, 1022.0, 1024.0, 1024.0, 1026.0, 1028.0, 1024.0, 1026.0, 1024.0, 1024.0, 1027.0, 1023.0, 1025.0, 1025.0, 1023.0, 1024.0, 1023.0, 1023.0, 1024.0, 1024.0, 1025.0, 1023.0, 1025.0, 1025.0, 1023.0, 1025.0, 1024.0, 1025.0, 1025.0, 1023.0, 1025.0, 1026.0, 1023.0, 1026.0, 1024.0, 1025.0, 1025.0, 1024.0, 1025.0, 1025.0, 1026.0, 1024.0, 1024.0, 1024.0, 1025.0, 1028.0, 1022.0, 1023.0, 1024.0, 1021.0, 1024.0, 1024.0, 1025.0, 1023.0, 1025.0, 1024.0, 1025.0, 1025.0, 1025.0, 1027.0, 1025.0, 1024.0, 1024.0, 1023.0, 1023.0, 1025.0, 1023.0, 1026.0, 1024.0, 1024.0, 1025.0, 1025.0, 1024.0, 1023.0, 1025.0, 1024.0, 1025.0, 1027.0, 1024.0, 1024.0, 1025.0, 1025.0, 1026.0, 1024.0, 1025.0, 1024.0, 1026.0, 1024.0, 1025.0, 1025.0, 1024.0, 1024.0, 1024.0, 1024.0, 1023.0, 1024.0, 1024.0, 1026.0, 1024.0, 1023.0, 1024.0, 1024.0, 1023.0, 1024.0, 1026.0, 1025.0, 1025.0, 1025.0, 1024.0, 1024.0, 1026.0, 1025.0, 1024.0, 1025.0, 1024.0, 1023.0, 1026.0, 1024.0, 1023.0, 1026.0, 1025.0, 1027.0, 1025.0, 1024.0, 1023.0, 1024.0, 1024.0, 1024.0, 1022.0, 1024.0, 1026.0, 1025.0, 1024.0, 1023.0, 1025.0, 1024.0, 1024.0, 1024.0, 1024.0, 1024.0, 1024.0, 1024.0, 1024.0, 1024.0, 1023.0, 1026.0, 1024.0, 1025.0, 1024.0, 1024.0, 1026.0, 1024.0]
Is bad individual winner: 0

l: 147
Real fitness of mutation winner: 1049.0
Noisy fitness of mutation winner: 1049.0
Crossover offspring real fitness: [1024.0, 1026.0, 1025.0, 1024.0, 1025.0, 1023.0, 1024.0, 1025.0, 1025.0, 1024.0, 1022.0, 1025.0, 1024.0, 1024.0, 1023.0, 1026.0, 1023.0, 1024.0, 1026.0, 1024.0, 1024.0, 1024.0, 1025.0, 1024.0, 1025.0, 1024.0, 1024.0, 1024.0, 1024.0, 1024.0, 1024.0, 1024.0, 1025.0, 1026.0, 1023.0, 1025.0, 1025.0, 1023.0, 1023.0, 1024.0, 1024.0, 1023.0, 1024.0, 1024.0, 1022.0, 1025.0, 1024.0, 1025.0, 1025.0, 1026.0, 1024.0, 1025.0, 1025.0, 1024.0, 1024.0, 1024.0, 1025.0, 1025.0, 1023.0, 1023.0, 1023.0, 1024.0, 1024.0, 1024.0, 1024.0, 1023.0, 1025.0, 1025.0, 1024.0, 1025.0, 1024.0, 1023.0, 1025.0, 1024.0, 1024.0, 1024.0, 1025.0, 1025.0, 1022.0, 1025.0, 1024.0, 1023.0, 1026.0, 1024.0, 1024.0, 1026.0, 1023.0, 1024.0, 1024.0, 1024.0, 1024.0, 1024.0, 1023.0, 1024.0, 1024.0, 1024.0, 1023.0, 1026.0, 1025.0, 1023.0, 1023.0, 1023.0, 1023.0, 1023.0, 1025.0, 1024.0, 1024.0, 1024.0, 1025.0, 1024.0, 1024.0, 1025.0, 1025.0, 1023.0, 1025.0, 1024.0, 1025.0, 1024.0, 1025.0, 1024.0, 1024.0, 1024.0, 1023.0, 1025.0, 1025.0, 1024.0, 1024.0, 1023.0, 1025.0, 1024.0, 1025.0, 1025.0, 1022.0, 1024.0, 1024.0, 1024.0, 1024.0, 1024.0, 1023.0, 1024.0, 1024.0, 1023.0, 1024.0, 1024.0, 1023.0, 1023.0, 1022.0, 1023.0, 1025.0, 1026.0, 1024.0, 1024.0, 1025.0, 1024.0, 1023.0, 1024.0, 1023.0, 1024.0, 1024.0, 1023.0, 1024.0]
Crossover offspring noisy fitness: [1024.0, 1026.0, 1024.0, 1024.0, 1025.0, 1023.0, 1024.0, 1025.0, 1025.0, 1024.0, 1022.0, 1025.0, 1024.0, 1024.0, 1023.0, 1026.0, 1023.0, 1024.0, 1026.0, 1024.0, 1024.0, 1024.0, 1025.0, 1024.0, 1025.0, 1024.0, 1024.0, 1024.0, 1024.0, 1024.0, 1024.0, 1024.0, 1025.0, 1026.0, 1023.0, 1025.0, 1025.0, 1023.0, 1023.0, 1024.0, 1025.0, 1023.0, 1024.0, 1024.0, 1022.0, 1025.0, 1024.0, 1025.0, 1025.0, 1026.0, 1024.0, 1025.0, 1025.0, 1024.0, 1024.0, 1024.0, 1025.0, 1025.0, 1023.0, 1023.0, 1023.0, 1024.0, 1024.0, 1024.0, 1024.0, 1023.0, 1025.0, 1025.0, 1024.0, 1025.0, 1024.0, 1023.0, 1025.0, 1024.0, 1024.0, 1024.0, 1025.0, 1025.0, 1022.0, 1025.0, 1024.0, 1023.0, 1026.0, 1024.0, 1024.0, 1026.0, 1023.0, 1024.0, 1024.0, 1024.0, 1024.0, 1024.0, 1023.0, 1024.0, 1024.0, 1023.0, 1023.0, 1026.0, 1025.0, 1023.0, 1023.0, 1022.0, 1023.0, 1023.0, 1025.0, 1024.0, 1024.0, 1024.0, 1025.0, 1024.0, 1024.0, 1025.0, 1024.0, 1023.0, 1025.0, 1024.0, 1025.0, 1024.0, 1025.0, 1024.0, 1024.0, 1024.0, 1023.0, 1025.0, 1025.0, 1023.0, 1024.0, 1023.0, 1025.0, 1024.0, 1025.0, 1025.0, 1022.0, 1024.0, 1024.0, 1024.0, 1024.0, 1023.0, 1024.0, 1024.0, 1023.0, 1023.0, 1024.0, 1024.0, 1023.0, 1023.0, 1022.0, 1023.0, 1025.0, 1026.0, 1024.0, 1024.0, 1025.0, 1024.0, 1023.0, 1024.0, 1023.0, 1024.0, 1024.0, 1023.0, 1024.0]
Is bad individual winner: 0

l: 144
Real fitness of mutation winner: 1056.0
Noisy fitness of mutation winner: 1056.0
Crossover offspring real fitness: [1023.0, 1022.0, 1025.0, 1024.0, 1024.0, 1024.0, 1025.0, 1024.0, 1024.0, 1023.0, 1024.0, 1024.0, 1024.0, 1024.0, 1025.0, 1025.0, 1025.0, 1024.0, 1024.0, 1026.0, 1024.0, 1024.0, 1025.0, 1024.0, 1024.0, 1025.0, 1024.0, 1024.0, 1025.0, 1024.0, 1024.0, 1024.0, 1025.0, 1025.0, 1025.0, 1024.0, 1024.0, 1025.0, 1025.0, 1026.0, 1023.0, 1025.0, 1026.0, 1026.0, 1025.0, 1025.0, 1026.0, 1024.0, 1023.0, 1025.0, 1024.0, 1027.0, 1025.0, 1024.0, 1024.0, 1025.0, 1024.0, 1025.0, 1025.0, 1025.0, 1025.0, 1025.0, 1024.0, 1026.0, 1025.0, 1025.0, 1024.0, 1024.0, 1025.0, 1024.0, 1024.0, 1023.0, 1024.0, 1028.0, 1025.0, 1024.0, 1024.0, 1025.0, 1024.0, 1024.0, 1026.0, 1025.0, 1026.0, 1025.0, 1024.0, 1025.0, 1024.0, 1023.0, 1025.0, 1024.0, 1024.0, 1024.0, 1023.0, 1024.0, 1023.0, 1026.0, 1025.0, 1025.0, 1024.0, 1027.0, 1024.0, 1024.0, 1023.0, 1025.0, 1024.0, 1024.0, 1025.0, 1024.0, 1024.0, 1024.0, 1026.0, 1025.0, 1024.0, 1024.0, 1025.0, 1023.0, 1025.0, 1024.0, 1025.0, 1025.0, 1024.0, 1023.0, 1024.0, 1024.0, 1024.0, 1024.0, 1024.0, 1025.0, 1025.0, 1025.0, 1023.0, 1025.0, 1024.0, 1024.0, 1025.0, 1026.0, 1023.0, 1024.0, 1024.0, 1025.0, 1024.0, 1023.0, 1024.0, 1023.0, 1023.0, 1023.0, 1025.0, 1024.0, 1028.0, 1025.0, 1026.0, 1024.0, 1024.0, 1025.0, 1026.0, 1023.0, 1024.0, 1024.0, 1024.0, 1024.0, 1023.0]
Crossover offspring noisy fitness: [1023.0, 1022.0, 1025.0, 1024.0, 1024.0, 1024.0, 1025.0, 1024.0, 1024.0, 1023.0, 1024.0, 1024.0, 1023.0, 1024.0, 1025.0, 1025.0, 1025.0, 1024.0, 1024.0, 1026.0, 1024.0, 1024.0, 1025.0, 1024.0, 1024.0, 1025.0, 1024.0, 1024.0, 1025.0, 1024.0, 1024.0, 1024.0, 1025.0, 1025.0, 1025.0, 1024.0, 1024.0, 1024.0, 1025.0, 1026.0, 1023.0, 1025.0, 1026.0, 1026.0, 1025.0, 1024.0, 1026.0, 1024.0, 1023.0, 1025.0, 1024.0, 1027.0, 1025.0, 1024.0, 1024.0, 1025.0, 1024.0, 1026.0, 1025.0, 1025.0, 1025.0, 1025.0, 1024.0, 1026.0, 1025.0, 1026.0, 1024.0, 1024.0, 1025.0, 1024.0, 1024.0, 1023.0, 1024.0, 1028.0, 1025.0, 1024.0, 1024.0, 1025.0, 1024.0, 1024.0, 1026.0, 1025.0, 1026.0, 1025.0, 1024.0, 1025.0, 1024.0, 1023.0, 1025.0, 1024.0, 1024.0, 1024.0, 1023.0, 1024.0, 1023.0, 1025.0, 1025.0, 1025.0, 1024.0, 1027.0, 1024.0, 1024.0, 1023.0, 1025.0, 1024.0, 1024.0, 1025.0, 1024.0, 1023.0, 1024.0, 1026.0, 1025.0, 1024.0, 1024.0, 1025.0, 1023.0, 1025.0, 1024.0, 1025.0, 1025.0, 1024.0, 1023.0, 1024.0, 1024.0, 1024.0, 1025.0, 1025.0, 1025.0, 1025.0, 1025.0, 1023.0, 1025.0, 1024.0, 1024.0, 1025.0, 1026.0, 1024.0, 1024.0, 1024.0, 1025.0, 1023.0, 1023.0, 1024.0, 1023.0, 1023.0, 1023.0, 1025.0, 1024.0, 1028.0, 1025.0, 1025.0, 1024.0, 1024.0, 1025.0, 1026.0, 1023.0, 1024.0, 1024.0, 1024.0, 1024.0, 1023.0]
Is bad individual winner: 0

