l: 5
Fitness of mutation winner: 133.0
Crossover offspring real fitness: [129.0, 128.0, 128.0, 128.0, 128.0, 128.0, 129.0, 128.0, 129.0, 128.0, 128.0, 129.0, 128.0, 128.0, 129.0, 128.0]
Crossover offspring noisy fitness: [129.0, 128.0, 128.0, 128.0, 128.0, 128.0, 129.0, 128.0, 129.0, 128.0, 129.0, 129.0, 128.0, 128.0, 129.0, 128.0]

l: 11
Fitness of mutation winner: 135.0
Crossover offspring real fitness: [130.0, 129.0, 129.0, 128.0, 128.0, 129.0, 127.0, 128.0, 129.0, 130.0, 128.0, 128.0, 129.0, 129.0, 129.0, 130.0]
Crossover offspring noisy fitness: [130.0, 129.0, 130.0, 128.0, 128.0, 129.0, 127.0, 128.0, 129.0, 130.0, 128.0, 128.0, 129.0, 129.0, 129.0, 130.0]

l: 16
Fitness of mutation winner: 134.0
Crossover offspring real fitness: [128.0, 129.0, 129.0, 128.0, 127.0, 129.0, 130.0, 130.0, 129.0, 129.0, 128.0, 129.0, 128.0, 128.0, 127.0, 129.0]
Crossover offspring noisy fitness: [128.0, 129.0, 129.0, 128.0, 127.0, 129.0, 130.0, 130.0, 129.0, 129.0, 128.0, 129.0, 128.0, 128.0, 127.0, 129.0]

l: 26
Fitness of mutation winner: 138.0
Crossover offspring real fitness: [129.0, 128.0, 128.0, 129.0, 129.0, 127.0, 129.0, 128.0, 128.0, 129.0, 129.0, 128.0, 128.0, 129.0, 129.0, 130.0]
Crossover offspring noisy fitness: [129.0, 128.0, 128.0, 129.0, 129.0, 127.0, 129.0, 128.0, 128.0, 129.0, 129.0, 128.0, 128.0, 129.0, 129.0, 130.0]

