l: 54
Real fitness of mutation winner: 142.0
Noisy fitness of mutation winner: 142.0
Crossover offspring real fitness: [130.0, 129.0, 126.0, 128.0, 127.0, 128.0, 128.0, 129.0, 129.0, 128.0, 129.0, 129.0, 126.0, 129.0, 130.0, 130.0, 127.0, 128.0, 127.0, 127.0, 130.0, 130.0, 128.0, 129.0, 127.0, 130.0, 128.0, 129.0, 127.0, 127.0, 128.0, 128.0, 126.0, 129.0, 128.0, 128.0, 128.0, 129.0, 128.0, 129.0]
Crossover offspring noisy fitness: [130.0, 129.0, 126.0, 128.0, 127.0, 128.0, 128.0, 129.0, 129.0, 128.0, 129.0, 129.0, 126.0, 128.0, 130.0, 130.0, 127.0, 128.0, 127.0, 127.0, 130.0, 130.0, 128.0, 129.0, 127.0, 130.0, 128.0, 129.0, 127.0, 127.0, 128.0, 128.0, 126.0, 129.0, 128.0, 128.0, 128.0, 129.0, 128.0, 129.0]

l: 28
Real fitness of mutation winner: 144.0
Noisy fitness of mutation winner: 144.0
Crossover offspring real fitness: [129.0, 128.0, 129.0, 130.0, 127.0, 128.0, 127.0, 129.0, 128.0, 129.0, 129.0, 127.0, 128.0, 129.0, 126.0, 127.0, 128.0, 127.0, 128.0, 128.0, 128.0, 128.0, 128.0, 128.0, 128.0, 129.0, 128.0, 128.0, 129.0, 128.0, 128.0, 128.0, 130.0, 129.0, 130.0, 129.0, 127.0, 127.0, 128.0, 128.0]
Crossover offspring noisy fitness: [129.0, 129.0, 129.0, 130.0, 126.0, 128.0, 127.0, 129.0, 128.0, 129.0, 129.0, 127.0, 128.0, 129.0, 126.0, 127.0, 128.0, 128.0, 128.0, 128.0, 128.0, 128.0, 128.0, 127.0, 128.0, 129.0, 128.0, 128.0, 129.0, 128.0, 128.0, 128.0, 130.0, 129.0, 130.0, 129.0, 127.0, 127.0, 128.0, 128.0]

l: 32
Real fitness of mutation winner: 136.0
Noisy fitness of mutation winner: 137.0
Crossover offspring real fitness: [128.0, 128.0, 128.0, 128.0, 127.0, 128.0, 128.0, 128.0, 129.0, 127.0, 128.0, 128.0, 128.0, 128.0, 128.0, 129.0, 127.0, 129.0, 129.0, 129.0, 129.0, 129.0, 128.0, 131.0, 129.0, 129.0, 128.0, 128.0, 128.0, 128.0, 129.0, 128.0, 129.0, 129.0, 129.0, 127.0, 129.0, 127.0, 128.0, 128.0]
Crossover offspring noisy fitness: [128.0, 128.0, 128.0, 128.0, 127.0, 128.0, 129.0, 128.0, 129.0, 127.0, 128.0, 127.0, 128.0, 128.0, 128.0, 129.0, 127.0, 129.0, 128.0, 128.0, 129.0, 129.0, 128.0, 131.0, 129.0, 129.0, 128.0, 128.0, 128.0, 129.0, 129.0, 127.0, 129.0, 129.0, 129.0, 128.0, 128.0, 128.0, 128.0, 128.0]

l: 33
Real fitness of mutation winner: 141.0
Noisy fitness of mutation winner: 141.0
Crossover offspring real fitness: [128.0, 129.0, 129.0, 128.0, 128.0, 128.0, 128.0, 128.0, 127.0, 128.0, 129.0, 128.0, 127.0, 129.0, 129.0, 127.0, 127.0, 129.0, 128.0, 128.0, 128.0, 131.0, 128.0, 129.0, 128.0, 128.0, 128.0, 129.0, 128.0, 129.0, 128.0, 130.0, 128.0, 128.0, 129.0, 129.0, 128.0, 129.0, 128.0, 129.0]
Crossover offspring noisy fitness: [128.0, 129.0, 129.0, 128.0, 128.0, 128.0, 128.0, 128.0, 127.0, 128.0, 128.0, 128.0, 127.0, 129.0, 129.0, 127.0, 127.0, 129.0, 128.0, 128.0, 128.0, 131.0, 128.0, 129.0, 128.0, 128.0, 128.0, 129.0, 128.0, 129.0, 128.0, 130.0, 128.0, 128.0, 129.0, 129.0, 128.0, 129.0, 129.0, 129.0]

