l: 10
Fitness of mutation winner: 132.0
Crossover offspring real fitness: [128.0, 128.0, 128.0, 127.0, 129.0, 129.0, 128.0, 129.0, 129.0, 129.0, 130.0, 128.0, 128.0, 128.0, 128.0, 128.0]
Crossover offspring noisy fitness: [128.0, 128.0, 128.0, 127.0, 129.0, 129.0, 128.0, 129.0, 129.0, 129.0, 130.0, 128.0, 128.0, 128.0, 128.0, 128.0]

l: 16
Fitness of mutation winner: 132.0
Crossover offspring real fitness: [127.0, 129.0, 127.0, 129.0, 129.0, 128.0, 128.0, 128.0, 129.0, 127.0, 128.0, 128.0, 128.0, 129.0, 127.0, 131.0]
Crossover offspring noisy fitness: [127.0, 129.0, 127.0, 129.0, 129.0, 127.0, 128.0, 129.0, 129.0, 127.0, 128.0, 128.0, 128.0, 129.0, 127.0, 131.0]

l: 24
Fitness of mutation winner: 136.0
Crossover offspring real fitness: [129.0, 129.0, 130.0, 126.0, 129.0, 129.0, 127.0, 130.0, 127.0, 128.0, 128.0, 127.0, 129.0, 128.0, 129.0, 127.0]
Crossover offspring noisy fitness: [129.0, 129.0, 130.0, 126.0, 129.0, 129.0, 127.0, 130.0, 127.0, 128.0, 128.0, 127.0, 130.0, 128.0, 129.0, 127.0]

l: 16
Fitness of mutation winner: 136.0
Crossover offspring real fitness: [128.0, 129.0, 127.0, 127.0, 128.0, 129.0, 129.0, 128.0, 129.0, 128.0, 127.0, 131.0, 128.0, 130.0, 131.0, 128.0]
Crossover offspring noisy fitness: [128.0, 129.0, 127.0, 127.0, 128.0, 129.0, 129.0, 128.0, 129.0, 128.0, 127.0, 131.0, 128.0, 130.0, 131.0, 128.0]

