l: 39
Real fitness of mutation winner: 141.0
Noisy fitness of mutation winner: 141.0
Crossover offspring real fitness: [128.0, 130.0, 128.0, 129.0, 129.0, 128.0, 130.0, 129.0, 128.0, 128.0, 128.0, 127.0, 128.0, 128.0, 128.0, 130.0, 127.0, 128.0, 129.0, 128.0, 129.0, 128.0, 129.0, 128.0, 129.0, 129.0, 129.0, 127.0, 127.0, 127.0, 128.0, 128.0, 128.0, 128.0, 128.0, 127.0, 128.0, 128.0, 129.0, 130.0]
Crossover offspring noisy fitness: [128.0, 130.0, 128.0, 129.0, 128.0, 128.0, 130.0, 129.0, 128.0, 128.0, 128.0, 127.0, 128.0, 128.0, 128.0, 130.0, 127.0, 128.0, 129.0, 129.0, 129.0, 128.0, 129.0, 128.0, 129.0, 129.0, 129.0, 127.0, 127.0, 126.0, 128.0, 128.0, 128.0, 128.0, 128.0, 127.0, 128.0, 128.0, 129.0, 130.0]

l: 46
Real fitness of mutation winner: 144.0
Noisy fitness of mutation winner: 143.0
Crossover offspring real fitness: [129.0, 130.0, 126.0, 130.0, 129.0, 129.0, 128.0, 127.0, 128.0, 128.0, 129.0, 128.0, 128.0, 128.0, 128.0, 128.0, 129.0, 127.0, 128.0, 128.0, 128.0, 128.0, 128.0, 128.0, 127.0, 129.0, 128.0, 127.0, 128.0, 130.0, 128.0, 130.0, 128.0, 129.0, 128.0, 128.0, 129.0, 125.0, 130.0, 129.0]
Crossover offspring noisy fitness: [129.0, 130.0, 126.0, 130.0, 129.0, 129.0, 128.0, 127.0, 128.0, 128.0, 129.0, 128.0, 128.0, 128.0, 128.0, 128.0, 129.0, 127.0, 128.0, 128.0, 128.0, 128.0, 128.0, 128.0, 127.0, 129.0, 128.0, 127.0, 128.0, 130.0, 127.0, 130.0, 128.0, 129.0, 128.0, 128.0, 129.0, 125.0, 130.0, 130.0]

l: 48
Real fitness of mutation winner: 136.0
Noisy fitness of mutation winner: 137.0
Crossover offspring real fitness: [127.0, 129.0, 128.0, 127.0, 131.0, 127.0, 130.0, 129.0, 128.0, 129.0, 129.0, 129.0, 128.0, 128.0, 127.0, 130.0, 129.0, 127.0, 127.0, 128.0, 128.0, 126.0, 128.0, 129.0, 130.0, 129.0, 130.0, 126.0, 127.0, 128.0, 130.0, 128.0, 130.0, 129.0, 128.0, 128.0, 129.0, 128.0, 129.0, 128.0]
Crossover offspring noisy fitness: [127.0, 129.0, 128.0, 127.0, 131.0, 127.0, 130.0, 129.0, 128.0, 129.0, 129.0, 129.0, 128.0, 128.0, 127.0, 129.0, 129.0, 127.0, 127.0, 128.0, 128.0, 126.0, 128.0, 129.0, 130.0, 129.0, 130.0, 126.0, 127.0, 128.0, 130.0, 128.0, 129.0, 129.0, 128.0, 127.0, 129.0, 128.0, 130.0, 128.0]

l: 42
Real fitness of mutation winner: 142.0
Noisy fitness of mutation winner: 142.0
Crossover offspring real fitness: [129.0, 127.0, 128.0, 128.0, 130.0, 128.0, 128.0, 129.0, 129.0, 129.0, 127.0, 128.0, 129.0, 128.0, 128.0, 130.0, 128.0, 128.0, 128.0, 130.0, 130.0, 130.0, 128.0, 127.0, 128.0, 129.0, 127.0, 130.0, 128.0, 130.0, 128.0, 128.0, 129.0, 127.0, 128.0, 128.0, 129.0, 129.0, 128.0, 126.0]
Crossover offspring noisy fitness: [128.0, 127.0, 128.0, 128.0, 130.0, 128.0, 128.0, 129.0, 129.0, 129.0, 127.0, 128.0, 129.0, 128.0, 127.0, 130.0, 128.0, 128.0, 128.0, 130.0, 130.0, 130.0, 128.0, 127.0, 128.0, 129.0, 127.0, 130.0, 128.0, 130.0, 128.0, 128.0, 129.0, 127.0, 128.0, 128.0, 129.0, 129.0, 128.0, 127.0]

