l: 44
Fitness of mutation winner: 144.0
Crossover offspring real fitness: [129.0, 128.0, 130.0, 129.0, 128.0, 125.0, 129.0, 127.0, 128.0, 129.0, 128.0, 130.0, 130.0, 129.0, 131.0, 129.0, 130.0, 128.0, 128.0, 128.0, 128.0, 128.0, 129.0, 130.0, 127.0, 131.0, 128.0, 129.0, 128.0, 130.0, 129.0, 128.0, 128.0, 129.0, 126.0, 129.0, 128.0, 128.0, 128.0, 128.0]
Crossover offspring noisy fitness: [129.0, 128.0, 130.0, 129.0, 128.0, 125.0, 129.0, 127.0, 128.0, 130.0, 128.0, 130.0, 130.0, 129.0, 131.0, 129.0, 130.0, 128.0, 128.0, 128.0, 128.0, 128.0, 129.0, 129.0, 127.0, 131.0, 128.0, 129.0, 128.0, 130.0, 129.0, 128.0, 128.0, 129.0, 126.0, 129.0, 128.0, 128.0, 128.0, 128.0]

l: 35
Fitness of mutation winner: 141.0
Crossover offspring real fitness: [129.0, 128.0, 128.0, 128.0, 128.0, 129.0, 128.0, 129.0, 128.0, 127.0, 129.0, 129.0, 128.0, 128.0, 128.0, 129.0, 128.0, 128.0, 128.0, 129.0, 129.0, 128.0, 129.0, 127.0, 128.0, 128.0, 128.0, 130.0, 128.0, 129.0, 128.0, 130.0, 129.0, 128.0, 129.0, 128.0, 128.0, 128.0, 128.0, 128.0]
Crossover offspring noisy fitness: [129.0, 128.0, 128.0, 128.0, 128.0, 129.0, 128.0, 129.0, 128.0, 127.0, 129.0, 129.0, 128.0, 128.0, 128.0, 129.0, 128.0, 128.0, 128.0, 129.0, 129.0, 128.0, 129.0, 127.0, 128.0, 128.0, 128.0, 130.0, 128.0, 129.0, 128.0, 130.0, 129.0, 128.0, 129.0, 128.0, 128.0, 128.0, 128.0, 127.0]

l: 47
Fitness of mutation winner: 137.0
Crossover offspring real fitness: [129.0, 129.0, 128.0, 129.0, 128.0, 127.0, 128.0, 128.0, 130.0, 128.0, 127.0, 128.0, 128.0, 130.0, 128.0, 129.0, 127.0, 128.0, 127.0, 128.0, 126.0, 128.0, 128.0, 128.0, 127.0, 129.0, 128.0, 128.0, 129.0, 127.0, 128.0, 127.0, 128.0, 129.0, 127.0, 128.0, 128.0, 129.0, 128.0, 128.0]
Crossover offspring noisy fitness: [129.0, 129.0, 128.0, 129.0, 128.0, 127.0, 128.0, 128.0, 130.0, 128.0, 127.0, 128.0, 128.0, 130.0, 128.0, 129.0, 126.0, 128.0, 127.0, 128.0, 127.0, 128.0, 128.0, 128.0, 127.0, 129.0, 128.0, 128.0, 129.0, 127.0, 128.0, 127.0, 128.0, 129.0, 127.0, 128.0, 128.0, 129.0, 128.0, 128.0]

l: 34
Fitness of mutation winner: 142.0
Crossover offspring real fitness: [130.0, 128.0, 128.0, 131.0, 129.0, 129.0, 129.0, 127.0, 128.0, 129.0, 127.0, 129.0, 127.0, 128.0, 128.0, 128.0, 129.0, 130.0, 128.0, 129.0, 128.0, 127.0, 127.0, 129.0, 130.0, 129.0, 128.0, 129.0, 128.0, 128.0, 128.0, 127.0, 128.0, 127.0, 129.0, 127.0, 129.0, 128.0, 128.0, 127.0]
Crossover offspring noisy fitness: [130.0, 128.0, 128.0, 132.0, 129.0, 129.0, 129.0, 127.0, 128.0, 129.0, 127.0, 129.0, 127.0, 128.0, 128.0, 128.0, 129.0, 130.0, 127.0, 129.0, 128.0, 127.0, 127.0, 129.0, 130.0, 129.0, 128.0, 129.0, 128.0, 128.0, 128.0, 126.0, 128.0, 128.0, 129.0, 128.0, 129.0, 128.0, 127.0, 127.0]

