l: 44
Real fitness of mutation winner: 146.0
Noisy fitness of mutation winner: 146.0
Crossover offspring real fitness: [128.0, 129.0, 128.0, 128.0, 128.0, 127.0, 127.0, 127.0, 128.0, 129.0, 131.0, 128.0, 128.0, 128.0, 129.0, 128.0, 128.0, 128.0, 128.0, 128.0, 130.0, 128.0, 128.0, 128.0, 128.0, 127.0, 128.0, 129.0, 128.0, 129.0, 129.0, 126.0, 129.0, 129.0, 128.0, 128.0, 129.0, 128.0, 128.0, 127.0]
Crossover offspring noisy fitness: [128.0, 129.0, 128.0, 128.0, 128.0, 127.0, 127.0, 127.0, 128.0, 129.0, 131.0, 128.0, 128.0, 128.0, 129.0, 128.0, 128.0, 128.0, 128.0, 128.0, 130.0, 127.0, 128.0, 128.0, 128.0, 127.0, 128.0, 129.0, 128.0, 129.0, 129.0, 126.0, 129.0, 129.0, 128.0, 128.0, 129.0, 128.0, 128.0, 127.0]

l: 48
Real fitness of mutation winner: 142.0
Noisy fitness of mutation winner: 142.0
Crossover offspring real fitness: [130.0, 129.0, 129.0, 127.0, 130.0, 129.0, 126.0, 129.0, 128.0, 127.0, 128.0, 128.0, 128.0, 128.0, 127.0, 128.0, 129.0, 128.0, 131.0, 128.0, 125.0, 128.0, 128.0, 129.0, 129.0, 129.0, 127.0, 127.0, 128.0, 127.0, 130.0, 130.0, 127.0, 128.0, 128.0, 128.0, 130.0, 128.0, 129.0, 127.0]
Crossover offspring noisy fitness: [130.0, 129.0, 129.0, 127.0, 130.0, 129.0, 126.0, 130.0, 128.0, 127.0, 128.0, 128.0, 128.0, 128.0, 127.0, 128.0, 129.0, 128.0, 131.0, 128.0, 125.0, 128.0, 128.0, 129.0, 129.0, 129.0, 127.0, 127.0, 128.0, 127.0, 130.0, 129.0, 127.0, 128.0, 128.0, 128.0, 130.0, 128.0, 129.0, 127.0]

l: 43
Real fitness of mutation winner: 145.0
Noisy fitness of mutation winner: 145.0
Crossover offspring real fitness: [129.0, 127.0, 129.0, 128.0, 127.0, 128.0, 128.0, 129.0, 129.0, 128.0, 128.0, 128.0, 129.0, 129.0, 128.0, 129.0, 128.0, 128.0, 128.0, 128.0, 127.0, 128.0, 128.0, 130.0, 127.0, 128.0, 128.0, 128.0, 129.0, 130.0, 129.0, 128.0, 129.0, 128.0, 128.0, 129.0, 128.0, 129.0, 130.0, 130.0]
Crossover offspring noisy fitness: [129.0, 127.0, 129.0, 127.0, 127.0, 127.0, 128.0, 129.0, 129.0, 128.0, 128.0, 128.0, 129.0, 129.0, 128.0, 129.0, 128.0, 128.0, 128.0, 128.0, 127.0, 128.0, 128.0, 130.0, 127.0, 128.0, 128.0, 128.0, 129.0, 130.0, 129.0, 128.0, 129.0, 128.0, 129.0, 129.0, 128.0, 129.0, 130.0, 130.0]

l: 38
Real fitness of mutation winner: 136.0
Noisy fitness of mutation winner: 136.0
Crossover offspring real fitness: [126.0, 128.0, 128.0, 129.0, 126.0, 128.0, 128.0, 128.0, 124.0, 128.0, 127.0, 129.0, 128.0, 127.0, 128.0, 130.0, 127.0, 128.0, 129.0, 127.0, 128.0, 127.0, 129.0, 129.0, 128.0, 128.0, 128.0, 129.0, 125.0, 128.0, 128.0, 127.0, 127.0, 129.0, 128.0, 129.0, 128.0, 130.0, 130.0, 128.0]
Crossover offspring noisy fitness: [126.0, 128.0, 128.0, 129.0, 126.0, 128.0, 128.0, 128.0, 125.0, 128.0, 127.0, 128.0, 128.0, 127.0, 128.0, 130.0, 127.0, 128.0, 129.0, 127.0, 128.0, 127.0, 129.0, 130.0, 128.0, 128.0, 128.0, 128.0, 125.0, 128.0, 128.0, 127.0, 127.0, 129.0, 128.0, 129.0, 128.0, 130.0, 130.0, 128.0]

