l: 14
Fitness of mutation winner: 134.0
Crossover offspring real fitness: [128.0, 128.0, 128.0, 129.0, 128.0, 127.0, 128.0, 127.0, 128.0, 127.0, 128.0, 129.0, 128.0, 128.0, 127.0, 129.0]
Crossover offspring noisy fitness: [128.0, 128.0, 128.0, 129.0, 128.0, 127.0, 129.0, 127.0, 128.0, 127.0, 128.0, 129.0, 128.0, 128.0, 127.0, 129.0]

l: 13
Fitness of mutation winner: 133.0
Crossover offspring real fitness: [128.0, 128.0, 128.0, 128.0, 128.0, 129.0, 127.0, 128.0, 129.0, 127.0, 129.0, 128.0, 129.0, 128.0, 128.0, 128.0]
Crossover offspring noisy fitness: [128.0, 128.0, 128.0, 128.0, 128.0, 129.0, 127.0, 128.0, 129.0, 127.0, 129.0, 128.0, 129.0, 128.0, 128.0, 128.0]

l: 21
Fitness of mutation winner: 133.0
Crossover offspring real fitness: [127.0, 129.0, 129.0, 127.0, 129.0, 128.0, 129.0, 131.0, 129.0, 128.0, 130.0, 130.0, 127.0, 130.0, 130.0, 126.0]
Crossover offspring noisy fitness: [127.0, 129.0, 129.0, 127.0, 129.0, 128.0, 129.0, 131.0, 129.0, 128.0, 130.0, 130.0, 127.0, 130.0, 130.0, 126.0]

l: 19
Fitness of mutation winner: 134.0
Crossover offspring real fitness: [131.0, 129.0, 127.0, 129.0, 129.0, 128.0, 130.0, 128.0, 129.0, 130.0, 129.0, 129.0, 129.0, 129.0, 128.0, 128.0]
Crossover offspring noisy fitness: [131.0, 129.0, 127.0, 129.0, 129.0, 128.0, 130.0, 128.0, 129.0, 130.0, 129.0, 130.0, 129.0, 129.0, 128.0, 128.0]

