l: 38
Fitness of mutation winner: 140.0
Crossover offspring real fitness: [128.0, 127.0, 128.0, 129.0, 127.0, 128.0, 128.0, 129.0, 129.0, 127.0, 128.0, 127.0, 127.0, 127.0, 128.0, 130.0, 129.0, 128.0, 129.0, 128.0, 129.0, 127.0, 130.0, 129.0, 128.0, 129.0, 128.0, 129.0, 130.0, 127.0, 128.0, 129.0, 128.0, 129.0, 128.0, 128.0, 128.0, 129.0, 128.0, 129.0]
Crossover offspring noisy fitness: [128.0, 127.0, 128.0, 129.0, 127.0, 128.0, 128.0, 129.0, 129.0, 127.0, 128.0, 127.0, 127.0, 127.0, 128.0, 129.0, 129.0, 128.0, 129.0, 128.0, 129.0, 127.0, 130.0, 129.0, 128.0, 129.0, 128.0, 129.0, 130.0, 127.0, 128.0, 129.0, 128.0, 129.0, 128.0, 128.0, 128.0, 129.0, 128.0, 129.0]

l: 47
Fitness of mutation winner: 135.0
Crossover offspring real fitness: [128.0, 129.0, 128.0, 128.0, 128.0, 127.0, 128.0, 128.0, 127.0, 128.0, 127.0, 129.0, 128.0, 128.0, 130.0, 127.0, 128.0, 129.0, 129.0, 129.0, 127.0, 128.0, 128.0, 128.0, 127.0, 127.0, 128.0, 129.0, 128.0, 127.0, 128.0, 128.0, 127.0, 129.0, 128.0, 128.0, 128.0, 128.0, 131.0, 129.0]
Crossover offspring noisy fitness: [128.0, 129.0, 128.0, 128.0, 128.0, 127.0, 128.0, 128.0, 127.0, 128.0, 127.0, 129.0, 128.0, 128.0, 130.0, 127.0, 127.0, 129.0, 129.0, 129.0, 127.0, 128.0, 128.0, 128.0, 127.0, 127.0, 129.0, 129.0, 128.0, 127.0, 128.0, 128.0, 128.0, 129.0, 128.0, 128.0, 128.0, 128.0, 132.0, 129.0]

l: 43
Fitness of mutation winner: 137.0
Crossover offspring real fitness: [131.0, 128.0, 129.0, 130.0, 128.0, 127.0, 129.0, 128.0, 129.0, 126.0, 128.0, 129.0, 128.0, 128.0, 129.0, 130.0, 129.0, 127.0, 129.0, 128.0, 129.0, 128.0, 128.0, 128.0, 129.0, 128.0, 128.0, 128.0, 129.0, 129.0, 128.0, 128.0, 128.0, 128.0, 128.0, 129.0, 128.0, 128.0, 128.0, 126.0]
Crossover offspring noisy fitness: [131.0, 128.0, 129.0, 130.0, 128.0, 127.0, 129.0, 128.0, 129.0, 126.0, 128.0, 129.0, 128.0, 128.0, 128.0, 130.0, 129.0, 127.0, 129.0, 128.0, 129.0, 128.0, 128.0, 128.0, 129.0, 128.0, 128.0, 128.0, 129.0, 129.0, 128.0, 128.0, 128.0, 128.0, 128.0, 129.0, 128.0, 128.0, 128.0, 126.0]

l: 29
Fitness of mutation winner: 136.0
Crossover offspring real fitness: [128.0, 128.0, 128.0, 128.0, 129.0, 128.0, 128.0, 128.0, 129.0, 128.0, 128.0, 127.0, 129.0, 128.0, 128.0, 128.0, 130.0, 128.0, 129.0, 127.0, 128.0, 127.0, 127.0, 128.0, 128.0, 127.0, 129.0, 126.0, 127.0, 128.0, 128.0, 130.0, 127.0, 128.0, 130.0, 128.0, 130.0, 128.0, 128.0, 128.0]
Crossover offspring noisy fitness: [128.0, 128.0, 128.0, 128.0, 129.0, 128.0, 128.0, 128.0, 129.0, 128.0, 128.0, 127.0, 129.0, 128.0, 128.0, 128.0, 130.0, 128.0, 129.0, 127.0, 128.0, 127.0, 127.0, 128.0, 128.0, 127.0, 129.0, 126.0, 127.0, 128.0, 128.0, 130.0, 127.0, 128.0, 130.0, 128.0, 130.0, 128.0, 128.0, 128.0]

