l: 33
Fitness of mutation winner: 139.0
Crossover offspring real fitness: [127.0, 129.0, 128.0, 128.0, 129.0, 128.0, 129.0, 128.0, 129.0, 129.0, 128.0, 129.0, 129.0, 128.0, 128.0, 128.0, 129.0, 128.0, 129.0, 128.0, 129.0, 129.0, 128.0, 128.0, 128.0, 128.0, 128.0, 127.0, 128.0, 129.0, 128.0, 128.0, 130.0, 128.0, 128.0, 129.0, 127.0, 128.0, 130.0, 128.0]
Crossover offspring noisy fitness: [128.0, 129.0, 128.0, 128.0, 129.0, 129.0, 129.0, 129.0, 130.0, 129.0, 128.0, 129.0, 129.0, 128.0, 127.0, 128.0, 129.0, 128.0, 129.0, 128.0, 129.0, 129.0, 128.0, 128.0, 128.0, 128.0, 128.0, 127.0, 128.0, 129.0, 128.0, 128.0, 130.0, 128.0, 128.0, 129.0, 127.0, 128.0, 130.0, 128.0]

l: 37
Fitness of mutation winner: 141.0
Crossover offspring real fitness: [128.0, 128.0, 129.0, 129.0, 129.0, 129.0, 128.0, 128.0, 129.0, 128.0, 128.0, 129.0, 128.0, 127.0, 129.0, 129.0, 129.0, 128.0, 127.0, 128.0, 128.0, 129.0, 129.0, 129.0, 128.0, 127.0, 127.0, 128.0, 128.0, 128.0, 128.0, 128.0, 129.0, 128.0, 130.0, 129.0, 126.0, 128.0, 128.0, 127.0]
Crossover offspring noisy fitness: [128.0, 128.0, 129.0, 128.0, 129.0, 129.0, 128.0, 128.0, 129.0, 128.0, 128.0, 130.0, 128.0, 127.0, 130.0, 129.0, 129.0, 128.0, 127.0, 128.0, 128.0, 129.0, 129.0, 129.0, 128.0, 127.0, 128.0, 128.0, 128.0, 128.0, 128.0, 128.0, 129.0, 128.0, 130.0, 129.0, 126.0, 128.0, 128.0, 127.0]

l: 39
Fitness of mutation winner: 139.0
Crossover offspring real fitness: [127.0, 129.0, 128.0, 129.0, 129.0, 127.0, 129.0, 127.0, 128.0, 128.0, 128.0, 131.0, 128.0, 127.0, 128.0, 128.0, 128.0, 129.0, 128.0, 128.0, 130.0, 128.0, 128.0, 128.0, 129.0, 127.0, 128.0, 128.0, 130.0, 128.0, 127.0, 129.0, 128.0, 128.0, 129.0, 129.0, 126.0, 127.0, 129.0, 129.0]
Crossover offspring noisy fitness: [127.0, 129.0, 128.0, 129.0, 129.0, 127.0, 129.0, 127.0, 128.0, 128.0, 128.0, 131.0, 128.0, 127.0, 128.0, 128.0, 128.0, 129.0, 128.0, 128.0, 130.0, 128.0, 128.0, 128.0, 129.0, 127.0, 128.0, 128.0, 130.0, 128.0, 127.0, 129.0, 128.0, 128.0, 129.0, 129.0, 126.0, 127.0, 129.0, 129.0]

l: 41
Fitness of mutation winner: 139.0
Crossover offspring real fitness: [129.0, 128.0, 127.0, 129.0, 129.0, 128.0, 129.0, 130.0, 128.0, 127.0, 128.0, 127.0, 126.0, 128.0, 128.0, 128.0, 127.0, 130.0, 129.0, 129.0, 129.0, 128.0, 128.0, 130.0, 128.0, 129.0, 128.0, 133.0, 129.0, 128.0, 128.0, 127.0, 128.0, 130.0, 129.0, 127.0, 128.0, 127.0, 129.0, 127.0]
Crossover offspring noisy fitness: [130.0, 128.0, 127.0, 129.0, 129.0, 128.0, 129.0, 130.0, 128.0, 127.0, 128.0, 127.0, 125.0, 128.0, 128.0, 129.0, 127.0, 130.0, 129.0, 129.0, 129.0, 128.0, 128.0, 130.0, 128.0, 129.0, 128.0, 133.0, 129.0, 128.0, 128.0, 127.0, 127.0, 130.0, 129.0, 127.0, 128.0, 127.0, 129.0, 127.0]

