l: 42
Real fitness of mutation winner: 138.0
Noisy fitness of mutation winner: 138.0
Crossover offspring real fitness: [128.0, 129.0, 128.0, 128.0, 127.0, 127.0, 128.0, 128.0, 129.0, 128.0, 128.0, 130.0, 128.0, 129.0, 128.0, 129.0, 128.0, 127.0, 128.0, 128.0, 129.0, 129.0, 127.0, 128.0, 129.0, 127.0, 129.0, 127.0, 129.0, 129.0, 129.0, 128.0, 129.0, 128.0, 128.0, 127.0, 129.0, 128.0, 128.0, 130.0]
Crossover offspring noisy fitness: [128.0, 129.0, 128.0, 128.0, 128.0, 127.0, 128.0, 128.0, 129.0, 128.0, 128.0, 130.0, 128.0, 129.0, 128.0, 129.0, 128.0, 127.0, 128.0, 128.0, 129.0, 129.0, 127.0, 128.0, 129.0, 126.0, 129.0, 127.0, 129.0, 129.0, 129.0, 128.0, 129.0, 128.0, 128.0, 127.0, 129.0, 128.0, 127.0, 130.0]

l: 40
Real fitness of mutation winner: 138.0
Noisy fitness of mutation winner: 138.0
Crossover offspring real fitness: [129.0, 128.0, 127.0, 128.0, 129.0, 129.0, 128.0, 130.0, 129.0, 129.0, 128.0, 129.0, 128.0, 128.0, 128.0, 127.0, 129.0, 129.0, 129.0, 127.0, 128.0, 129.0, 128.0, 128.0, 127.0, 127.0, 128.0, 128.0, 127.0, 128.0, 128.0, 128.0, 128.0, 126.0, 130.0, 130.0, 127.0, 128.0, 129.0, 129.0]
Crossover offspring noisy fitness: [129.0, 128.0, 127.0, 128.0, 129.0, 129.0, 128.0, 130.0, 129.0, 129.0, 128.0, 129.0, 128.0, 128.0, 128.0, 126.0, 129.0, 129.0, 129.0, 127.0, 128.0, 129.0, 128.0, 128.0, 127.0, 127.0, 128.0, 128.0, 127.0, 128.0, 128.0, 128.0, 128.0, 125.0, 130.0, 130.0, 127.0, 128.0, 129.0, 129.0]

l: 44
Real fitness of mutation winner: 138.0
Noisy fitness of mutation winner: 138.0
Crossover offspring real fitness: [131.0, 128.0, 129.0, 128.0, 128.0, 128.0, 126.0, 127.0, 128.0, 127.0, 128.0, 128.0, 129.0, 127.0, 129.0, 126.0, 129.0, 130.0, 129.0, 129.0, 129.0, 127.0, 127.0, 128.0, 128.0, 127.0, 128.0, 129.0, 128.0, 128.0, 128.0, 130.0, 128.0, 128.0, 129.0, 128.0, 130.0, 127.0, 129.0, 128.0]
Crossover offspring noisy fitness: [131.0, 128.0, 129.0, 128.0, 128.0, 128.0, 126.0, 127.0, 128.0, 127.0, 128.0, 129.0, 129.0, 126.0, 129.0, 126.0, 129.0, 130.0, 129.0, 129.0, 129.0, 127.0, 127.0, 128.0, 128.0, 127.0, 128.0, 129.0, 128.0, 128.0, 128.0, 129.0, 128.0, 128.0, 129.0, 128.0, 130.0, 127.0, 129.0, 128.0]

l: 37
Real fitness of mutation winner: 143.0
Noisy fitness of mutation winner: 143.0
Crossover offspring real fitness: [128.0, 128.0, 130.0, 128.0, 128.0, 127.0, 128.0, 127.0, 129.0, 128.0, 129.0, 128.0, 127.0, 129.0, 128.0, 130.0, 129.0, 128.0, 128.0, 128.0, 129.0, 128.0, 129.0, 128.0, 128.0, 128.0, 128.0, 129.0, 128.0, 129.0, 130.0, 127.0, 128.0, 129.0, 127.0, 129.0, 128.0, 129.0, 128.0, 128.0]
Crossover offspring noisy fitness: [128.0, 128.0, 130.0, 128.0, 128.0, 127.0, 128.0, 127.0, 129.0, 128.0, 129.0, 128.0, 127.0, 129.0, 128.0, 130.0, 129.0, 128.0, 128.0, 128.0, 129.0, 128.0, 129.0, 128.0, 128.0, 128.0, 128.0, 129.0, 127.0, 129.0, 130.0, 127.0, 128.0, 129.0, 127.0, 129.0, 128.0, 129.0, 128.0, 128.0]

