l: 40
Fitness of mutation winner: 144.0
Crossover offspring real fitness: [129.0, 128.0, 129.0, 130.0, 128.0, 129.0, 128.0, 128.0, 129.0, 130.0, 129.0, 128.0, 128.0, 130.0, 127.0, 128.0, 129.0, 127.0, 130.0, 128.0, 130.0, 128.0, 128.0, 128.0, 128.0, 130.0, 129.0, 128.0, 129.0, 128.0, 129.0, 127.0, 128.0, 129.0, 128.0, 130.0, 129.0, 128.0, 128.0, 129.0]
Crossover offspring noisy fitness: [129.0, 128.0, 129.0, 130.0, 128.0, 129.0, 128.0, 128.0, 129.0, 130.0, 129.0, 127.0, 128.0, 131.0, 127.0, 128.0, 129.0, 127.0, 130.0, 128.0, 131.0, 128.0, 128.0, 128.0, 128.0, 130.0, 129.0, 128.0, 129.0, 128.0, 129.0, 128.0, 128.0, 129.0, 128.0, 130.0, 129.0, 128.0, 128.0, 128.0]

l: 32
Fitness of mutation winner: 136.0
Crossover offspring real fitness: [128.0, 128.0, 128.0, 130.0, 128.0, 128.0, 127.0, 128.0, 129.0, 129.0, 128.0, 129.0, 128.0, 128.0, 126.0, 128.0, 128.0, 128.0, 128.0, 127.0, 129.0, 128.0, 128.0, 129.0, 129.0, 128.0, 129.0, 128.0, 128.0, 126.0, 127.0, 128.0, 127.0, 128.0, 128.0, 129.0, 128.0, 129.0, 129.0, 130.0]
Crossover offspring noisy fitness: [128.0, 128.0, 128.0, 130.0, 127.0, 128.0, 127.0, 128.0, 129.0, 129.0, 128.0, 129.0, 128.0, 128.0, 126.0, 128.0, 128.0, 128.0, 128.0, 127.0, 129.0, 128.0, 128.0, 129.0, 129.0, 128.0, 129.0, 128.0, 128.0, 126.0, 127.0, 129.0, 126.0, 128.0, 128.0, 129.0, 128.0, 129.0, 129.0, 130.0]

l: 35
Fitness of mutation winner: 142.0
Crossover offspring real fitness: [129.0, 127.0, 127.0, 128.0, 127.0, 128.0, 128.0, 127.0, 128.0, 128.0, 128.0, 128.0, 128.0, 128.0, 128.0, 128.0, 128.0, 128.0, 127.0, 129.0, 129.0, 128.0, 129.0, 131.0, 128.0, 128.0, 128.0, 128.0, 129.0, 128.0, 129.0, 128.0, 130.0, 128.0, 128.0, 127.0, 128.0, 128.0, 131.0, 128.0]
Crossover offspring noisy fitness: [129.0, 127.0, 127.0, 128.0, 127.0, 128.0, 128.0, 127.0, 128.0, 128.0, 128.0, 128.0, 128.0, 128.0, 128.0, 128.0, 128.0, 128.0, 127.0, 129.0, 129.0, 128.0, 129.0, 131.0, 128.0, 128.0, 129.0, 128.0, 129.0, 128.0, 129.0, 128.0, 130.0, 128.0, 128.0, 127.0, 128.0, 128.0, 130.0, 128.0]

l: 48
Fitness of mutation winner: 138.0
Crossover offspring real fitness: [129.0, 128.0, 128.0, 128.0, 128.0, 128.0, 128.0, 128.0, 129.0, 129.0, 128.0, 128.0, 128.0, 128.0, 126.0, 128.0, 127.0, 129.0, 128.0, 127.0, 129.0, 128.0, 127.0, 129.0, 128.0, 127.0, 131.0, 128.0, 127.0, 130.0, 129.0, 128.0, 128.0, 128.0, 128.0, 130.0, 129.0, 129.0, 127.0, 128.0]
Crossover offspring noisy fitness: [129.0, 128.0, 128.0, 128.0, 128.0, 128.0, 128.0, 128.0, 130.0, 129.0, 128.0, 128.0, 128.0, 128.0, 126.0, 128.0, 127.0, 129.0, 128.0, 127.0, 129.0, 128.0, 128.0, 129.0, 128.0, 127.0, 131.0, 128.0, 127.0, 130.0, 129.0, 128.0, 128.0, 128.0, 128.0, 130.0, 129.0, 129.0, 127.0, 129.0]

