l: 31
Real fitness of mutation winner: 139.0
Noisy fitness of mutation winner: 139.0
Crossover offspring real fitness: [128.0, 128.0, 128.0, 126.0, 128.0, 127.0, 128.0, 126.0, 127.0, 128.0, 127.0, 129.0, 128.0, 128.0, 128.0, 128.0, 128.0, 127.0, 129.0, 129.0, 129.0, 127.0, 128.0, 129.0, 128.0, 128.0, 128.0, 128.0, 129.0, 129.0, 129.0, 127.0, 128.0, 126.0, 127.0, 129.0, 129.0, 127.0, 129.0, 128.0]
Crossover offspring noisy fitness: [128.0, 128.0, 128.0, 126.0, 128.0, 127.0, 128.0, 126.0, 127.0, 128.0, 127.0, 129.0, 129.0, 128.0, 128.0, 128.0, 128.0, 127.0, 129.0, 129.0, 129.0, 127.0, 128.0, 129.0, 128.0, 128.0, 128.0, 128.0, 129.0, 129.0, 129.0, 127.0, 128.0, 127.0, 127.0, 129.0, 129.0, 127.0, 129.0, 128.0]

l: 34
Real fitness of mutation winner: 144.0
Noisy fitness of mutation winner: 144.0
Crossover offspring real fitness: [128.0, 128.0, 128.0, 129.0, 129.0, 128.0, 128.0, 128.0, 128.0, 129.0, 128.0, 129.0, 128.0, 128.0, 127.0, 129.0, 128.0, 129.0, 129.0, 129.0, 127.0, 129.0, 128.0, 129.0, 129.0, 129.0, 128.0, 129.0, 128.0, 129.0, 129.0, 128.0, 128.0, 128.0, 128.0, 128.0, 128.0, 127.0, 128.0, 130.0]
Crossover offspring noisy fitness: [128.0, 128.0, 128.0, 129.0, 129.0, 128.0, 128.0, 128.0, 128.0, 129.0, 128.0, 129.0, 128.0, 128.0, 127.0, 129.0, 128.0, 130.0, 129.0, 129.0, 127.0, 129.0, 128.0, 129.0, 129.0, 129.0, 129.0, 129.0, 128.0, 129.0, 129.0, 128.0, 128.0, 128.0, 128.0, 128.0, 128.0, 127.0, 128.0, 130.0]

l: 35
Real fitness of mutation winner: 141.0
Noisy fitness of mutation winner: 141.0
Crossover offspring real fitness: [128.0, 129.0, 130.0, 129.0, 130.0, 130.0, 128.0, 129.0, 128.0, 128.0, 128.0, 127.0, 128.0, 128.0, 129.0, 128.0, 128.0, 126.0, 129.0, 128.0, 129.0, 128.0, 126.0, 129.0, 128.0, 129.0, 128.0, 127.0, 129.0, 128.0, 128.0, 128.0, 129.0, 129.0, 130.0, 128.0, 129.0, 128.0, 128.0, 128.0]
Crossover offspring noisy fitness: [128.0, 129.0, 130.0, 129.0, 130.0, 130.0, 128.0, 129.0, 128.0, 128.0, 128.0, 127.0, 128.0, 128.0, 129.0, 128.0, 128.0, 126.0, 129.0, 128.0, 129.0, 128.0, 126.0, 129.0, 128.0, 129.0, 129.0, 127.0, 129.0, 128.0, 127.0, 128.0, 128.0, 129.0, 130.0, 128.0, 129.0, 128.0, 128.0, 128.0]

l: 36
Real fitness of mutation winner: 144.0
Noisy fitness of mutation winner: 144.0
Crossover offspring real fitness: [127.0, 128.0, 127.0, 129.0, 128.0, 128.0, 128.0, 128.0, 129.0, 128.0, 129.0, 128.0, 128.0, 128.0, 128.0, 128.0, 129.0, 129.0, 128.0, 129.0, 128.0, 127.0, 130.0, 128.0, 128.0, 128.0, 128.0, 128.0, 129.0, 130.0, 129.0, 128.0, 130.0, 128.0, 128.0, 128.0, 129.0, 129.0, 128.0, 129.0]
Crossover offspring noisy fitness: [127.0, 128.0, 127.0, 129.0, 128.0, 128.0, 127.0, 128.0, 129.0, 128.0, 129.0, 127.0, 128.0, 128.0, 128.0, 128.0, 129.0, 129.0, 128.0, 129.0, 128.0, 127.0, 130.0, 128.0, 128.0, 128.0, 128.0, 128.0, 129.0, 130.0, 129.0, 128.0, 130.0, 128.0, 128.0, 128.0, 129.0, 129.0, 128.0, 129.0]

