l: 35
Real fitness of mutation winner: 145.0
Noisy fitness of mutation winner: 145.0
Crossover offspring real fitness: [128.0, 128.0, 129.0, 128.0, 129.0, 126.0, 129.0, 128.0, 128.0, 128.0, 126.0, 130.0, 128.0, 127.0, 128.0, 128.0, 128.0, 129.0, 128.0, 129.0, 128.0, 128.0, 127.0, 128.0, 128.0, 128.0, 129.0, 129.0, 129.0, 128.0, 128.0, 130.0, 130.0, 128.0, 129.0, 127.0, 127.0, 128.0, 129.0, 132.0]
Crossover offspring noisy fitness: [128.0, 128.0, 129.0, 128.0, 129.0, 126.0, 129.0, 128.0, 128.0, 128.0, 126.0, 130.0, 128.0, 127.0, 128.0, 128.0, 128.0, 129.0, 129.0, 129.0, 128.0, 128.0, 127.0, 128.0, 128.0, 128.0, 129.0, 129.0, 129.0, 128.0, 128.0, 130.0, 130.0, 128.0, 129.0, 127.0, 127.0, 128.0, 129.0, 132.0]

l: 36
Real fitness of mutation winner: 136.0
Noisy fitness of mutation winner: 136.0
Crossover offspring real fitness: [128.0, 128.0, 127.0, 128.0, 130.0, 129.0, 130.0, 128.0, 128.0, 127.0, 131.0, 128.0, 128.0, 129.0, 127.0, 128.0, 129.0, 127.0, 130.0, 128.0, 128.0, 129.0, 127.0, 128.0, 127.0, 129.0, 128.0, 128.0, 128.0, 129.0, 129.0, 128.0, 128.0, 128.0, 128.0, 128.0, 126.0, 128.0, 128.0, 128.0]
Crossover offspring noisy fitness: [127.0, 128.0, 127.0, 128.0, 130.0, 129.0, 130.0, 128.0, 128.0, 127.0, 131.0, 128.0, 128.0, 129.0, 127.0, 128.0, 129.0, 127.0, 130.0, 128.0, 128.0, 129.0, 127.0, 128.0, 127.0, 129.0, 128.0, 128.0, 128.0, 129.0, 129.0, 128.0, 128.0, 128.0, 128.0, 128.0, 126.0, 128.0, 127.0, 128.0]

l: 50
Real fitness of mutation winner: 140.0
Noisy fitness of mutation winner: 140.0
Crossover offspring real fitness: [128.0, 129.0, 127.0, 129.0, 128.0, 126.0, 128.0, 127.0, 128.0, 128.0, 127.0, 129.0, 127.0, 128.0, 128.0, 129.0, 129.0, 130.0, 129.0, 130.0, 127.0, 128.0, 128.0, 128.0, 128.0, 129.0, 128.0, 128.0, 129.0, 128.0, 127.0, 128.0, 129.0, 128.0, 128.0, 128.0, 128.0, 129.0, 131.0, 129.0]
Crossover offspring noisy fitness: [128.0, 129.0, 127.0, 129.0, 128.0, 126.0, 128.0, 127.0, 128.0, 128.0, 127.0, 129.0, 127.0, 128.0, 128.0, 129.0, 130.0, 130.0, 129.0, 130.0, 127.0, 128.0, 127.0, 128.0, 128.0, 129.0, 128.0, 128.0, 129.0, 128.0, 127.0, 128.0, 129.0, 128.0, 128.0, 128.0, 128.0, 128.0, 131.0, 129.0]

l: 34
Real fitness of mutation winner: 140.0
Noisy fitness of mutation winner: 140.0
Crossover offspring real fitness: [129.0, 128.0, 127.0, 128.0, 129.0, 130.0, 128.0, 127.0, 128.0, 129.0, 127.0, 128.0, 128.0, 127.0, 128.0, 129.0, 128.0, 128.0, 129.0, 128.0, 128.0, 127.0, 128.0, 129.0, 128.0, 128.0, 128.0, 129.0, 128.0, 128.0, 128.0, 128.0, 129.0, 127.0, 130.0, 128.0, 127.0, 128.0, 129.0, 129.0]
Crossover offspring noisy fitness: [129.0, 128.0, 127.0, 128.0, 129.0, 129.0, 128.0, 127.0, 128.0, 129.0, 127.0, 128.0, 128.0, 127.0, 128.0, 129.0, 128.0, 127.0, 129.0, 128.0, 128.0, 127.0, 128.0, 129.0, 128.0, 128.0, 128.0, 129.0, 128.0, 128.0, 128.0, 128.0, 129.0, 127.0, 130.0, 128.0, 127.0, 128.0, 129.0, 129.0]

