l: 44
Fitness of mutation winner: 138.0
Crossover offspring real fitness: [128.0, 128.0, 129.0, 129.0, 129.0, 129.0, 130.0, 127.0, 129.0, 128.0, 128.0, 129.0, 128.0, 128.0, 128.0, 127.0, 131.0, 130.0, 128.0, 128.0, 126.0, 127.0, 128.0, 128.0, 128.0, 128.0, 129.0, 126.0, 130.0, 129.0, 128.0, 128.0, 129.0, 128.0, 129.0, 128.0, 129.0, 128.0, 130.0, 128.0]
Crossover offspring noisy fitness: [128.0, 128.0, 129.0, 129.0, 129.0, 129.0, 130.0, 127.0, 130.0, 128.0, 128.0, 129.0, 128.0, 128.0, 128.0, 127.0, 131.0, 130.0, 128.0, 128.0, 126.0, 127.0, 128.0, 128.0, 128.0, 127.0, 129.0, 126.0, 130.0, 129.0, 128.0, 128.0, 129.0, 128.0, 129.0, 128.0, 129.0, 128.0, 130.0, 127.0]

l: 41
Fitness of mutation winner: 139.0
Crossover offspring real fitness: [131.0, 127.0, 129.0, 128.0, 129.0, 128.0, 128.0, 128.0, 128.0, 129.0, 126.0, 128.0, 127.0, 127.0, 127.0, 129.0, 128.0, 128.0, 129.0, 128.0, 128.0, 128.0, 127.0, 128.0, 128.0, 129.0, 127.0, 127.0, 128.0, 129.0, 129.0, 128.0, 130.0, 128.0, 128.0, 128.0, 129.0, 127.0, 128.0, 128.0]
Crossover offspring noisy fitness: [130.0, 127.0, 128.0, 127.0, 129.0, 128.0, 128.0, 128.0, 128.0, 129.0, 126.0, 128.0, 127.0, 127.0, 127.0, 129.0, 128.0, 128.0, 129.0, 128.0, 128.0, 128.0, 127.0, 128.0, 128.0, 129.0, 127.0, 127.0, 128.0, 129.0, 129.0, 128.0, 130.0, 128.0, 128.0, 128.0, 129.0, 127.0, 128.0, 128.0]

l: 33
Fitness of mutation winner: 137.0
Crossover offspring real fitness: [128.0, 128.0, 127.0, 127.0, 129.0, 129.0, 128.0, 129.0, 129.0, 128.0, 128.0, 128.0, 129.0, 128.0, 128.0, 128.0, 128.0, 128.0, 128.0, 128.0, 129.0, 128.0, 128.0, 130.0, 129.0, 128.0, 127.0, 128.0, 127.0, 128.0, 129.0, 129.0, 128.0, 131.0, 127.0, 129.0, 128.0, 128.0, 128.0, 128.0]
Crossover offspring noisy fitness: [128.0, 128.0, 127.0, 127.0, 129.0, 129.0, 128.0, 129.0, 129.0, 128.0, 128.0, 128.0, 129.0, 128.0, 128.0, 128.0, 128.0, 128.0, 128.0, 128.0, 129.0, 128.0, 128.0, 130.0, 129.0, 128.0, 127.0, 128.0, 127.0, 128.0, 129.0, 129.0, 128.0, 131.0, 127.0, 129.0, 128.0, 128.0, 128.0, 128.0]

l: 56
Fitness of mutation winner: 138.0
Crossover offspring real fitness: [130.0, 130.0, 128.0, 129.0, 126.0, 128.0, 130.0, 128.0, 128.0, 129.0, 129.0, 128.0, 129.0, 128.0, 127.0, 129.0, 131.0, 129.0, 129.0, 129.0, 127.0, 129.0, 127.0, 127.0, 128.0, 129.0, 129.0, 128.0, 128.0, 129.0, 128.0, 128.0, 128.0, 128.0, 130.0, 127.0, 129.0, 129.0, 128.0, 129.0]
Crossover offspring noisy fitness: [130.0, 130.0, 129.0, 129.0, 126.0, 128.0, 130.0, 128.0, 128.0, 129.0, 129.0, 128.0, 129.0, 128.0, 127.0, 129.0, 131.0, 129.0, 129.0, 129.0, 127.0, 129.0, 127.0, 127.0, 128.0, 129.0, 129.0, 128.0, 128.0, 129.0, 128.0, 128.0, 128.0, 127.0, 130.0, 127.0, 129.0, 129.0, 128.0, 129.0]

