l: 37
Real fitness of mutation winner: 141.0
Noisy fitness of mutation winner: 141.0
Crossover offspring real fitness: [128.0, 127.0, 128.0, 130.0, 129.0, 128.0, 127.0, 128.0, 128.0, 128.0, 127.0, 129.0, 127.0, 128.0, 128.0, 129.0, 128.0, 128.0, 128.0, 128.0, 128.0, 127.0, 128.0, 127.0, 128.0, 129.0, 129.0, 128.0, 128.0, 128.0, 129.0, 128.0, 126.0, 127.0, 129.0, 128.0, 127.0, 127.0, 127.0, 129.0]
Crossover offspring noisy fitness: [128.0, 127.0, 127.0, 129.0, 128.0, 128.0, 127.0, 128.0, 128.0, 128.0, 127.0, 129.0, 127.0, 128.0, 128.0, 129.0, 128.0, 128.0, 128.0, 128.0, 128.0, 127.0, 128.0, 127.0, 128.0, 129.0, 129.0, 128.0, 128.0, 128.0, 129.0, 128.0, 125.0, 127.0, 129.0, 128.0, 127.0, 127.0, 127.0, 129.0]

l: 44
Real fitness of mutation winner: 142.0
Noisy fitness of mutation winner: 142.0
Crossover offspring real fitness: [128.0, 129.0, 130.0, 128.0, 128.0, 128.0, 129.0, 131.0, 127.0, 130.0, 128.0, 128.0, 128.0, 129.0, 128.0, 128.0, 129.0, 129.0, 128.0, 130.0, 129.0, 128.0, 128.0, 128.0, 128.0, 129.0, 128.0, 129.0, 128.0, 128.0, 128.0, 128.0, 128.0, 130.0, 128.0, 128.0, 129.0, 129.0, 129.0, 127.0]
Crossover offspring noisy fitness: [128.0, 129.0, 130.0, 128.0, 128.0, 127.0, 129.0, 131.0, 127.0, 130.0, 128.0, 128.0, 128.0, 129.0, 128.0, 128.0, 129.0, 129.0, 128.0, 131.0, 129.0, 128.0, 128.0, 128.0, 128.0, 129.0, 128.0, 129.0, 128.0, 128.0, 128.0, 128.0, 128.0, 130.0, 128.0, 128.0, 129.0, 129.0, 129.0, 127.0]

l: 41
Real fitness of mutation winner: 143.0
Noisy fitness of mutation winner: 143.0
Crossover offspring real fitness: [127.0, 130.0, 129.0, 128.0, 129.0, 128.0, 129.0, 128.0, 129.0, 127.0, 127.0, 129.0, 130.0, 127.0, 128.0, 127.0, 128.0, 131.0, 129.0, 129.0, 132.0, 129.0, 130.0, 128.0, 130.0, 130.0, 128.0, 129.0, 128.0, 130.0, 129.0, 129.0, 128.0, 128.0, 128.0, 128.0, 129.0, 128.0, 129.0, 128.0]
Crossover offspring noisy fitness: [127.0, 130.0, 129.0, 128.0, 129.0, 128.0, 129.0, 128.0, 130.0, 126.0, 127.0, 129.0, 130.0, 127.0, 128.0, 127.0, 128.0, 131.0, 129.0, 129.0, 132.0, 129.0, 130.0, 128.0, 130.0, 130.0, 128.0, 129.0, 128.0, 130.0, 129.0, 129.0, 128.0, 128.0, 128.0, 128.0, 129.0, 128.0, 129.0, 128.0]

l: 40
Real fitness of mutation winner: 144.0
Noisy fitness of mutation winner: 144.0
Crossover offspring real fitness: [131.0, 127.0, 128.0, 127.0, 129.0, 129.0, 129.0, 129.0, 129.0, 128.0, 129.0, 128.0, 129.0, 128.0, 128.0, 127.0, 129.0, 130.0, 129.0, 129.0, 128.0, 132.0, 127.0, 132.0, 128.0, 129.0, 128.0, 127.0, 129.0, 129.0, 128.0, 129.0, 127.0, 129.0, 128.0, 130.0, 129.0, 128.0, 129.0, 128.0]
Crossover offspring noisy fitness: [131.0, 127.0, 128.0, 127.0, 129.0, 129.0, 129.0, 129.0, 129.0, 128.0, 128.0, 128.0, 129.0, 128.0, 128.0, 127.0, 129.0, 130.0, 129.0, 129.0, 128.0, 132.0, 127.0, 132.0, 128.0, 129.0, 128.0, 127.0, 129.0, 129.0, 128.0, 129.0, 128.0, 129.0, 128.0, 130.0, 129.0, 128.0, 129.0, 128.0]

