l: 40
Real fitness of mutation winner: 142.0
Noisy fitness of mutation winner: 142.0
Crossover offspring real fitness: [129.0, 128.0, 129.0, 128.0, 128.0, 128.0, 128.0, 130.0, 128.0, 128.0, 129.0, 129.0, 128.0, 128.0, 128.0, 128.0, 130.0, 128.0, 129.0, 128.0, 128.0, 129.0, 132.0, 128.0, 127.0, 129.0, 127.0, 128.0, 130.0, 130.0, 127.0, 128.0, 129.0, 128.0, 128.0, 129.0, 128.0, 130.0, 127.0, 128.0]
Crossover offspring noisy fitness: [129.0, 128.0, 130.0, 128.0, 128.0, 128.0, 128.0, 130.0, 128.0, 128.0, 129.0, 129.0, 128.0, 128.0, 128.0, 128.0, 130.0, 128.0, 129.0, 128.0, 128.0, 128.0, 132.0, 128.0, 127.0, 129.0, 127.0, 128.0, 131.0, 130.0, 127.0, 128.0, 129.0, 128.0, 128.0, 129.0, 128.0, 130.0, 127.0, 128.0]

l: 37
Real fitness of mutation winner: 139.0
Noisy fitness of mutation winner: 139.0
Crossover offspring real fitness: [128.0, 129.0, 128.0, 128.0, 128.0, 126.0, 128.0, 130.0, 127.0, 127.0, 130.0, 128.0, 129.0, 128.0, 129.0, 128.0, 127.0, 128.0, 129.0, 129.0, 128.0, 129.0, 129.0, 129.0, 129.0, 129.0, 129.0, 127.0, 128.0, 128.0, 127.0, 130.0, 128.0, 128.0, 128.0, 129.0, 127.0, 129.0, 128.0, 129.0]
Crossover offspring noisy fitness: [128.0, 129.0, 128.0, 128.0, 128.0, 126.0, 128.0, 130.0, 127.0, 127.0, 130.0, 128.0, 129.0, 128.0, 129.0, 128.0, 127.0, 128.0, 129.0, 129.0, 128.0, 129.0, 129.0, 129.0, 128.0, 129.0, 129.0, 127.0, 128.0, 128.0, 127.0, 130.0, 128.0, 128.0, 128.0, 129.0, 127.0, 129.0, 128.0, 129.0]

l: 44
Real fitness of mutation winner: 140.0
Noisy fitness of mutation winner: 139.0
Crossover offspring real fitness: [127.0, 128.0, 129.0, 128.0, 129.0, 127.0, 129.0, 129.0, 128.0, 129.0, 129.0, 128.0, 127.0, 128.0, 127.0, 127.0, 128.0, 128.0, 128.0, 127.0, 128.0, 131.0, 127.0, 129.0, 128.0, 130.0, 126.0, 128.0, 128.0, 128.0, 128.0, 129.0, 128.0, 129.0, 128.0, 128.0, 128.0, 128.0, 131.0, 128.0]
Crossover offspring noisy fitness: [127.0, 128.0, 129.0, 128.0, 129.0, 127.0, 129.0, 129.0, 128.0, 129.0, 129.0, 128.0, 127.0, 128.0, 127.0, 127.0, 128.0, 128.0, 128.0, 127.0, 128.0, 131.0, 128.0, 129.0, 128.0, 130.0, 126.0, 128.0, 128.0, 128.0, 128.0, 129.0, 128.0, 129.0, 128.0, 128.0, 128.0, 128.0, 131.0, 128.0]

l: 48
Real fitness of mutation winner: 142.0
Noisy fitness of mutation winner: 142.0
Crossover offspring real fitness: [131.0, 129.0, 130.0, 128.0, 128.0, 126.0, 129.0, 128.0, 129.0, 128.0, 126.0, 128.0, 128.0, 129.0, 129.0, 127.0, 128.0, 129.0, 129.0, 129.0, 129.0, 130.0, 128.0, 128.0, 129.0, 129.0, 128.0, 128.0, 128.0, 128.0, 127.0, 129.0, 126.0, 130.0, 128.0, 129.0, 127.0, 130.0, 128.0, 128.0]
Crossover offspring noisy fitness: [131.0, 129.0, 130.0, 128.0, 128.0, 126.0, 129.0, 128.0, 129.0, 128.0, 125.0, 128.0, 128.0, 129.0, 129.0, 127.0, 128.0, 129.0, 129.0, 129.0, 129.0, 130.0, 128.0, 128.0, 129.0, 129.0, 128.0, 129.0, 128.0, 128.0, 127.0, 129.0, 126.0, 130.0, 128.0, 129.0, 127.0, 130.0, 128.0, 128.0]

