l: 45
Real fitness of mutation winner: 145.0
Noisy fitness of mutation winner: 145.0
Crossover offspring real fitness: [128.0, 130.0, 130.0, 127.0, 129.0, 129.0, 129.0, 129.0, 130.0, 129.0, 128.0, 129.0, 129.0, 129.0, 128.0, 129.0, 128.0, 128.0, 131.0, 127.0, 127.0, 129.0, 129.0, 129.0, 128.0, 128.0, 129.0, 129.0, 129.0, 128.0, 128.0, 127.0, 127.0, 127.0, 129.0, 126.0, 127.0, 129.0, 129.0, 128.0]
Crossover offspring noisy fitness: [128.0, 130.0, 130.0, 127.0, 129.0, 129.0, 129.0, 129.0, 130.0, 129.0, 128.0, 129.0, 129.0, 129.0, 128.0, 129.0, 128.0, 128.0, 131.0, 127.0, 127.0, 129.0, 129.0, 129.0, 128.0, 128.0, 129.0, 129.0, 129.0, 128.0, 128.0, 127.0, 127.0, 127.0, 129.0, 126.0, 127.0, 129.0, 129.0, 128.0]

l: 43
Real fitness of mutation winner: 143.0
Noisy fitness of mutation winner: 143.0
Crossover offspring real fitness: [129.0, 129.0, 128.0, 130.0, 130.0, 130.0, 128.0, 128.0, 127.0, 128.0, 128.0, 130.0, 128.0, 127.0, 129.0, 128.0, 128.0, 128.0, 130.0, 129.0, 129.0, 128.0, 131.0, 129.0, 129.0, 129.0, 127.0, 130.0, 128.0, 129.0, 128.0, 128.0, 128.0, 128.0, 129.0, 128.0, 130.0, 128.0, 130.0, 128.0]
Crossover offspring noisy fitness: [129.0, 129.0, 128.0, 130.0, 129.0, 130.0, 128.0, 128.0, 127.0, 128.0, 128.0, 130.0, 128.0, 127.0, 129.0, 128.0, 128.0, 128.0, 130.0, 129.0, 129.0, 128.0, 131.0, 129.0, 129.0, 129.0, 127.0, 130.0, 129.0, 128.0, 128.0, 128.0, 128.0, 128.0, 129.0, 128.0, 130.0, 128.0, 130.0, 128.0]

l: 37
Real fitness of mutation winner: 141.0
Noisy fitness of mutation winner: 141.0
Crossover offspring real fitness: [128.0, 128.0, 129.0, 129.0, 126.0, 128.0, 130.0, 129.0, 129.0, 128.0, 129.0, 130.0, 128.0, 129.0, 127.0, 128.0, 130.0, 128.0, 128.0, 128.0, 128.0, 128.0, 131.0, 129.0, 128.0, 127.0, 128.0, 129.0, 129.0, 128.0, 128.0, 127.0, 129.0, 127.0, 128.0, 128.0, 127.0, 128.0, 129.0, 127.0]
Crossover offspring noisy fitness: [128.0, 128.0, 129.0, 129.0, 126.0, 128.0, 130.0, 129.0, 129.0, 128.0, 129.0, 130.0, 128.0, 129.0, 127.0, 129.0, 130.0, 128.0, 128.0, 128.0, 128.0, 128.0, 131.0, 129.0, 128.0, 127.0, 128.0, 129.0, 129.0, 128.0, 128.0, 127.0, 129.0, 126.0, 129.0, 128.0, 127.0, 127.0, 129.0, 127.0]

l: 39
Real fitness of mutation winner: 139.0
Noisy fitness of mutation winner: 139.0
Crossover offspring real fitness: [127.0, 128.0, 127.0, 128.0, 128.0, 130.0, 128.0, 128.0, 129.0, 127.0, 127.0, 127.0, 128.0, 128.0, 129.0, 127.0, 126.0, 128.0, 128.0, 127.0, 128.0, 128.0, 129.0, 126.0, 127.0, 129.0, 130.0, 128.0, 127.0, 130.0, 129.0, 128.0, 129.0, 128.0, 130.0, 128.0, 128.0, 129.0, 129.0, 128.0]
Crossover offspring noisy fitness: [127.0, 128.0, 127.0, 128.0, 128.0, 130.0, 128.0, 128.0, 129.0, 127.0, 127.0, 127.0, 128.0, 128.0, 129.0, 127.0, 126.0, 128.0, 128.0, 127.0, 128.0, 128.0, 129.0, 126.0, 127.0, 129.0, 130.0, 128.0, 127.0, 130.0, 129.0, 128.0, 129.0, 128.0, 130.0, 128.0, 128.0, 129.0, 129.0, 128.0]

