l: 22
Fitness of mutation winner: 136.0
Crossover offspring real fitness: [130.0, 127.0, 127.0, 130.0, 130.0, 127.0, 130.0, 129.0, 128.0, 130.0, 130.0, 127.0, 131.0, 128.0, 129.0, 129.0]
Crossover offspring noisy fitness: [130.0, 127.0, 127.0, 130.0, 130.0, 127.0, 130.0, 129.0, 128.0, 130.0, 130.0, 127.0, 131.0, 128.0, 129.0, 129.0]

l: 14
Fitness of mutation winner: 132.0
Crossover offspring real fitness: [129.0, 127.0, 128.0, 128.0, 129.0, 128.0, 130.0, 128.0, 125.0, 129.0, 127.0, 128.0, 128.0, 128.0, 129.0, 129.0]
Crossover offspring noisy fitness: [129.0, 127.0, 128.0, 128.0, 129.0, 128.0, 130.0, 128.0, 125.0, 129.0, 127.0, 128.0, 128.0, 128.0, 129.0, 128.0]

l: 12
Fitness of mutation winner: 132.0
Crossover offspring real fitness: [130.0, 126.0, 128.0, 130.0, 128.0, 127.0, 127.0, 128.0, 127.0, 130.0, 129.0, 128.0, 128.0, 128.0, 126.0, 129.0]
Crossover offspring noisy fitness: [130.0, 126.0, 128.0, 130.0, 128.0, 127.0, 127.0, 128.0, 127.0, 130.0, 129.0, 128.0, 128.0, 128.0, 126.0, 129.0]

l: 15
Fitness of mutation winner: 135.0
Crossover offspring real fitness: [128.0, 129.0, 129.0, 129.0, 128.0, 129.0, 130.0, 128.0, 129.0, 128.0, 128.0, 129.0, 128.0, 129.0, 127.0, 128.0]
Crossover offspring noisy fitness: [128.0, 129.0, 129.0, 129.0, 128.0, 129.0, 130.0, 128.0, 129.0, 128.0, 128.0, 128.0, 128.0, 129.0, 126.0, 128.0]

