l: 47
Fitness of mutation winner: 137.0
Crossover offspring real fitness: [126.0, 127.0, 130.0, 127.0, 129.0, 128.0, 128.0, 128.0, 129.0, 127.0, 129.0, 129.0, 128.0, 127.0, 130.0, 129.0, 128.0, 129.0, 129.0, 127.0, 129.0, 128.0, 128.0, 127.0, 129.0, 128.0, 129.0, 127.0, 127.0, 128.0, 128.0, 128.0, 129.0, 128.0, 131.0, 127.0, 128.0, 127.0, 129.0, 128.0]
Crossover offspring noisy fitness: [126.0, 127.0, 130.0, 127.0, 129.0, 128.0, 128.0, 128.0, 129.0, 127.0, 129.0, 129.0, 128.0, 128.0, 130.0, 129.0, 128.0, 128.0, 129.0, 127.0, 129.0, 128.0, 128.0, 127.0, 129.0, 129.0, 129.0, 127.0, 127.0, 128.0, 128.0, 128.0, 129.0, 128.0, 131.0, 127.0, 128.0, 127.0, 129.0, 128.0]

l: 31
Fitness of mutation winner: 137.0
Crossover offspring real fitness: [127.0, 128.0, 127.0, 129.0, 128.0, 128.0, 128.0, 128.0, 128.0, 128.0, 129.0, 128.0, 128.0, 128.0, 129.0, 127.0, 128.0, 130.0, 129.0, 130.0, 129.0, 129.0, 128.0, 128.0, 129.0, 128.0, 128.0, 127.0, 129.0, 129.0, 127.0, 128.0, 129.0, 127.0, 128.0, 129.0, 128.0, 128.0, 127.0, 127.0]
Crossover offspring noisy fitness: [127.0, 128.0, 127.0, 129.0, 128.0, 128.0, 128.0, 128.0, 128.0, 128.0, 129.0, 128.0, 128.0, 128.0, 129.0, 127.0, 129.0, 130.0, 129.0, 130.0, 129.0, 129.0, 128.0, 128.0, 129.0, 128.0, 128.0, 127.0, 129.0, 129.0, 127.0, 128.0, 128.0, 127.0, 128.0, 130.0, 128.0, 128.0, 127.0, 127.0]

l: 49
Fitness of mutation winner: 145.0
Crossover offspring real fitness: [128.0, 126.0, 128.0, 126.0, 128.0, 129.0, 128.0, 129.0, 129.0, 129.0, 128.0, 129.0, 128.0, 129.0, 129.0, 128.0, 127.0, 129.0, 129.0, 128.0, 127.0, 128.0, 130.0, 129.0, 128.0, 128.0, 129.0, 127.0, 126.0, 128.0, 127.0, 127.0, 130.0, 129.0, 128.0, 128.0, 130.0, 132.0, 130.0, 129.0]
Crossover offspring noisy fitness: [128.0, 126.0, 128.0, 126.0, 127.0, 129.0, 128.0, 129.0, 129.0, 129.0, 127.0, 129.0, 127.0, 129.0, 129.0, 128.0, 127.0, 128.0, 130.0, 128.0, 127.0, 128.0, 130.0, 129.0, 128.0, 128.0, 129.0, 127.0, 126.0, 128.0, 127.0, 127.0, 130.0, 130.0, 128.0, 128.0, 130.0, 132.0, 130.0, 129.0]

l: 44
Fitness of mutation winner: 142.0
Crossover offspring real fitness: [127.0, 128.0, 127.0, 128.0, 128.0, 129.0, 129.0, 128.0, 126.0, 128.0, 127.0, 128.0, 127.0, 130.0, 128.0, 130.0, 128.0, 127.0, 128.0, 127.0, 128.0, 130.0, 128.0, 128.0, 127.0, 127.0, 128.0, 129.0, 127.0, 128.0, 129.0, 128.0, 127.0, 130.0, 129.0, 127.0, 129.0, 128.0, 130.0, 128.0]
Crossover offspring noisy fitness: [127.0, 128.0, 127.0, 128.0, 128.0, 129.0, 129.0, 128.0, 126.0, 128.0, 127.0, 128.0, 127.0, 130.0, 128.0, 130.0, 128.0, 127.0, 128.0, 127.0, 128.0, 130.0, 128.0, 128.0, 127.0, 127.0, 128.0, 129.0, 127.0, 128.0, 129.0, 128.0, 127.0, 130.0, 129.0, 127.0, 129.0, 128.0, 130.0, 128.0]

