l: 15
Fitness of mutation winner: 135.0
Crossover offspring real fitness: [129.0, 129.0, 128.0, 128.0, 127.0, 128.0, 128.0, 129.0, 128.0, 128.0, 129.0, 129.0, 130.0, 127.0, 131.0, 128.0]
Crossover offspring noisy fitness: [129.0, 128.0, 128.0, 128.0, 127.0, 128.0, 128.0, 129.0, 128.0, 128.0, 129.0, 128.0, 130.0, 126.0, 131.0, 128.0]

l: 11
Fitness of mutation winner: 135.0
Crossover offspring real fitness: [129.0, 128.0, 130.0, 128.0, 128.0, 129.0, 128.0, 128.0, 128.0, 128.0, 128.0, 128.0, 129.0, 128.0, 129.0, 129.0]
Crossover offspring noisy fitness: [129.0, 128.0, 130.0, 128.0, 128.0, 129.0, 128.0, 128.0, 128.0, 128.0, 128.0, 128.0, 130.0, 128.0, 129.0, 129.0]

l: 17
Fitness of mutation winner: 139.0
Crossover offspring real fitness: [129.0, 128.0, 129.0, 129.0, 130.0, 129.0, 130.0, 128.0, 129.0, 130.0, 129.0, 129.0, 128.0, 130.0, 128.0, 129.0]
Crossover offspring noisy fitness: [129.0, 128.0, 129.0, 129.0, 130.0, 129.0, 130.0, 128.0, 129.0, 130.0, 129.0, 129.0, 128.0, 130.0, 128.0, 129.0]

l: 17
Fitness of mutation winner: 135.0
Crossover offspring real fitness: [128.0, 129.0, 129.0, 128.0, 128.0, 127.0, 128.0, 129.0, 129.0, 128.0, 128.0, 127.0, 128.0, 128.0, 129.0, 128.0]
Crossover offspring noisy fitness: [128.0, 129.0, 129.0, 128.0, 128.0, 127.0, 128.0, 129.0, 129.0, 128.0, 128.0, 127.0, 128.0, 128.0, 129.0, 129.0]

