l: 30
Real fitness of mutation winner: 148.0
Noisy fitness of mutation winner: 148.0
Crossover offspring real fitness: [128.0, 128.0, 128.0, 128.0, 128.0, 129.0, 128.0, 128.0, 128.0, 128.0, 128.0, 129.0, 129.0, 131.0, 128.0, 128.0, 128.0, 128.0, 129.0, 128.0, 127.0, 128.0, 128.0, 128.0, 128.0, 128.0, 128.0, 129.0, 129.0, 130.0, 128.0, 128.0, 129.0, 128.0, 131.0, 129.0, 128.0, 127.0, 129.0, 129.0]
Crossover offspring noisy fitness: [128.0, 128.0, 128.0, 128.0, 127.0, 129.0, 128.0, 128.0, 128.0, 128.0, 128.0, 129.0, 128.0, 131.0, 128.0, 128.0, 128.0, 128.0, 129.0, 128.0, 127.0, 128.0, 128.0, 128.0, 128.0, 128.0, 128.0, 129.0, 129.0, 130.0, 128.0, 128.0, 129.0, 128.0, 131.0, 129.0, 128.0, 127.0, 129.0, 129.0]

l: 40
Real fitness of mutation winner: 140.0
Noisy fitness of mutation winner: 140.0
Crossover offspring real fitness: [127.0, 129.0, 130.0, 128.0, 129.0, 128.0, 127.0, 130.0, 128.0, 128.0, 128.0, 131.0, 129.0, 131.0, 128.0, 129.0, 128.0, 129.0, 129.0, 128.0, 130.0, 128.0, 128.0, 128.0, 128.0, 127.0, 129.0, 127.0, 128.0, 129.0, 129.0, 128.0, 128.0, 129.0, 129.0, 130.0, 129.0, 130.0, 131.0, 129.0]
Crossover offspring noisy fitness: [127.0, 129.0, 130.0, 128.0, 129.0, 128.0, 127.0, 130.0, 127.0, 128.0, 128.0, 131.0, 129.0, 131.0, 128.0, 129.0, 128.0, 129.0, 129.0, 128.0, 130.0, 128.0, 128.0, 128.0, 128.0, 127.0, 129.0, 127.0, 128.0, 129.0, 129.0, 128.0, 128.0, 129.0, 129.0, 130.0, 129.0, 130.0, 131.0, 129.0]

l: 48
Real fitness of mutation winner: 138.0
Noisy fitness of mutation winner: 138.0
Crossover offspring real fitness: [128.0, 127.0, 128.0, 127.0, 127.0, 130.0, 129.0, 129.0, 127.0, 129.0, 129.0, 128.0, 128.0, 128.0, 128.0, 128.0, 127.0, 130.0, 129.0, 129.0, 129.0, 130.0, 127.0, 128.0, 124.0, 129.0, 129.0, 128.0, 128.0, 126.0, 128.0, 128.0, 125.0, 127.0, 127.0, 127.0, 126.0, 129.0, 127.0, 128.0]
Crossover offspring noisy fitness: [128.0, 127.0, 128.0, 127.0, 127.0, 130.0, 129.0, 129.0, 127.0, 129.0, 129.0, 128.0, 129.0, 128.0, 128.0, 128.0, 127.0, 130.0, 129.0, 129.0, 129.0, 130.0, 127.0, 128.0, 124.0, 129.0, 129.0, 128.0, 128.0, 126.0, 128.0, 128.0, 125.0, 127.0, 127.0, 127.0, 126.0, 129.0, 127.0, 128.0]

l: 41
Real fitness of mutation winner: 143.0
Noisy fitness of mutation winner: 143.0
Crossover offspring real fitness: [127.0, 128.0, 128.0, 129.0, 130.0, 129.0, 126.0, 128.0, 128.0, 128.0, 129.0, 130.0, 128.0, 127.0, 128.0, 129.0, 129.0, 129.0, 129.0, 128.0, 128.0, 128.0, 128.0, 128.0, 127.0, 128.0, 128.0, 129.0, 129.0, 128.0, 129.0, 127.0, 129.0, 128.0, 128.0, 128.0, 129.0, 128.0, 129.0, 128.0]
Crossover offspring noisy fitness: [127.0, 128.0, 128.0, 129.0, 130.0, 129.0, 126.0, 128.0, 128.0, 128.0, 129.0, 129.0, 128.0, 127.0, 128.0, 129.0, 129.0, 129.0, 129.0, 128.0, 128.0, 128.0, 128.0, 128.0, 127.0, 128.0, 128.0, 129.0, 129.0, 128.0, 129.0, 127.0, 129.0, 128.0, 128.0, 128.0, 129.0, 128.0, 129.0, 128.0]

