l: 34
Fitness of mutation winner: 142.0
Crossover offspring real fitness: [129.0, 127.0, 129.0, 127.0, 128.0, 127.0, 129.0, 127.0, 128.0, 129.0, 129.0, 128.0, 128.0, 127.0, 129.0, 127.0, 129.0, 131.0, 128.0, 130.0, 128.0, 129.0, 128.0, 128.0, 130.0, 128.0, 129.0, 128.0, 128.0, 132.0, 130.0, 128.0, 129.0, 128.0, 128.0, 130.0, 129.0, 128.0, 129.0, 130.0]
Crossover offspring noisy fitness: [129.0, 127.0, 129.0, 127.0, 128.0, 127.0, 129.0, 127.0, 128.0, 129.0, 129.0, 127.0, 128.0, 127.0, 129.0, 127.0, 129.0, 131.0, 128.0, 130.0, 128.0, 129.0, 127.0, 128.0, 130.0, 128.0, 129.0, 128.0, 128.0, 132.0, 130.0, 128.0, 129.0, 128.0, 128.0, 130.0, 129.0, 128.0, 129.0, 130.0]

l: 44
Fitness of mutation winner: 140.0
Crossover offspring real fitness: [129.0, 128.0, 128.0, 127.0, 128.0, 129.0, 128.0, 129.0, 133.0, 128.0, 128.0, 130.0, 127.0, 128.0, 128.0, 128.0, 128.0, 128.0, 128.0, 129.0, 130.0, 127.0, 127.0, 126.0, 129.0, 127.0, 127.0, 128.0, 127.0, 130.0, 128.0, 129.0, 129.0, 128.0, 129.0, 130.0, 127.0, 128.0, 128.0, 128.0]
Crossover offspring noisy fitness: [129.0, 127.0, 128.0, 127.0, 128.0, 129.0, 129.0, 129.0, 133.0, 128.0, 128.0, 130.0, 127.0, 128.0, 128.0, 128.0, 128.0, 128.0, 128.0, 129.0, 130.0, 127.0, 127.0, 126.0, 129.0, 127.0, 127.0, 128.0, 127.0, 130.0, 128.0, 129.0, 129.0, 128.0, 129.0, 130.0, 127.0, 128.0, 128.0, 128.0]

l: 50
Fitness of mutation winner: 138.0
Crossover offspring real fitness: [127.0, 128.0, 127.0, 128.0, 128.0, 127.0, 128.0, 130.0, 128.0, 128.0, 129.0, 128.0, 127.0, 128.0, 128.0, 126.0, 129.0, 128.0, 128.0, 130.0, 128.0, 129.0, 129.0, 131.0, 128.0, 129.0, 127.0, 129.0, 128.0, 127.0, 128.0, 128.0, 129.0, 131.0, 128.0, 128.0, 128.0, 126.0, 129.0, 128.0]
Crossover offspring noisy fitness: [127.0, 127.0, 127.0, 128.0, 128.0, 127.0, 128.0, 130.0, 128.0, 128.0, 129.0, 128.0, 127.0, 128.0, 128.0, 126.0, 129.0, 128.0, 128.0, 130.0, 128.0, 129.0, 129.0, 131.0, 128.0, 129.0, 127.0, 129.0, 128.0, 127.0, 128.0, 129.0, 129.0, 131.0, 128.0, 128.0, 128.0, 126.0, 129.0, 128.0]

l: 38
Fitness of mutation winner: 142.0
Crossover offspring real fitness: [128.0, 128.0, 129.0, 127.0, 128.0, 127.0, 128.0, 127.0, 128.0, 127.0, 130.0, 128.0, 130.0, 128.0, 128.0, 128.0, 129.0, 128.0, 129.0, 128.0, 129.0, 128.0, 128.0, 129.0, 127.0, 128.0, 126.0, 126.0, 128.0, 126.0, 129.0, 128.0, 128.0, 126.0, 128.0, 128.0, 129.0, 127.0, 128.0, 129.0]
Crossover offspring noisy fitness: [128.0, 128.0, 129.0, 127.0, 128.0, 127.0, 128.0, 127.0, 128.0, 127.0, 130.0, 128.0, 130.0, 128.0, 128.0, 128.0, 129.0, 128.0, 129.0, 128.0, 129.0, 128.0, 128.0, 129.0, 127.0, 128.0, 126.0, 125.0, 128.0, 126.0, 129.0, 128.0, 128.0, 126.0, 128.0, 128.0, 129.0, 127.0, 129.0, 129.0]

