l: 46
Real fitness of mutation winner: 138.0
Noisy fitness of mutation winner: 138.0
Crossover offspring real fitness: [130.0, 131.0, 128.0, 130.0, 128.0, 129.0, 129.0, 127.0, 128.0, 128.0, 129.0, 129.0, 128.0, 128.0, 129.0, 129.0, 128.0, 128.0, 128.0, 129.0, 130.0, 130.0, 130.0, 128.0, 128.0, 128.0, 129.0, 128.0, 129.0, 130.0, 128.0, 129.0, 129.0, 128.0, 128.0, 128.0, 128.0, 128.0, 128.0, 129.0]
Crossover offspring noisy fitness: [130.0, 131.0, 127.0, 130.0, 128.0, 129.0, 129.0, 127.0, 128.0, 128.0, 128.0, 129.0, 128.0, 128.0, 129.0, 129.0, 128.0, 128.0, 128.0, 129.0, 130.0, 130.0, 130.0, 128.0, 128.0, 128.0, 129.0, 128.0, 129.0, 130.0, 128.0, 129.0, 129.0, 128.0, 128.0, 128.0, 128.0, 128.0, 128.0, 130.0]

l: 41
Real fitness of mutation winner: 137.0
Noisy fitness of mutation winner: 137.0
Crossover offspring real fitness: [126.0, 129.0, 127.0, 129.0, 128.0, 129.0, 128.0, 128.0, 129.0, 130.0, 128.0, 128.0, 128.0, 128.0, 129.0, 128.0, 128.0, 128.0, 128.0, 128.0, 129.0, 128.0, 129.0, 128.0, 128.0, 128.0, 128.0, 129.0, 128.0, 128.0, 127.0, 128.0, 128.0, 128.0, 129.0, 129.0, 125.0, 128.0, 127.0, 129.0]
Crossover offspring noisy fitness: [126.0, 129.0, 127.0, 129.0, 128.0, 129.0, 128.0, 128.0, 129.0, 130.0, 128.0, 128.0, 128.0, 128.0, 129.0, 128.0, 128.0, 128.0, 128.0, 128.0, 129.0, 128.0, 129.0, 129.0, 128.0, 128.0, 128.0, 129.0, 128.0, 128.0, 127.0, 128.0, 128.0, 128.0, 129.0, 129.0, 125.0, 128.0, 127.0, 129.0]

l: 40
Real fitness of mutation winner: 144.0
Noisy fitness of mutation winner: 144.0
Crossover offspring real fitness: [130.0, 130.0, 128.0, 130.0, 130.0, 128.0, 128.0, 131.0, 129.0, 130.0, 128.0, 129.0, 129.0, 129.0, 127.0, 129.0, 130.0, 128.0, 128.0, 128.0, 128.0, 128.0, 130.0, 129.0, 128.0, 130.0, 129.0, 128.0, 128.0, 128.0, 129.0, 129.0, 131.0, 129.0, 128.0, 128.0, 128.0, 128.0, 129.0, 128.0]
Crossover offspring noisy fitness: [130.0, 130.0, 128.0, 130.0, 130.0, 128.0, 128.0, 131.0, 129.0, 130.0, 128.0, 129.0, 129.0, 129.0, 127.0, 128.0, 130.0, 128.0, 128.0, 128.0, 128.0, 128.0, 130.0, 129.0, 128.0, 130.0, 129.0, 128.0, 128.0, 128.0, 129.0, 129.0, 131.0, 129.0, 128.0, 127.0, 128.0, 128.0, 129.0, 128.0]

l: 43
Real fitness of mutation winner: 139.0
Noisy fitness of mutation winner: 139.0
Crossover offspring real fitness: [130.0, 129.0, 128.0, 130.0, 128.0, 130.0, 127.0, 128.0, 128.0, 127.0, 129.0, 128.0, 128.0, 129.0, 129.0, 129.0, 128.0, 128.0, 128.0, 129.0, 129.0, 129.0, 127.0, 130.0, 127.0, 129.0, 130.0, 128.0, 129.0, 128.0, 129.0, 128.0, 128.0, 129.0, 129.0, 129.0, 128.0, 128.0, 128.0, 128.0]
Crossover offspring noisy fitness: [130.0, 129.0, 128.0, 130.0, 128.0, 130.0, 127.0, 128.0, 128.0, 127.0, 129.0, 128.0, 128.0, 129.0, 129.0, 129.0, 128.0, 128.0, 128.0, 129.0, 129.0, 129.0, 127.0, 130.0, 127.0, 129.0, 130.0, 128.0, 129.0, 128.0, 129.0, 128.0, 128.0, 129.0, 129.0, 129.0, 128.0, 127.0, 128.0, 128.0]

