l: 39
Real fitness of mutation winner: 139.0
Noisy fitness of mutation winner: 139.0
Crossover offspring real fitness: [128.0, 129.0, 128.0, 128.0, 129.0, 128.0, 128.0, 130.0, 128.0, 128.0, 126.0, 129.0, 128.0, 129.0, 128.0, 128.0, 128.0, 128.0, 129.0, 128.0, 130.0, 129.0, 129.0, 128.0, 129.0, 127.0, 127.0, 128.0, 128.0, 128.0, 128.0, 128.0, 129.0, 128.0, 128.0, 130.0, 129.0, 128.0, 127.0, 127.0]
Crossover offspring noisy fitness: [128.0, 129.0, 128.0, 128.0, 128.0, 128.0, 128.0, 130.0, 128.0, 128.0, 126.0, 129.0, 128.0, 129.0, 128.0, 128.0, 128.0, 128.0, 129.0, 128.0, 130.0, 129.0, 130.0, 128.0, 129.0, 127.0, 127.0, 129.0, 128.0, 127.0, 128.0, 128.0, 129.0, 128.0, 128.0, 130.0, 129.0, 128.0, 127.0, 127.0]

l: 48
Real fitness of mutation winner: 150.0
Noisy fitness of mutation winner: 150.0
Crossover offspring real fitness: [128.0, 127.0, 127.0, 128.0, 128.0, 130.0, 128.0, 128.0, 128.0, 129.0, 128.0, 128.0, 128.0, 128.0, 129.0, 130.0, 127.0, 128.0, 127.0, 128.0, 128.0, 131.0, 130.0, 127.0, 127.0, 127.0, 131.0, 130.0, 129.0, 129.0, 128.0, 128.0, 126.0, 128.0, 128.0, 130.0, 126.0, 130.0, 128.0, 127.0]
Crossover offspring noisy fitness: [128.0, 127.0, 127.0, 128.0, 128.0, 130.0, 128.0, 128.0, 128.0, 129.0, 128.0, 128.0, 128.0, 128.0, 129.0, 130.0, 127.0, 128.0, 127.0, 128.0, 128.0, 131.0, 130.0, 127.0, 126.0, 127.0, 131.0, 130.0, 129.0, 129.0, 127.0, 128.0, 126.0, 128.0, 128.0, 130.0, 126.0, 130.0, 128.0, 127.0]

l: 54
Real fitness of mutation winner: 142.0
Noisy fitness of mutation winner: 142.0
Crossover offspring real fitness: [127.0, 126.0, 130.0, 128.0, 128.0, 128.0, 128.0, 127.0, 128.0, 129.0, 129.0, 127.0, 128.0, 129.0, 128.0, 128.0, 128.0, 130.0, 126.0, 131.0, 128.0, 128.0, 129.0, 127.0, 129.0, 129.0, 128.0, 126.0, 127.0, 130.0, 129.0, 128.0, 129.0, 129.0, 128.0, 127.0, 129.0, 128.0, 129.0, 130.0]
Crossover offspring noisy fitness: [127.0, 126.0, 130.0, 128.0, 128.0, 128.0, 128.0, 126.0, 128.0, 129.0, 129.0, 127.0, 128.0, 129.0, 128.0, 128.0, 128.0, 130.0, 126.0, 131.0, 128.0, 128.0, 129.0, 127.0, 129.0, 129.0, 128.0, 126.0, 127.0, 130.0, 129.0, 128.0, 129.0, 129.0, 128.0, 127.0, 129.0, 128.0, 129.0, 130.0]

l: 51
Real fitness of mutation winner: 143.0
Noisy fitness of mutation winner: 143.0
Crossover offspring real fitness: [130.0, 128.0, 128.0, 129.0, 127.0, 128.0, 129.0, 130.0, 129.0, 129.0, 130.0, 127.0, 127.0, 127.0, 128.0, 128.0, 127.0, 130.0, 129.0, 128.0, 130.0, 129.0, 129.0, 127.0, 131.0, 129.0, 127.0, 129.0, 129.0, 128.0, 129.0, 128.0, 126.0, 128.0, 128.0, 127.0, 127.0, 130.0, 130.0, 130.0]
Crossover offspring noisy fitness: [130.0, 128.0, 128.0, 129.0, 127.0, 128.0, 130.0, 130.0, 129.0, 129.0, 130.0, 127.0, 127.0, 127.0, 128.0, 128.0, 127.0, 130.0, 129.0, 128.0, 130.0, 129.0, 129.0, 127.0, 131.0, 129.0, 127.0, 129.0, 129.0, 128.0, 129.0, 128.0, 126.0, 128.0, 128.0, 127.0, 127.0, 130.0, 130.0, 130.0]

