l: 12
Fitness of mutation winner: 132.0
Crossover offspring real fitness: [127.0, 128.0, 128.0, 128.0, 129.0, 128.0, 128.0, 128.0, 128.0, 128.0, 126.0, 128.0, 128.0, 128.0, 127.0, 128.0]
Crossover offspring noisy fitness: [127.0, 128.0, 128.0, 128.0, 129.0, 128.0, 128.0, 128.0, 128.0, 128.0, 126.0, 128.0, 128.0, 128.0, 127.0, 127.0]

l: 19
Fitness of mutation winner: 133.0
Crossover offspring real fitness: [130.0, 128.0, 127.0, 128.0, 128.0, 128.0, 130.0, 128.0, 128.0, 129.0, 128.0, 127.0, 130.0, 128.0, 127.0, 129.0]
Crossover offspring noisy fitness: [130.0, 128.0, 127.0, 128.0, 128.0, 128.0, 130.0, 128.0, 128.0, 129.0, 128.0, 127.0, 130.0, 128.0, 127.0, 129.0]

l: 13
Fitness of mutation winner: 134.0
Crossover offspring real fitness: [129.0, 129.0, 127.0, 129.0, 128.0, 129.0, 128.0, 128.0, 128.0, 127.0, 129.0, 128.0, 128.0, 128.0, 127.0, 129.0]
Crossover offspring noisy fitness: [129.0, 129.0, 127.0, 129.0, 128.0, 129.0, 128.0, 128.0, 128.0, 127.0, 129.0, 128.0, 128.0, 128.0, 126.0, 129.0]

l: 20
Fitness of mutation winner: 134.0
Crossover offspring real fitness: [129.0, 128.0, 129.0, 128.0, 128.0, 128.0, 129.0, 129.0, 128.0, 129.0, 125.0, 129.0, 127.0, 129.0, 129.0, 130.0]
Crossover offspring noisy fitness: [129.0, 128.0, 129.0, 128.0, 128.0, 128.0, 129.0, 129.0, 128.0, 129.0, 125.0, 129.0, 127.0, 129.0, 129.0, 130.0]

