l: 35
Real fitness of mutation winner: 137.0
Noisy fitness of mutation winner: 137.0
Crossover offspring real fitness: [128.0, 130.0, 127.0, 130.0, 129.0, 129.0, 129.0, 129.0, 126.0, 131.0, 126.0, 128.0, 128.0, 129.0, 129.0, 128.0, 128.0, 128.0, 128.0, 130.0, 128.0, 128.0, 129.0, 128.0, 127.0, 127.0, 129.0, 128.0, 129.0, 129.0, 128.0, 127.0, 129.0, 129.0, 127.0, 129.0, 128.0, 128.0, 128.0, 129.0]
Crossover offspring noisy fitness: [128.0, 130.0, 127.0, 130.0, 129.0, 129.0, 129.0, 129.0, 126.0, 131.0, 126.0, 128.0, 128.0, 129.0, 129.0, 128.0, 128.0, 128.0, 128.0, 130.0, 128.0, 128.0, 128.0, 128.0, 127.0, 127.0, 129.0, 128.0, 129.0, 129.0, 128.0, 127.0, 129.0, 129.0, 127.0, 130.0, 128.0, 128.0, 128.0, 129.0]

l: 44
Real fitness of mutation winner: 140.0
Noisy fitness of mutation winner: 140.0
Crossover offspring real fitness: [128.0, 128.0, 130.0, 129.0, 128.0, 129.0, 128.0, 128.0, 128.0, 130.0, 129.0, 129.0, 129.0, 128.0, 131.0, 128.0, 129.0, 131.0, 128.0, 126.0, 129.0, 129.0, 127.0, 129.0, 130.0, 128.0, 128.0, 127.0, 128.0, 127.0, 126.0, 127.0, 129.0, 126.0, 128.0, 129.0, 128.0, 129.0, 128.0, 129.0]
Crossover offspring noisy fitness: [128.0, 128.0, 130.0, 129.0, 128.0, 129.0, 128.0, 128.0, 128.0, 130.0, 129.0, 129.0, 129.0, 128.0, 131.0, 128.0, 129.0, 131.0, 128.0, 126.0, 129.0, 129.0, 127.0, 129.0, 130.0, 128.0, 128.0, 127.0, 128.0, 127.0, 127.0, 127.0, 129.0, 126.0, 128.0, 130.0, 128.0, 129.0, 128.0, 129.0]

l: 41
Real fitness of mutation winner: 139.0
Noisy fitness of mutation winner: 139.0
Crossover offspring real fitness: [130.0, 130.0, 128.0, 129.0, 127.0, 128.0, 128.0, 127.0, 128.0, 129.0, 127.0, 129.0, 130.0, 128.0, 128.0, 129.0, 129.0, 130.0, 127.0, 128.0, 130.0, 129.0, 129.0, 130.0, 127.0, 129.0, 126.0, 127.0, 129.0, 128.0, 126.0, 127.0, 128.0, 127.0, 128.0, 130.0, 126.0, 127.0, 129.0, 128.0]
Crossover offspring noisy fitness: [130.0, 131.0, 128.0, 129.0, 127.0, 128.0, 128.0, 127.0, 128.0, 129.0, 127.0, 129.0, 130.0, 127.0, 128.0, 129.0, 129.0, 130.0, 127.0, 128.0, 130.0, 129.0, 128.0, 130.0, 127.0, 129.0, 126.0, 127.0, 129.0, 128.0, 126.0, 128.0, 129.0, 127.0, 128.0, 130.0, 126.0, 128.0, 129.0, 128.0]

l: 37
Real fitness of mutation winner: 135.0
Noisy fitness of mutation winner: 135.0
Crossover offspring real fitness: [129.0, 129.0, 126.0, 128.0, 129.0, 128.0, 128.0, 129.0, 127.0, 127.0, 127.0, 128.0, 127.0, 127.0, 129.0, 128.0, 129.0, 128.0, 128.0, 127.0, 129.0, 127.0, 128.0, 128.0, 128.0, 127.0, 129.0, 127.0, 128.0, 128.0, 129.0, 127.0, 128.0, 128.0, 127.0, 128.0, 128.0, 129.0, 128.0, 128.0]
Crossover offspring noisy fitness: [129.0, 129.0, 126.0, 128.0, 129.0, 128.0, 128.0, 130.0, 127.0, 127.0, 127.0, 128.0, 127.0, 127.0, 129.0, 128.0, 129.0, 128.0, 128.0, 127.0, 129.0, 127.0, 128.0, 128.0, 128.0, 127.0, 129.0, 127.0, 128.0, 128.0, 129.0, 127.0, 128.0, 127.0, 127.0, 128.0, 128.0, 129.0, 129.0, 128.0]

