l: 17
Real fitness of mutation winner: 267.0
Noisy fitness of mutation winner: 267.0
Crossover offspring real fitness: [256.0, 257.0, 256.0, 257.0, 256.0, 256.0, 256.0, 257.0, 256.0, 256.0, 256.0, 256.0, 256.0, 257.0, 256.0, 257.0, 255.0, 256.0, 256.0, 257.0, 256.0, 256.0]
Crossover offspring noisy fitness: [256.0, 256.0, 256.0, 257.0, 256.0, 256.0, 256.0, 257.0, 256.0, 256.0, 256.0, 256.0, 256.0, 257.0, 255.0, 258.0, 255.0, 256.0, 256.0, 257.0, 256.0, 256.0]

l: 25
Real fitness of mutation winner: 261.0
Noisy fitness of mutation winner: 261.0
Crossover offspring real fitness: [257.0, 256.0, 260.0, 256.0, 256.0, 257.0, 255.0, 256.0, 257.0, 257.0, 259.0, 257.0, 256.0, 256.0, 257.0, 255.0, 259.0, 255.0, 255.0, 256.0, 256.0, 257.0]
Crossover offspring noisy fitness: [257.0, 256.0, 260.0, 256.0, 256.0, 257.0, 255.0, 256.0, 257.0, 257.0, 260.0, 257.0, 256.0, 256.0, 257.0, 255.0, 260.0, 255.0, 255.0, 256.0, 256.0, 257.0]

l: 26
Real fitness of mutation winner: 266.0
Noisy fitness of mutation winner: 266.0
Crossover offspring real fitness: [258.0, 255.0, 256.0, 256.0, 256.0, 257.0, 257.0, 255.0, 257.0, 256.0, 256.0, 258.0, 256.0, 255.0, 259.0, 257.0, 258.0, 256.0, 256.0, 257.0, 256.0, 257.0]
Crossover offspring noisy fitness: [258.0, 255.0, 256.0, 256.0, 256.0, 257.0, 257.0, 255.0, 257.0, 256.0, 256.0, 258.0, 256.0, 255.0, 259.0, 257.0, 258.0, 256.0, 256.0, 257.0, 256.0, 257.0]

l: 14
Real fitness of mutation winner: 264.0
Noisy fitness of mutation winner: 264.0
Crossover offspring real fitness: [256.0, 256.0, 256.0, 256.0, 256.0, 256.0, 256.0, 256.0, 258.0, 256.0, 256.0, 258.0, 256.0, 256.0, 256.0, 257.0, 257.0, 256.0, 257.0, 256.0, 256.0, 256.0]
Crossover offspring noisy fitness: [256.0, 256.0, 256.0, 257.0, 256.0, 256.0, 256.0, 256.0, 258.0, 256.0, 256.0, 258.0, 256.0, 256.0, 256.0, 257.0, 257.0, 256.0, 257.0, 256.0, 256.0, 256.0]

