l: 25
Fitness of mutation winner: 265.0
Crossover offspring real fitness: [257.0, 257.0, 257.0, 258.0, 257.0, 257.0, 256.0, 258.0, 257.0, 256.0, 258.0, 258.0, 256.0, 256.0, 255.0, 256.0, 258.0, 255.0, 256.0, 257.0, 253.0, 256.0]
Crossover offspring noisy fitness: [257.0, 257.0, 257.0, 258.0, 257.0, 257.0, 256.0, 258.0, 257.0, 256.0, 258.0, 258.0, 256.0, 256.0, 255.0, 256.0, 258.0, 255.0, 256.0, 257.0, 253.0, 256.0]

l: 24
Fitness of mutation winner: 262.0
Crossover offspring real fitness: [257.0, 256.0, 256.0, 257.0, 256.0, 257.0, 256.0, 257.0, 258.0, 256.0, 256.0, 255.0, 258.0, 257.0, 256.0, 256.0, 256.0, 256.0, 257.0, 256.0, 256.0, 257.0]
Crossover offspring noisy fitness: [257.0, 256.0, 256.0, 257.0, 256.0, 257.0, 256.0, 257.0, 258.0, 256.0, 256.0, 255.0, 258.0, 257.0, 256.0, 256.0, 256.0, 257.0, 257.0, 257.0, 256.0, 257.0]

l: 27
Fitness of mutation winner: 263.0
Crossover offspring real fitness: [256.0, 257.0, 256.0, 257.0, 254.0, 258.0, 256.0, 256.0, 257.0, 255.0, 258.0, 259.0, 257.0, 256.0, 256.0, 257.0, 257.0, 256.0, 256.0, 257.0, 260.0, 258.0]
Crossover offspring noisy fitness: [256.0, 257.0, 256.0, 257.0, 254.0, 258.0, 256.0, 256.0, 257.0, 255.0, 258.0, 259.0, 257.0, 256.0, 256.0, 257.0, 257.0, 256.0, 256.0, 257.0, 260.0, 258.0]

l: 29
Fitness of mutation winner: 269.0
Crossover offspring real fitness: [255.0, 256.0, 256.0, 256.0, 258.0, 257.0, 256.0, 256.0, 256.0, 256.0, 257.0, 255.0, 259.0, 256.0, 257.0, 257.0, 257.0, 255.0, 256.0, 256.0, 257.0, 257.0]
Crossover offspring noisy fitness: [255.0, 256.0, 256.0, 256.0, 258.0, 257.0, 255.0, 256.0, 257.0, 256.0, 257.0, 255.0, 260.0, 256.0, 257.0, 257.0, 257.0, 255.0, 256.0, 256.0, 257.0, 257.0]

