l: 24
Real fitness of mutation winner: 262.0
Noisy fitness of mutation winner: 262.0
Crossover offspring real fitness: [256.0, 260.0, 256.0, 258.0, 256.0, 255.0, 256.0, 254.0, 258.0, 256.0, 257.0, 257.0, 257.0, 256.0, 255.0, 257.0, 257.0, 255.0, 256.0, 256.0, 255.0, 255.0]
Crossover offspring noisy fitness: [256.0, 260.0, 256.0, 258.0, 255.0, 255.0, 256.0, 254.0, 258.0, 256.0, 257.0, 257.0, 257.0, 256.0, 254.0, 257.0, 257.0, 255.0, 256.0, 256.0, 256.0, 256.0]

l: 21
Real fitness of mutation winner: 263.0
Noisy fitness of mutation winner: 263.0
Crossover offspring real fitness: [256.0, 256.0, 258.0, 256.0, 255.0, 256.0, 257.0, 257.0, 257.0, 256.0, 257.0, 257.0, 256.0, 258.0, 257.0, 256.0, 257.0, 256.0, 255.0, 255.0, 256.0, 256.0]
Crossover offspring noisy fitness: [256.0, 256.0, 258.0, 256.0, 255.0, 256.0, 258.0, 257.0, 257.0, 256.0, 257.0, 257.0, 256.0, 259.0, 257.0, 256.0, 257.0, 257.0, 253.0, 255.0, 256.0, 255.0]

l: 30
Real fitness of mutation winner: 264.0
Noisy fitness of mutation winner: 264.0
Crossover offspring real fitness: [258.0, 256.0, 255.0, 255.0, 257.0, 258.0, 256.0, 256.0, 256.0, 260.0, 257.0, 256.0, 258.0, 258.0, 257.0, 258.0, 254.0, 258.0, 255.0, 255.0, 256.0, 255.0]
Crossover offspring noisy fitness: [258.0, 256.0, 254.0, 254.0, 257.0, 258.0, 256.0, 256.0, 256.0, 260.0, 257.0, 256.0, 258.0, 258.0, 257.0, 258.0, 254.0, 258.0, 255.0, 255.0, 256.0, 255.0]

l: 20
Real fitness of mutation winner: 266.0
Noisy fitness of mutation winner: 266.0
Crossover offspring real fitness: [256.0, 256.0, 257.0, 256.0, 258.0, 257.0, 257.0, 258.0, 259.0, 256.0, 256.0, 257.0, 257.0, 257.0, 256.0, 256.0, 256.0, 260.0, 256.0, 259.0, 256.0, 258.0]
Crossover offspring noisy fitness: [256.0, 256.0, 257.0, 256.0, 258.0, 257.0, 257.0, 258.0, 259.0, 256.0, 256.0, 257.0, 257.0, 257.0, 256.0, 256.0, 256.0, 260.0, 256.0, 259.0, 256.0, 258.0]

