l: 16
Fitness of mutation winner: 266.0
Crossover offspring real fitness: [256.0, 256.0, 255.0, 257.0, 256.0, 257.0, 255.0, 257.0, 256.0, 257.0, 255.0, 257.0, 256.0, 255.0, 258.0, 257.0, 256.0, 257.0, 258.0, 257.0, 257.0, 257.0]
Crossover offspring noisy fitness: [256.0, 256.0, 255.0, 257.0, 256.0, 257.0, 255.0, 257.0, 256.0, 257.0, 255.0, 257.0, 256.0, 255.0, 258.0, 257.0, 256.0, 257.0, 258.0, 257.0, 257.0, 257.0]

l: 32
Fitness of mutation winner: 266.0
Crossover offspring real fitness: [256.0, 256.0, 257.0, 256.0, 256.0, 257.0, 257.0, 258.0, 257.0, 257.0, 256.0, 257.0, 255.0, 255.0, 258.0, 258.0, 256.0, 257.0, 256.0, 256.0, 257.0, 256.0]
Crossover offspring noisy fitness: [256.0, 256.0, 257.0, 256.0, 255.0, 257.0, 257.0, 258.0, 257.0, 257.0, 256.0, 257.0, 255.0, 255.0, 258.0, 258.0, 256.0, 257.0, 256.0, 256.0, 256.0, 256.0]

l: 22
Fitness of mutation winner: 266.0
Crossover offspring real fitness: [256.0, 256.0, 257.0, 257.0, 257.0, 259.0, 257.0, 257.0, 256.0, 255.0, 255.0, 256.0, 258.0, 257.0, 256.0, 255.0, 259.0, 256.0, 256.0, 257.0, 256.0, 255.0]
Crossover offspring noisy fitness: [256.0, 256.0, 257.0, 257.0, 258.0, 259.0, 257.0, 257.0, 256.0, 255.0, 255.0, 256.0, 258.0, 257.0, 256.0, 255.0, 259.0, 256.0, 256.0, 257.0, 256.0, 255.0]

l: 18
Fitness of mutation winner: 266.0
Crossover offspring real fitness: [256.0, 256.0, 257.0, 258.0, 256.0, 255.0, 257.0, 256.0, 256.0, 256.0, 257.0, 257.0, 256.0, 258.0, 255.0, 256.0, 257.0, 257.0, 257.0, 256.0, 256.0, 257.0]
Crossover offspring noisy fitness: [256.0, 256.0, 257.0, 258.0, 256.0, 255.0, 257.0, 256.0, 256.0, 256.0, 257.0, 257.0, 256.0, 258.0, 255.0, 256.0, 257.0, 257.0, 257.0, 256.0, 256.0, 257.0]

