l: 18
Real fitness of mutation winner: 268.0
Noisy fitness of mutation winner: 268.0
Crossover offspring real fitness: [257.0, 256.0, 256.0, 255.0, 257.0, 257.0, 256.0, 256.0, 256.0, 257.0, 259.0, 256.0, 256.0, 257.0, 255.0, 256.0, 256.0, 256.0, 257.0, 256.0, 256.0, 256.0]
Crossover offspring noisy fitness: [257.0, 256.0, 255.0, 255.0, 257.0, 257.0, 256.0, 256.0, 256.0, 257.0, 259.0, 256.0, 256.0, 257.0, 255.0, 256.0, 256.0, 256.0, 256.0, 255.0, 256.0, 256.0]

l: 28
Real fitness of mutation winner: 266.0
Noisy fitness of mutation winner: 266.0
Crossover offspring real fitness: [256.0, 257.0, 259.0, 257.0, 258.0, 255.0, 257.0, 256.0, 256.0, 257.0, 256.0, 256.0, 257.0, 257.0, 255.0, 257.0, 260.0, 257.0, 258.0, 256.0, 257.0, 258.0]
Crossover offspring noisy fitness: [256.0, 257.0, 259.0, 257.0, 258.0, 255.0, 257.0, 256.0, 256.0, 257.0, 256.0, 256.0, 257.0, 256.0, 255.0, 257.0, 260.0, 257.0, 258.0, 256.0, 257.0, 259.0]

l: 25
Real fitness of mutation winner: 263.0
Noisy fitness of mutation winner: 263.0
Crossover offspring real fitness: [256.0, 255.0, 256.0, 258.0, 255.0, 257.0, 255.0, 257.0, 254.0, 257.0, 256.0, 260.0, 256.0, 257.0, 256.0, 255.0, 256.0, 257.0, 257.0, 257.0, 255.0, 259.0]
Crossover offspring noisy fitness: [256.0, 255.0, 256.0, 259.0, 255.0, 257.0, 255.0, 257.0, 254.0, 257.0, 256.0, 260.0, 256.0, 258.0, 256.0, 255.0, 256.0, 257.0, 257.0, 257.0, 255.0, 259.0]

l: 17
Real fitness of mutation winner: 261.0
Noisy fitness of mutation winner: 261.0
Crossover offspring real fitness: [256.0, 256.0, 257.0, 256.0, 256.0, 256.0, 258.0, 256.0, 257.0, 255.0, 256.0, 256.0, 256.0, 257.0, 256.0, 256.0, 258.0, 257.0, 256.0, 256.0, 256.0, 255.0]
Crossover offspring noisy fitness: [256.0, 256.0, 257.0, 257.0, 256.0, 256.0, 258.0, 256.0, 257.0, 255.0, 256.0, 256.0, 256.0, 257.0, 256.0, 256.0, 259.0, 257.0, 256.0, 255.0, 256.0, 255.0]

