l: 56
Real fitness of mutation winner: 270.0
Noisy fitness of mutation winner: 270.0
Crossover offspring real fitness: [257.0, 255.0, 257.0, 257.0, 256.0, 257.0, 257.0, 257.0, 256.0, 258.0, 255.0, 258.0, 256.0, 257.0, 256.0, 256.0, 258.0, 257.0, 255.0, 256.0, 257.0, 256.0, 256.0, 255.0, 256.0, 255.0, 257.0, 258.0, 258.0, 257.0, 257.0, 255.0, 257.0, 256.0, 257.0, 256.0, 256.0, 255.0, 256.0, 256.0, 257.0, 257.0, 256.0, 256.0, 256.0, 258.0, 256.0, 256.0, 256.0, 256.0, 257.0, 256.0, 256.0, 256.0, 257.0, 256.0, 257.0, 258.0, 255.0, 255.0, 256.0, 255.0, 256.0]
Crossover offspring noisy fitness: [257.0, 255.0, 257.0, 257.0, 256.0, 256.0, 257.0, 257.0, 256.0, 259.0, 255.0, 258.0, 256.0, 257.0, 256.0, 256.0, 258.0, 257.0, 255.0, 256.0, 256.0, 256.0, 256.0, 255.0, 256.0, 255.0, 257.0, 258.0, 258.0, 257.0, 257.0, 256.0, 257.0, 256.0, 257.0, 256.0, 256.0, 255.0, 256.0, 256.0, 257.0, 257.0, 256.0, 256.0, 256.0, 258.0, 256.0, 256.0, 256.0, 256.0, 256.0, 256.0, 256.0, 256.0, 257.0, 256.0, 257.0, 258.0, 255.0, 255.0, 255.0, 255.0, 256.0]

l: 73
Real fitness of mutation winner: 273.0
Noisy fitness of mutation winner: 273.0
Crossover offspring real fitness: [255.0, 256.0, 257.0, 257.0, 257.0, 259.0, 256.0, 255.0, 256.0, 258.0, 256.0, 254.0, 258.0, 257.0, 257.0, 257.0, 257.0, 257.0, 257.0, 258.0, 255.0, 255.0, 257.0, 257.0, 257.0, 255.0, 257.0, 257.0, 256.0, 255.0, 255.0, 257.0, 255.0, 256.0, 256.0, 258.0, 258.0, 255.0, 256.0, 257.0, 256.0, 256.0, 254.0, 255.0, 259.0, 256.0, 255.0, 256.0, 256.0, 254.0, 257.0, 256.0, 256.0, 256.0, 258.0, 257.0, 255.0, 256.0, 260.0, 258.0, 255.0, 257.0, 256.0]
Crossover offspring noisy fitness: [255.0, 256.0, 257.0, 257.0, 257.0, 259.0, 256.0, 255.0, 256.0, 258.0, 256.0, 254.0, 258.0, 257.0, 257.0, 257.0, 257.0, 257.0, 257.0, 258.0, 255.0, 255.0, 257.0, 257.0, 258.0, 255.0, 257.0, 257.0, 256.0, 255.0, 255.0, 257.0, 255.0, 256.0, 256.0, 258.0, 258.0, 255.0, 256.0, 257.0, 256.0, 256.0, 254.0, 255.0, 259.0, 256.0, 255.0, 256.0, 256.0, 254.0, 257.0, 256.0, 256.0, 256.0, 258.0, 257.0, 255.0, 256.0, 260.0, 258.0, 255.0, 257.0, 256.0]

l: 80
Real fitness of mutation winner: 274.0
Noisy fitness of mutation winner: 274.0
Crossover offspring real fitness: [256.0, 256.0, 255.0, 256.0, 255.0, 256.0, 258.0, 254.0, 257.0, 256.0, 255.0, 257.0, 256.0, 257.0, 258.0, 256.0, 254.0, 256.0, 257.0, 257.0, 255.0, 255.0, 255.0, 256.0, 257.0, 256.0, 257.0, 255.0, 254.0, 256.0, 258.0, 256.0, 256.0, 256.0, 257.0, 256.0, 255.0, 255.0, 259.0, 258.0, 257.0, 256.0, 255.0, 257.0, 254.0, 257.0, 256.0, 254.0, 256.0, 256.0, 255.0, 255.0, 257.0, 256.0, 256.0, 255.0, 255.0, 256.0, 256.0, 257.0, 256.0, 257.0, 256.0]
Crossover offspring noisy fitness: [256.0, 256.0, 255.0, 256.0, 255.0, 256.0, 258.0, 254.0, 257.0, 256.0, 255.0, 257.0, 255.0, 258.0, 258.0, 256.0, 254.0, 257.0, 257.0, 257.0, 255.0, 255.0, 255.0, 256.0, 257.0, 256.0, 257.0, 255.0, 254.0, 256.0, 258.0, 256.0, 256.0, 256.0, 257.0, 256.0, 255.0, 255.0, 259.0, 258.0, 257.0, 256.0, 255.0, 257.0, 254.0, 257.0, 256.0, 253.0, 256.0, 256.0, 255.0, 255.0, 257.0, 256.0, 256.0, 255.0, 255.0, 256.0, 256.0, 257.0, 256.0, 257.0, 256.0]

l: 69
Real fitness of mutation winner: 273.0
Noisy fitness of mutation winner: 273.0
Crossover offspring real fitness: [256.0, 255.0, 256.0, 256.0, 258.0, 255.0, 256.0, 255.0, 256.0, 258.0, 256.0, 256.0, 257.0, 256.0, 256.0, 255.0, 258.0, 255.0, 256.0, 256.0, 257.0, 257.0, 254.0, 257.0, 257.0, 257.0, 256.0, 255.0, 256.0, 255.0, 256.0, 257.0, 256.0, 256.0, 256.0, 258.0, 256.0, 255.0, 258.0, 255.0, 257.0, 257.0, 255.0, 257.0, 256.0, 256.0, 254.0, 256.0, 256.0, 257.0, 256.0, 254.0, 257.0, 257.0, 255.0, 257.0, 256.0, 257.0, 257.0, 257.0, 258.0, 257.0, 257.0]
Crossover offspring noisy fitness: [256.0, 255.0, 256.0, 256.0, 258.0, 255.0, 257.0, 255.0, 256.0, 258.0, 256.0, 256.0, 257.0, 256.0, 256.0, 255.0, 258.0, 255.0, 256.0, 256.0, 257.0, 257.0, 254.0, 257.0, 257.0, 257.0, 256.0, 255.0, 256.0, 255.0, 256.0, 257.0, 256.0, 256.0, 255.0, 257.0, 256.0, 255.0, 258.0, 255.0, 257.0, 257.0, 255.0, 257.0, 256.0, 256.0, 254.0, 256.0, 256.0, 258.0, 256.0, 254.0, 257.0, 257.0, 255.0, 257.0, 257.0, 257.0, 257.0, 257.0, 258.0, 257.0, 257.0]

