l: 57
Real fitness of mutation winner: 267.0
Noisy fitness of mutation winner: 267.0
Crossover offspring real fitness: [256.0, 257.0, 257.0, 256.0, 256.0, 257.0, 257.0, 256.0, 255.0, 256.0, 256.0, 256.0, 256.0, 259.0, 258.0, 256.0, 256.0, 257.0, 258.0, 256.0, 257.0, 256.0, 256.0, 256.0, 256.0, 255.0, 256.0, 256.0, 254.0, 256.0, 257.0, 256.0, 256.0, 254.0, 256.0, 256.0, 256.0, 256.0, 257.0, 255.0, 258.0, 257.0, 256.0, 258.0, 256.0, 256.0, 257.0, 257.0, 256.0, 256.0, 257.0, 255.0, 256.0, 256.0, 256.0, 256.0, 256.0, 256.0, 257.0, 255.0, 257.0, 257.0, 255.0]
Crossover offspring noisy fitness: [256.0, 257.0, 257.0, 256.0, 256.0, 256.0, 257.0, 256.0, 255.0, 256.0, 256.0, 256.0, 256.0, 259.0, 258.0, 256.0, 256.0, 257.0, 258.0, 256.0, 257.0, 256.0, 255.0, 256.0, 256.0, 256.0, 256.0, 256.0, 254.0, 255.0, 257.0, 256.0, 256.0, 254.0, 256.0, 256.0, 256.0, 256.0, 259.0, 255.0, 258.0, 257.0, 256.0, 258.0, 256.0, 256.0, 257.0, 257.0, 256.0, 256.0, 257.0, 255.0, 256.0, 256.0, 256.0, 256.0, 256.0, 256.0, 257.0, 255.0, 257.0, 257.0, 255.0]

l: 54
Real fitness of mutation winner: 268.0
Noisy fitness of mutation winner: 268.0
Crossover offspring real fitness: [256.0, 256.0, 256.0, 256.0, 256.0, 258.0, 256.0, 256.0, 257.0, 256.0, 255.0, 256.0, 257.0, 255.0, 256.0, 256.0, 256.0, 256.0, 257.0, 256.0, 256.0, 255.0, 257.0, 257.0, 255.0, 256.0, 255.0, 255.0, 256.0, 256.0, 257.0, 256.0, 255.0, 256.0, 256.0, 256.0, 257.0, 257.0, 257.0, 256.0, 255.0, 255.0, 256.0, 256.0, 255.0, 256.0, 256.0, 256.0, 256.0, 257.0, 257.0, 255.0, 256.0, 256.0, 257.0, 256.0, 256.0, 257.0, 256.0, 257.0, 256.0, 258.0, 256.0]
Crossover offspring noisy fitness: [256.0, 256.0, 256.0, 256.0, 256.0, 258.0, 256.0, 256.0, 257.0, 256.0, 255.0, 256.0, 257.0, 255.0, 256.0, 256.0, 255.0, 256.0, 257.0, 256.0, 256.0, 255.0, 258.0, 257.0, 255.0, 256.0, 255.0, 255.0, 256.0, 256.0, 257.0, 256.0, 255.0, 256.0, 256.0, 256.0, 257.0, 257.0, 257.0, 256.0, 255.0, 256.0, 256.0, 256.0, 255.0, 256.0, 256.0, 256.0, 256.0, 257.0, 257.0, 255.0, 256.0, 257.0, 257.0, 256.0, 256.0, 257.0, 256.0, 258.0, 256.0, 258.0, 256.0]

l: 59
Real fitness of mutation winner: 271.0
Noisy fitness of mutation winner: 271.0
Crossover offspring real fitness: [256.0, 257.0, 256.0, 257.0, 256.0, 256.0, 257.0, 258.0, 257.0, 256.0, 256.0, 256.0, 259.0, 256.0, 256.0, 256.0, 256.0, 256.0, 256.0, 256.0, 257.0, 254.0, 256.0, 257.0, 255.0, 256.0, 258.0, 256.0, 255.0, 256.0, 256.0, 257.0, 256.0, 257.0, 256.0, 254.0, 259.0, 257.0, 256.0, 256.0, 257.0, 257.0, 255.0, 255.0, 257.0, 257.0, 257.0, 257.0, 257.0, 255.0, 258.0, 256.0, 255.0, 256.0, 256.0, 256.0, 256.0, 256.0, 257.0, 257.0, 256.0, 255.0, 256.0]
Crossover offspring noisy fitness: [256.0, 257.0, 256.0, 257.0, 256.0, 256.0, 257.0, 259.0, 257.0, 256.0, 256.0, 256.0, 259.0, 256.0, 256.0, 256.0, 256.0, 256.0, 257.0, 256.0, 257.0, 254.0, 256.0, 257.0, 255.0, 256.0, 258.0, 256.0, 255.0, 256.0, 255.0, 257.0, 256.0, 257.0, 256.0, 254.0, 259.0, 258.0, 256.0, 256.0, 257.0, 257.0, 255.0, 255.0, 257.0, 257.0, 257.0, 257.0, 257.0, 255.0, 258.0, 256.0, 255.0, 256.0, 256.0, 256.0, 255.0, 256.0, 257.0, 257.0, 256.0, 255.0, 256.0]

l: 69
Real fitness of mutation winner: 279.0
Noisy fitness of mutation winner: 279.0
Crossover offspring real fitness: [257.0, 256.0, 255.0, 257.0, 255.0, 256.0, 257.0, 255.0, 257.0, 256.0, 255.0, 256.0, 258.0, 255.0, 255.0, 256.0, 256.0, 257.0, 256.0, 257.0, 257.0, 256.0, 254.0, 255.0, 255.0, 258.0, 258.0, 257.0, 257.0, 257.0, 256.0, 257.0, 258.0, 256.0, 258.0, 255.0, 256.0, 258.0, 256.0, 255.0, 256.0, 256.0, 257.0, 255.0, 258.0, 257.0, 258.0, 256.0, 256.0, 256.0, 256.0, 257.0, 257.0, 255.0, 256.0, 256.0, 256.0, 258.0, 257.0, 257.0, 257.0, 255.0, 256.0]
Crossover offspring noisy fitness: [257.0, 256.0, 255.0, 257.0, 255.0, 256.0, 257.0, 255.0, 257.0, 256.0, 255.0, 256.0, 258.0, 255.0, 255.0, 256.0, 256.0, 257.0, 257.0, 257.0, 257.0, 256.0, 254.0, 255.0, 256.0, 258.0, 258.0, 257.0, 257.0, 257.0, 256.0, 257.0, 258.0, 256.0, 258.0, 255.0, 256.0, 258.0, 256.0, 255.0, 256.0, 256.0, 257.0, 255.0, 258.0, 257.0, 258.0, 256.0, 256.0, 256.0, 256.0, 257.0, 257.0, 255.0, 256.0, 256.0, 255.0, 258.0, 257.0, 257.0, 257.0, 255.0, 256.0]

