l: 58
Fitness of mutation winner: 270.0
Crossover offspring real fitness: [256.0, 255.0, 256.0, 254.0, 256.0, 255.0, 255.0, 254.0, 257.0, 256.0, 257.0, 255.0, 256.0, 256.0, 255.0, 255.0, 256.0, 256.0, 257.0, 257.0, 256.0, 256.0, 256.0, 256.0, 255.0, 256.0, 258.0, 256.0, 256.0, 256.0, 256.0, 256.0, 256.0, 256.0, 256.0, 256.0, 257.0, 256.0, 257.0, 256.0, 257.0, 257.0, 256.0, 257.0, 256.0, 257.0, 256.0, 257.0, 256.0, 256.0, 257.0, 257.0, 256.0, 257.0, 255.0, 257.0, 256.0, 255.0, 257.0, 256.0, 257.0, 255.0, 256.0]
Crossover offspring noisy fitness: [256.0, 255.0, 256.0, 254.0, 256.0, 255.0, 254.0, 254.0, 257.0, 256.0, 257.0, 254.0, 256.0, 256.0, 255.0, 255.0, 256.0, 256.0, 257.0, 257.0, 256.0, 256.0, 256.0, 256.0, 255.0, 256.0, 258.0, 256.0, 256.0, 256.0, 256.0, 256.0, 256.0, 256.0, 256.0, 256.0, 257.0, 255.0, 257.0, 255.0, 257.0, 256.0, 256.0, 257.0, 256.0, 257.0, 257.0, 257.0, 256.0, 257.0, 257.0, 257.0, 256.0, 257.0, 255.0, 257.0, 256.0, 255.0, 257.0, 256.0, 257.0, 255.0, 256.0]

l: 62
Fitness of mutation winner: 270.0
Crossover offspring real fitness: [254.0, 257.0, 256.0, 256.0, 257.0, 257.0, 257.0, 255.0, 256.0, 256.0, 257.0, 255.0, 255.0, 256.0, 256.0, 255.0, 257.0, 256.0, 257.0, 254.0, 256.0, 256.0, 257.0, 256.0, 256.0, 257.0, 257.0, 257.0, 255.0, 256.0, 256.0, 259.0, 256.0, 257.0, 257.0, 255.0, 258.0, 258.0, 255.0, 256.0, 257.0, 256.0, 256.0, 255.0, 256.0, 256.0, 257.0, 259.0, 256.0, 256.0, 255.0, 255.0, 257.0, 257.0, 256.0, 256.0, 257.0, 257.0, 256.0, 256.0, 256.0, 256.0, 257.0]
Crossover offspring noisy fitness: [254.0, 257.0, 256.0, 256.0, 257.0, 257.0, 256.0, 255.0, 256.0, 256.0, 257.0, 255.0, 255.0, 256.0, 256.0, 255.0, 257.0, 256.0, 257.0, 254.0, 257.0, 256.0, 257.0, 256.0, 256.0, 257.0, 257.0, 257.0, 255.0, 256.0, 255.0, 259.0, 256.0, 257.0, 257.0, 255.0, 258.0, 258.0, 255.0, 256.0, 257.0, 256.0, 256.0, 255.0, 256.0, 256.0, 257.0, 259.0, 256.0, 256.0, 255.0, 255.0, 257.0, 256.0, 256.0, 257.0, 257.0, 257.0, 256.0, 256.0, 256.0, 256.0, 257.0]

l: 53
Fitness of mutation winner: 271.0
Crossover offspring real fitness: [256.0, 255.0, 257.0, 257.0, 256.0, 257.0, 257.0, 256.0, 257.0, 257.0, 255.0, 257.0, 258.0, 256.0, 257.0, 257.0, 256.0, 256.0, 257.0, 258.0, 257.0, 256.0, 256.0, 256.0, 258.0, 257.0, 256.0, 257.0, 255.0, 255.0, 258.0, 256.0, 256.0, 257.0, 256.0, 256.0, 255.0, 256.0, 256.0, 257.0, 257.0, 257.0, 257.0, 256.0, 258.0, 254.0, 256.0, 254.0, 256.0, 256.0, 256.0, 256.0, 256.0, 257.0, 255.0, 257.0, 258.0, 256.0, 255.0, 256.0, 256.0, 256.0, 257.0]
Crossover offspring noisy fitness: [256.0, 255.0, 257.0, 258.0, 256.0, 257.0, 257.0, 257.0, 257.0, 257.0, 255.0, 257.0, 258.0, 256.0, 257.0, 257.0, 256.0, 256.0, 257.0, 258.0, 257.0, 256.0, 256.0, 256.0, 258.0, 257.0, 256.0, 257.0, 255.0, 255.0, 258.0, 256.0, 256.0, 257.0, 256.0, 256.0, 255.0, 256.0, 256.0, 257.0, 257.0, 257.0, 257.0, 256.0, 258.0, 254.0, 256.0, 254.0, 256.0, 256.0, 256.0, 256.0, 256.0, 257.0, 255.0, 257.0, 258.0, 256.0, 255.0, 256.0, 256.0, 256.0, 257.0]

l: 58
Fitness of mutation winner: 272.0
Crossover offspring real fitness: [257.0, 256.0, 257.0, 256.0, 257.0, 256.0, 258.0, 257.0, 255.0, 256.0, 257.0, 255.0, 256.0, 256.0, 255.0, 256.0, 257.0, 257.0, 256.0, 256.0, 258.0, 256.0, 255.0, 254.0, 256.0, 256.0, 258.0, 261.0, 258.0, 256.0, 258.0, 256.0, 256.0, 256.0, 256.0, 256.0, 255.0, 255.0, 255.0, 256.0, 255.0, 256.0, 256.0, 256.0, 256.0, 256.0, 256.0, 256.0, 256.0, 258.0, 257.0, 256.0, 257.0, 256.0, 256.0, 257.0, 258.0, 256.0, 256.0, 257.0, 257.0, 256.0, 257.0]
Crossover offspring noisy fitness: [258.0, 256.0, 257.0, 256.0, 257.0, 256.0, 258.0, 257.0, 255.0, 256.0, 257.0, 255.0, 256.0, 256.0, 255.0, 256.0, 257.0, 257.0, 256.0, 256.0, 258.0, 256.0, 255.0, 254.0, 256.0, 256.0, 258.0, 261.0, 258.0, 257.0, 258.0, 256.0, 256.0, 256.0, 256.0, 256.0, 255.0, 255.0, 255.0, 256.0, 255.0, 256.0, 256.0, 256.0, 256.0, 256.0, 256.0, 256.0, 256.0, 258.0, 257.0, 256.0, 257.0, 256.0, 256.0, 257.0, 258.0, 256.0, 256.0, 257.0, 257.0, 256.0, 257.0]

