l: 61
Real fitness of mutation winner: 277.0
Noisy fitness of mutation winner: 277.0
Crossover offspring real fitness: [256.0, 259.0, 256.0, 256.0, 257.0, 257.0, 256.0, 256.0, 257.0, 257.0, 256.0, 256.0, 257.0, 255.0, 258.0, 256.0, 258.0, 257.0, 256.0, 256.0, 259.0, 256.0, 256.0, 257.0, 256.0, 258.0, 256.0, 257.0, 256.0, 257.0, 257.0, 256.0, 256.0, 256.0, 255.0, 256.0, 256.0, 254.0, 255.0, 256.0, 256.0, 257.0, 257.0, 256.0, 256.0, 256.0, 257.0, 256.0, 256.0, 256.0, 254.0, 256.0, 257.0, 255.0, 256.0, 255.0, 256.0, 258.0, 255.0, 255.0, 256.0, 257.0, 256.0]
Crossover offspring noisy fitness: [256.0, 259.0, 256.0, 256.0, 257.0, 257.0, 256.0, 256.0, 257.0, 257.0, 256.0, 256.0, 257.0, 255.0, 258.0, 256.0, 258.0, 256.0, 256.0, 256.0, 259.0, 256.0, 256.0, 257.0, 255.0, 258.0, 256.0, 257.0, 257.0, 257.0, 257.0, 256.0, 256.0, 256.0, 255.0, 256.0, 256.0, 254.0, 255.0, 256.0, 256.0, 257.0, 257.0, 256.0, 256.0, 256.0, 257.0, 256.0, 256.0, 256.0, 254.0, 256.0, 257.0, 255.0, 256.0, 255.0, 256.0, 258.0, 255.0, 255.0, 256.0, 257.0, 256.0]

l: 59
Real fitness of mutation winner: 275.0
Noisy fitness of mutation winner: 275.0
Crossover offspring real fitness: [257.0, 255.0, 256.0, 257.0, 257.0, 256.0, 256.0, 256.0, 254.0, 257.0, 255.0, 256.0, 256.0, 257.0, 258.0, 256.0, 257.0, 256.0, 256.0, 256.0, 256.0, 256.0, 256.0, 257.0, 257.0, 255.0, 254.0, 256.0, 256.0, 256.0, 256.0, 257.0, 256.0, 256.0, 256.0, 256.0, 257.0, 256.0, 256.0, 257.0, 256.0, 256.0, 254.0, 257.0, 256.0, 259.0, 256.0, 256.0, 256.0, 256.0, 254.0, 258.0, 255.0, 257.0, 256.0, 256.0, 256.0, 256.0, 257.0, 256.0, 257.0, 256.0, 256.0]
Crossover offspring noisy fitness: [257.0, 255.0, 256.0, 258.0, 257.0, 256.0, 256.0, 256.0, 255.0, 257.0, 256.0, 256.0, 256.0, 257.0, 258.0, 257.0, 257.0, 256.0, 256.0, 256.0, 257.0, 256.0, 256.0, 257.0, 257.0, 255.0, 254.0, 256.0, 256.0, 256.0, 256.0, 257.0, 256.0, 256.0, 256.0, 256.0, 257.0, 256.0, 256.0, 257.0, 256.0, 256.0, 254.0, 257.0, 256.0, 259.0, 256.0, 256.0, 256.0, 256.0, 254.0, 258.0, 255.0, 257.0, 257.0, 256.0, 256.0, 256.0, 257.0, 256.0, 257.0, 256.0, 256.0]

l: 55
Real fitness of mutation winner: 275.0
Noisy fitness of mutation winner: 275.0
Crossover offspring real fitness: [256.0, 256.0, 256.0, 256.0, 255.0, 256.0, 257.0, 256.0, 256.0, 256.0, 257.0, 258.0, 255.0, 255.0, 256.0, 256.0, 257.0, 256.0, 257.0, 256.0, 258.0, 257.0, 256.0, 257.0, 256.0, 257.0, 254.0, 256.0, 257.0, 256.0, 256.0, 255.0, 256.0, 259.0, 257.0, 256.0, 257.0, 255.0, 256.0, 255.0, 256.0, 258.0, 256.0, 256.0, 256.0, 256.0, 256.0, 256.0, 256.0, 255.0, 256.0, 257.0, 258.0, 256.0, 256.0, 256.0, 255.0, 255.0, 258.0, 258.0, 257.0, 257.0, 256.0]
Crossover offspring noisy fitness: [256.0, 256.0, 256.0, 256.0, 255.0, 256.0, 257.0, 256.0, 256.0, 256.0, 257.0, 258.0, 255.0, 255.0, 256.0, 256.0, 257.0, 256.0, 257.0, 256.0, 258.0, 257.0, 256.0, 257.0, 256.0, 257.0, 254.0, 256.0, 257.0, 256.0, 256.0, 255.0, 256.0, 259.0, 257.0, 256.0, 257.0, 255.0, 256.0, 255.0, 256.0, 258.0, 256.0, 256.0, 256.0, 256.0, 256.0, 256.0, 256.0, 255.0, 256.0, 257.0, 258.0, 256.0, 256.0, 256.0, 255.0, 255.0, 258.0, 258.0, 257.0, 257.0, 256.0]

l: 66
Real fitness of mutation winner: 276.0
Noisy fitness of mutation winner: 276.0
Crossover offspring real fitness: [257.0, 256.0, 258.0, 255.0, 256.0, 257.0, 258.0, 257.0, 255.0, 257.0, 256.0, 255.0, 257.0, 256.0, 257.0, 256.0, 255.0, 256.0, 256.0, 257.0, 259.0, 256.0, 256.0, 256.0, 256.0, 257.0, 258.0, 258.0, 256.0, 256.0, 256.0, 257.0, 254.0, 259.0, 256.0, 254.0, 256.0, 258.0, 258.0, 257.0, 256.0, 256.0, 256.0, 256.0, 256.0, 256.0, 256.0, 256.0, 257.0, 258.0, 257.0, 256.0, 256.0, 257.0, 255.0, 256.0, 256.0, 256.0, 258.0, 255.0, 258.0, 256.0, 257.0]
Crossover offspring noisy fitness: [257.0, 256.0, 258.0, 255.0, 256.0, 257.0, 258.0, 257.0, 255.0, 257.0, 256.0, 255.0, 257.0, 256.0, 257.0, 256.0, 255.0, 256.0, 256.0, 257.0, 259.0, 256.0, 256.0, 257.0, 256.0, 258.0, 259.0, 258.0, 256.0, 256.0, 256.0, 257.0, 254.0, 259.0, 256.0, 254.0, 256.0, 258.0, 258.0, 257.0, 256.0, 256.0, 256.0, 256.0, 256.0, 256.0, 256.0, 256.0, 257.0, 258.0, 257.0, 256.0, 256.0, 257.0, 255.0, 256.0, 256.0, 256.0, 258.0, 255.0, 258.0, 257.0, 257.0]

