l: 27
Real fitness of mutation winner: 265.0
Noisy fitness of mutation winner: 265.0
Crossover offspring real fitness: [256.0, 256.0, 257.0, 256.0, 259.0, 256.0, 255.0, 256.0, 256.0, 257.0, 255.0, 257.0, 256.0, 255.0, 257.0, 255.0, 257.0, 255.0, 258.0, 257.0, 258.0, 257.0]
Crossover offspring noisy fitness: [256.0, 256.0, 258.0, 256.0, 259.0, 256.0, 255.0, 256.0, 256.0, 257.0, 255.0, 257.0, 256.0, 255.0, 257.0, 255.0, 257.0, 255.0, 258.0, 257.0, 258.0, 257.0]

l: 29
Real fitness of mutation winner: 269.0
Noisy fitness of mutation winner: 269.0
Crossover offspring real fitness: [256.0, 257.0, 258.0, 257.0, 258.0, 256.0, 257.0, 259.0, 254.0, 256.0, 256.0, 254.0, 258.0, 258.0, 256.0, 258.0, 256.0, 257.0, 255.0, 256.0, 258.0, 257.0]
Crossover offspring noisy fitness: [256.0, 257.0, 258.0, 257.0, 258.0, 255.0, 257.0, 259.0, 254.0, 256.0, 256.0, 254.0, 258.0, 258.0, 256.0, 258.0, 256.0, 257.0, 255.0, 257.0, 258.0, 257.0]

l: 22
Real fitness of mutation winner: 270.0
Noisy fitness of mutation winner: 270.0
Crossover offspring real fitness: [256.0, 256.0, 258.0, 258.0, 256.0, 258.0, 258.0, 257.0, 256.0, 256.0, 256.0, 256.0, 256.0, 256.0, 256.0, 256.0, 256.0, 256.0, 256.0, 256.0, 257.0, 256.0]
Crossover offspring noisy fitness: [256.0, 256.0, 258.0, 258.0, 256.0, 258.0, 258.0, 257.0, 256.0, 256.0, 256.0, 256.0, 256.0, 256.0, 256.0, 256.0, 256.0, 254.0, 256.0, 256.0, 257.0, 256.0]

l: 15
Real fitness of mutation winner: 261.0
Noisy fitness of mutation winner: 261.0
Crossover offspring real fitness: [258.0, 256.0, 257.0, 256.0, 256.0, 256.0, 257.0, 256.0, 257.0, 257.0, 256.0, 256.0, 256.0, 256.0, 256.0, 255.0, 255.0, 256.0, 257.0, 256.0, 256.0, 257.0]
Crossover offspring noisy fitness: [258.0, 256.0, 256.0, 257.0, 256.0, 256.0, 257.0, 256.0, 257.0, 257.0, 256.0, 256.0, 256.0, 256.0, 256.0, 255.0, 255.0, 256.0, 257.0, 256.0, 256.0, 257.0]

