l: 60
Real fitness of mutation winner: 274.0
Noisy fitness of mutation winner: 274.0
Crossover offspring real fitness: [257.0, 254.0, 256.0, 257.0, 256.0, 256.0, 257.0, 256.0, 256.0, 256.0, 256.0, 256.0, 255.0, 256.0, 256.0, 256.0, 256.0, 256.0, 256.0, 257.0, 256.0, 258.0, 256.0, 259.0, 257.0, 256.0, 256.0, 256.0, 256.0, 257.0, 256.0, 257.0, 255.0, 255.0, 257.0, 255.0, 255.0, 254.0, 256.0, 257.0, 256.0, 256.0, 257.0, 257.0, 257.0, 257.0, 255.0, 256.0, 256.0, 256.0, 257.0, 256.0, 256.0, 256.0, 256.0, 257.0, 256.0, 256.0, 256.0, 257.0, 256.0, 258.0, 257.0]
Crossover offspring noisy fitness: [257.0, 254.0, 256.0, 257.0, 256.0, 256.0, 257.0, 256.0, 256.0, 256.0, 256.0, 256.0, 255.0, 255.0, 256.0, 256.0, 256.0, 256.0, 256.0, 257.0, 256.0, 258.0, 256.0, 259.0, 257.0, 256.0, 256.0, 256.0, 258.0, 257.0, 256.0, 257.0, 255.0, 255.0, 257.0, 255.0, 254.0, 253.0, 256.0, 257.0, 256.0, 256.0, 257.0, 257.0, 257.0, 257.0, 255.0, 256.0, 256.0, 256.0, 257.0, 256.0, 256.0, 256.0, 256.0, 257.0, 256.0, 256.0, 256.0, 257.0, 256.0, 258.0, 257.0]

l: 73
Real fitness of mutation winner: 279.0
Noisy fitness of mutation winner: 279.0
Crossover offspring real fitness: [257.0, 257.0, 257.0, 255.0, 257.0, 258.0, 255.0, 256.0, 259.0, 255.0, 257.0, 256.0, 257.0, 258.0, 256.0, 257.0, 256.0, 255.0, 256.0, 255.0, 256.0, 257.0, 256.0, 255.0, 256.0, 256.0, 257.0, 257.0, 258.0, 257.0, 256.0, 255.0, 258.0, 256.0, 254.0, 258.0, 256.0, 256.0, 255.0, 255.0, 257.0, 256.0, 257.0, 256.0, 255.0, 256.0, 256.0, 255.0, 257.0, 255.0, 256.0, 257.0, 256.0, 256.0, 255.0, 256.0, 256.0, 255.0, 256.0, 257.0, 256.0, 256.0, 256.0]
Crossover offspring noisy fitness: [257.0, 257.0, 257.0, 255.0, 257.0, 258.0, 255.0, 256.0, 259.0, 255.0, 257.0, 256.0, 257.0, 258.0, 256.0, 257.0, 256.0, 255.0, 255.0, 255.0, 256.0, 257.0, 256.0, 255.0, 256.0, 256.0, 257.0, 257.0, 258.0, 257.0, 256.0, 255.0, 258.0, 256.0, 254.0, 258.0, 256.0, 256.0, 255.0, 255.0, 257.0, 256.0, 257.0, 256.0, 255.0, 256.0, 256.0, 255.0, 257.0, 254.0, 256.0, 257.0, 256.0, 256.0, 255.0, 257.0, 256.0, 255.0, 256.0, 257.0, 256.0, 256.0, 256.0]

l: 65
Real fitness of mutation winner: 281.0
Noisy fitness of mutation winner: 281.0
Crossover offspring real fitness: [255.0, 258.0, 255.0, 257.0, 257.0, 257.0, 258.0, 257.0, 257.0, 256.0, 257.0, 257.0, 255.0, 259.0, 255.0, 257.0, 256.0, 257.0, 255.0, 256.0, 256.0, 258.0, 257.0, 256.0, 256.0, 258.0, 258.0, 257.0, 256.0, 258.0, 257.0, 256.0, 258.0, 255.0, 256.0, 256.0, 258.0, 257.0, 256.0, 257.0, 256.0, 257.0, 256.0, 255.0, 257.0, 256.0, 256.0, 256.0, 258.0, 256.0, 258.0, 256.0, 257.0, 257.0, 256.0, 256.0, 255.0, 256.0, 258.0, 257.0, 256.0, 258.0, 256.0]
Crossover offspring noisy fitness: [255.0, 258.0, 255.0, 257.0, 257.0, 257.0, 258.0, 257.0, 257.0, 257.0, 258.0, 257.0, 255.0, 259.0, 255.0, 257.0, 256.0, 257.0, 255.0, 256.0, 256.0, 258.0, 257.0, 256.0, 256.0, 259.0, 258.0, 258.0, 256.0, 258.0, 257.0, 256.0, 258.0, 255.0, 256.0, 255.0, 258.0, 258.0, 256.0, 257.0, 256.0, 256.0, 256.0, 255.0, 257.0, 256.0, 256.0, 256.0, 258.0, 256.0, 258.0, 256.0, 256.0, 257.0, 256.0, 256.0, 255.0, 256.0, 258.0, 257.0, 256.0, 258.0, 256.0]

l: 67
Real fitness of mutation winner: 271.0
Noisy fitness of mutation winner: 271.0
Crossover offspring real fitness: [256.0, 259.0, 260.0, 256.0, 257.0, 256.0, 256.0, 256.0, 256.0, 257.0, 257.0, 255.0, 256.0, 255.0, 256.0, 254.0, 256.0, 257.0, 258.0, 256.0, 255.0, 258.0, 257.0, 256.0, 256.0, 255.0, 256.0, 255.0, 257.0, 256.0, 257.0, 256.0, 256.0, 256.0, 255.0, 257.0, 256.0, 257.0, 257.0, 256.0, 258.0, 256.0, 257.0, 259.0, 257.0, 257.0, 256.0, 257.0, 257.0, 256.0, 257.0, 256.0, 256.0, 256.0, 257.0, 257.0, 255.0, 256.0, 259.0, 256.0, 257.0, 255.0, 257.0]
Crossover offspring noisy fitness: [256.0, 259.0, 260.0, 256.0, 257.0, 256.0, 256.0, 256.0, 257.0, 257.0, 258.0, 255.0, 257.0, 255.0, 256.0, 254.0, 256.0, 257.0, 258.0, 256.0, 255.0, 258.0, 257.0, 256.0, 256.0, 255.0, 256.0, 255.0, 257.0, 256.0, 257.0, 256.0, 256.0, 256.0, 255.0, 257.0, 256.0, 257.0, 257.0, 256.0, 258.0, 256.0, 257.0, 259.0, 257.0, 257.0, 256.0, 257.0, 257.0, 256.0, 257.0, 256.0, 256.0, 256.0, 257.0, 257.0, 255.0, 256.0, 259.0, 256.0, 257.0, 255.0, 257.0]

