l: 64
Fitness of mutation winner: 276.0
Crossover offspring real fitness: [257.0, 258.0, 256.0, 257.0, 256.0, 257.0, 255.0, 255.0, 256.0, 258.0, 255.0, 255.0, 255.0, 256.0, 256.0, 259.0, 256.0, 255.0, 258.0, 255.0, 256.0, 257.0, 258.0, 255.0, 256.0, 257.0, 256.0, 256.0, 255.0, 256.0, 256.0, 258.0, 258.0, 256.0, 257.0, 257.0, 257.0, 257.0, 256.0, 256.0, 258.0, 256.0, 256.0, 257.0, 257.0, 257.0, 256.0, 256.0, 255.0, 256.0, 258.0, 257.0, 258.0, 256.0, 255.0, 257.0, 257.0, 256.0, 256.0, 256.0, 257.0, 255.0, 256.0]
Crossover offspring noisy fitness: [257.0, 258.0, 256.0, 257.0, 256.0, 257.0, 255.0, 255.0, 256.0, 258.0, 255.0, 255.0, 255.0, 256.0, 256.0, 259.0, 256.0, 255.0, 258.0, 255.0, 256.0, 257.0, 258.0, 255.0, 256.0, 257.0, 256.0, 256.0, 255.0, 256.0, 256.0, 258.0, 258.0, 256.0, 257.0, 257.0, 257.0, 257.0, 256.0, 256.0, 258.0, 256.0, 256.0, 257.0, 257.0, 257.0, 256.0, 256.0, 255.0, 256.0, 258.0, 257.0, 258.0, 256.0, 255.0, 257.0, 257.0, 256.0, 256.0, 256.0, 257.0, 255.0, 256.0]

l: 73
Fitness of mutation winner: 274.0
Crossover offspring real fitness: [256.0, 257.0, 260.0, 256.0, 257.0, 256.0, 258.0, 257.0, 256.0, 256.0, 255.0, 255.0, 255.0, 256.0, 257.0, 255.0, 256.0, 256.0, 256.0, 256.0, 257.0, 256.0, 256.0, 258.0, 256.0, 257.0, 256.0, 257.0, 255.0, 255.0, 254.0, 257.0, 256.0, 257.0, 257.0, 255.0, 256.0, 256.0, 254.0, 256.0, 256.0, 256.0, 256.0, 256.0, 255.0, 255.0, 257.0, 257.0, 257.0, 255.0, 256.0, 256.0, 256.0, 256.0, 255.0, 257.0, 256.0, 256.0, 256.0, 256.0, 256.0, 256.0, 257.0]
Crossover offspring noisy fitness: [256.0, 257.0, 260.0, 256.0, 257.0, 256.0, 258.0, 257.0, 256.0, 256.0, 255.0, 255.0, 255.0, 256.0, 257.0, 255.0, 256.0, 256.0, 256.0, 256.0, 256.0, 256.0, 256.0, 258.0, 256.0, 257.0, 256.0, 257.0, 255.0, 255.0, 254.0, 257.0, 256.0, 257.0, 257.0, 255.0, 256.0, 256.0, 254.0, 256.0, 256.0, 256.0, 256.0, 256.0, 255.0, 255.0, 257.0, 257.0, 258.0, 255.0, 256.0, 256.0, 256.0, 256.0, 255.0, 257.0, 256.0, 256.0, 256.0, 256.0, 256.0, 256.0, 257.0]

l: 82
Fitness of mutation winner: 278.0
Crossover offspring real fitness: [255.0, 256.0, 256.0, 254.0, 255.0, 257.0, 255.0, 257.0, 254.0, 257.0, 257.0, 255.0, 257.0, 256.0, 254.0, 257.0, 256.0, 258.0, 256.0, 257.0, 256.0, 257.0, 255.0, 256.0, 257.0, 258.0, 256.0, 257.0, 256.0, 258.0, 256.0, 257.0, 257.0, 256.0, 257.0, 256.0, 257.0, 256.0, 256.0, 256.0, 256.0, 256.0, 256.0, 256.0, 256.0, 257.0, 254.0, 256.0, 256.0, 255.0, 255.0, 259.0, 260.0, 257.0, 256.0, 255.0, 258.0, 256.0, 256.0, 255.0, 256.0, 257.0, 257.0]
Crossover offspring noisy fitness: [255.0, 256.0, 256.0, 254.0, 255.0, 257.0, 255.0, 257.0, 254.0, 257.0, 257.0, 255.0, 257.0, 256.0, 254.0, 257.0, 256.0, 258.0, 256.0, 257.0, 256.0, 257.0, 255.0, 256.0, 257.0, 258.0, 256.0, 258.0, 256.0, 258.0, 256.0, 257.0, 257.0, 256.0, 257.0, 256.0, 257.0, 256.0, 256.0, 256.0, 256.0, 256.0, 256.0, 256.0, 256.0, 257.0, 254.0, 256.0, 256.0, 255.0, 255.0, 259.0, 260.0, 258.0, 256.0, 255.0, 258.0, 256.0, 256.0, 255.0, 256.0, 257.0, 257.0]

l: 65
Fitness of mutation winner: 275.0
Crossover offspring real fitness: [255.0, 256.0, 256.0, 256.0, 256.0, 256.0, 260.0, 256.0, 256.0, 257.0, 256.0, 256.0, 257.0, 256.0, 259.0, 256.0, 256.0, 256.0, 255.0, 256.0, 256.0, 257.0, 258.0, 256.0, 256.0, 258.0, 256.0, 258.0, 257.0, 257.0, 256.0, 257.0, 257.0, 257.0, 257.0, 258.0, 257.0, 256.0, 256.0, 255.0, 256.0, 256.0, 256.0, 257.0, 256.0, 254.0, 257.0, 257.0, 256.0, 256.0, 257.0, 257.0, 256.0, 252.0, 258.0, 256.0, 258.0, 257.0, 256.0, 256.0, 257.0, 256.0, 258.0]
Crossover offspring noisy fitness: [255.0, 256.0, 256.0, 256.0, 256.0, 256.0, 260.0, 256.0, 256.0, 257.0, 256.0, 256.0, 257.0, 256.0, 259.0, 257.0, 255.0, 256.0, 255.0, 256.0, 256.0, 257.0, 258.0, 256.0, 256.0, 258.0, 256.0, 258.0, 257.0, 257.0, 256.0, 257.0, 257.0, 257.0, 257.0, 258.0, 257.0, 256.0, 256.0, 255.0, 256.0, 255.0, 256.0, 257.0, 256.0, 254.0, 257.0, 257.0, 256.0, 256.0, 257.0, 257.0, 255.0, 252.0, 257.0, 256.0, 259.0, 257.0, 256.0, 256.0, 257.0, 256.0, 258.0]

