l: 27
Real fitness of mutation winner: 267.0
Noisy fitness of mutation winner: 267.0
Crossover offspring real fitness: [256.0, 258.0, 256.0, 255.0, 257.0, 256.0, 257.0, 256.0, 256.0, 256.0, 256.0, 256.0, 257.0, 258.0, 258.0, 256.0, 256.0, 256.0, 257.0, 255.0, 257.0, 258.0]
Crossover offspring noisy fitness: [256.0, 258.0, 256.0, 255.0, 257.0, 256.0, 257.0, 256.0, 256.0, 257.0, 256.0, 256.0, 257.0, 258.0, 258.0, 256.0, 256.0, 256.0, 257.0, 255.0, 257.0, 258.0]

l: 19
Real fitness of mutation winner: 267.0
Noisy fitness of mutation winner: 267.0
Crossover offspring real fitness: [257.0, 256.0, 256.0, 258.0, 256.0, 256.0, 255.0, 256.0, 256.0, 256.0, 256.0, 257.0, 257.0, 257.0, 257.0, 257.0, 257.0, 258.0, 256.0, 256.0, 256.0, 256.0]
Crossover offspring noisy fitness: [257.0, 256.0, 256.0, 258.0, 256.0, 256.0, 255.0, 256.0, 256.0, 256.0, 256.0, 257.0, 257.0, 257.0, 257.0, 257.0, 257.0, 259.0, 256.0, 256.0, 256.0, 256.0]

l: 22
Real fitness of mutation winner: 266.0
Noisy fitness of mutation winner: 266.0
Crossover offspring real fitness: [256.0, 257.0, 258.0, 257.0, 258.0, 257.0, 256.0, 255.0, 255.0, 257.0, 256.0, 256.0, 256.0, 254.0, 256.0, 257.0, 257.0, 256.0, 255.0, 256.0, 257.0, 258.0]
Crossover offspring noisy fitness: [256.0, 257.0, 258.0, 257.0, 258.0, 257.0, 256.0, 255.0, 255.0, 257.0, 256.0, 256.0, 256.0, 254.0, 256.0, 257.0, 257.0, 256.0, 255.0, 256.0, 257.0, 258.0]

l: 16
Real fitness of mutation winner: 264.0
Noisy fitness of mutation winner: 264.0
Crossover offspring real fitness: [257.0, 256.0, 256.0, 256.0, 257.0, 256.0, 258.0, 257.0, 256.0, 256.0, 256.0, 257.0, 256.0, 257.0, 256.0, 256.0, 255.0, 257.0, 256.0, 256.0, 258.0, 257.0]
Crossover offspring noisy fitness: [257.0, 256.0, 256.0, 256.0, 257.0, 256.0, 258.0, 257.0, 257.0, 255.0, 256.0, 257.0, 256.0, 257.0, 256.0, 256.0, 254.0, 257.0, 256.0, 256.0, 258.0, 256.0]

