l: 54
Fitness of mutation winner: 268.0
Crossover offspring real fitness: [256.0, 256.0, 257.0, 256.0, 256.0, 256.0, 256.0, 257.0, 254.0, 256.0, 256.0, 258.0, 256.0, 255.0, 255.0, 256.0, 256.0, 257.0, 256.0, 256.0, 256.0, 257.0, 256.0, 256.0, 257.0, 256.0, 256.0, 256.0, 256.0, 256.0, 258.0, 254.0, 255.0, 256.0, 257.0, 256.0, 257.0, 256.0, 256.0, 257.0, 257.0, 257.0, 259.0, 257.0, 257.0, 255.0, 256.0, 256.0, 256.0, 256.0, 255.0, 256.0, 256.0, 255.0, 256.0, 256.0, 256.0, 258.0, 256.0, 257.0, 254.0, 256.0, 257.0]
Crossover offspring noisy fitness: [256.0, 256.0, 257.0, 256.0, 256.0, 256.0, 256.0, 257.0, 253.0, 256.0, 256.0, 258.0, 257.0, 254.0, 255.0, 256.0, 256.0, 257.0, 256.0, 256.0, 256.0, 257.0, 256.0, 256.0, 257.0, 256.0, 256.0, 256.0, 256.0, 256.0, 258.0, 254.0, 255.0, 256.0, 257.0, 256.0, 257.0, 256.0, 256.0, 257.0, 257.0, 257.0, 259.0, 257.0, 257.0, 255.0, 256.0, 256.0, 256.0, 256.0, 255.0, 256.0, 256.0, 255.0, 256.0, 256.0, 256.0, 258.0, 256.0, 257.0, 254.0, 256.0, 257.0]

l: 64
Fitness of mutation winner: 270.0
Crossover offspring real fitness: [256.0, 257.0, 256.0, 256.0, 256.0, 256.0, 256.0, 258.0, 255.0, 256.0, 255.0, 257.0, 256.0, 256.0, 256.0, 257.0, 256.0, 256.0, 255.0, 257.0, 259.0, 257.0, 256.0, 257.0, 257.0, 257.0, 256.0, 254.0, 255.0, 256.0, 256.0, 255.0, 255.0, 256.0, 258.0, 256.0, 256.0, 257.0, 257.0, 257.0, 255.0, 256.0, 256.0, 254.0, 257.0, 255.0, 255.0, 256.0, 256.0, 254.0, 256.0, 257.0, 256.0, 256.0, 254.0, 257.0, 256.0, 256.0, 257.0, 254.0, 257.0, 256.0, 256.0]
Crossover offspring noisy fitness: [256.0, 257.0, 256.0, 256.0, 257.0, 256.0, 256.0, 258.0, 255.0, 256.0, 255.0, 257.0, 256.0, 256.0, 256.0, 257.0, 256.0, 257.0, 255.0, 257.0, 259.0, 257.0, 256.0, 257.0, 257.0, 257.0, 256.0, 254.0, 255.0, 256.0, 256.0, 255.0, 255.0, 256.0, 258.0, 256.0, 256.0, 257.0, 257.0, 257.0, 255.0, 256.0, 256.0, 254.0, 257.0, 255.0, 255.0, 256.0, 256.0, 254.0, 256.0, 257.0, 256.0, 256.0, 254.0, 257.0, 256.0, 256.0, 257.0, 254.0, 257.0, 256.0, 256.0]

l: 72
Fitness of mutation winner: 277.0
Crossover offspring real fitness: [258.0, 257.0, 256.0, 255.0, 256.0, 256.0, 256.0, 256.0, 257.0, 257.0, 256.0, 255.0, 256.0, 258.0, 256.0, 256.0, 256.0, 256.0, 256.0, 256.0, 254.0, 255.0, 255.0, 257.0, 256.0, 258.0, 257.0, 256.0, 256.0, 256.0, 256.0, 257.0, 256.0, 255.0, 256.0, 257.0, 257.0, 257.0, 257.0, 257.0, 254.0, 256.0, 257.0, 256.0, 257.0, 255.0, 256.0, 256.0, 254.0, 257.0, 254.0, 257.0, 257.0, 258.0, 258.0, 256.0, 256.0, 256.0, 255.0, 257.0, 257.0, 256.0, 255.0]
Crossover offspring noisy fitness: [258.0, 257.0, 256.0, 255.0, 256.0, 256.0, 256.0, 256.0, 257.0, 257.0, 256.0, 255.0, 256.0, 258.0, 256.0, 256.0, 256.0, 255.0, 256.0, 256.0, 254.0, 255.0, 255.0, 257.0, 256.0, 258.0, 257.0, 256.0, 256.0, 256.0, 256.0, 257.0, 256.0, 255.0, 256.0, 257.0, 257.0, 257.0, 257.0, 256.0, 254.0, 256.0, 257.0, 256.0, 257.0, 255.0, 256.0, 256.0, 254.0, 257.0, 254.0, 257.0, 257.0, 258.0, 258.0, 256.0, 256.0, 256.0, 255.0, 257.0, 257.0, 257.0, 255.0]

l: 66
Fitness of mutation winner: 266.0
Crossover offspring real fitness: [255.0, 256.0, 255.0, 256.0, 255.0, 256.0, 255.0, 256.0, 255.0, 257.0, 257.0, 255.0, 256.0, 257.0, 255.0, 255.0, 255.0, 257.0, 255.0, 257.0, 256.0, 257.0, 256.0, 256.0, 256.0, 255.0, 256.0, 256.0, 256.0, 257.0, 256.0, 257.0, 256.0, 255.0, 255.0, 256.0, 255.0, 257.0, 257.0, 254.0, 256.0, 256.0, 255.0, 256.0, 256.0, 256.0, 255.0, 257.0, 257.0, 256.0, 258.0, 256.0, 254.0, 257.0, 255.0, 255.0, 257.0, 256.0, 258.0, 258.0, 259.0, 256.0, 256.0]
Crossover offspring noisy fitness: [255.0, 256.0, 255.0, 256.0, 255.0, 256.0, 255.0, 256.0, 255.0, 257.0, 257.0, 255.0, 256.0, 257.0, 255.0, 255.0, 255.0, 257.0, 255.0, 258.0, 256.0, 257.0, 256.0, 256.0, 256.0, 255.0, 256.0, 256.0, 256.0, 256.0, 256.0, 257.0, 256.0, 255.0, 255.0, 256.0, 255.0, 257.0, 257.0, 253.0, 256.0, 256.0, 254.0, 256.0, 256.0, 257.0, 255.0, 257.0, 257.0, 256.0, 258.0, 256.0, 254.0, 257.0, 255.0, 255.0, 257.0, 256.0, 258.0, 258.0, 259.0, 256.0, 256.0]

