l: 72
Fitness of mutation winner: 272.0
Crossover offspring real fitness: [257.0, 255.0, 256.0, 256.0, 257.0, 257.0, 256.0, 258.0, 255.0, 256.0, 255.0, 256.0, 255.0, 257.0, 258.0, 256.0, 256.0, 256.0, 260.0, 256.0, 256.0, 254.0, 257.0, 257.0, 256.0, 255.0, 258.0, 256.0, 256.0, 257.0, 258.0, 256.0, 256.0, 256.0, 255.0, 256.0, 259.0, 256.0, 257.0, 258.0, 258.0, 257.0, 256.0, 256.0, 256.0, 253.0, 256.0, 256.0, 257.0, 256.0, 256.0, 257.0, 258.0, 257.0, 257.0, 255.0, 258.0, 256.0, 256.0, 255.0, 256.0, 256.0, 255.0]
Crossover offspring noisy fitness: [257.0, 254.0, 256.0, 257.0, 257.0, 257.0, 256.0, 258.0, 256.0, 256.0, 255.0, 256.0, 255.0, 257.0, 258.0, 256.0, 256.0, 256.0, 260.0, 257.0, 256.0, 254.0, 257.0, 257.0, 256.0, 254.0, 258.0, 256.0, 256.0, 257.0, 258.0, 256.0, 255.0, 256.0, 255.0, 256.0, 259.0, 256.0, 257.0, 258.0, 259.0, 257.0, 256.0, 256.0, 256.0, 253.0, 256.0, 256.0, 257.0, 256.0, 256.0, 257.0, 258.0, 257.0, 257.0, 255.0, 258.0, 256.0, 256.0, 255.0, 256.0, 256.0, 255.0]

l: 50
Fitness of mutation winner: 270.0
Crossover offspring real fitness: [257.0, 256.0, 256.0, 255.0, 256.0, 255.0, 257.0, 257.0, 257.0, 257.0, 256.0, 257.0, 256.0, 256.0, 256.0, 258.0, 256.0, 256.0, 257.0, 255.0, 256.0, 256.0, 255.0, 258.0, 257.0, 256.0, 256.0, 256.0, 257.0, 256.0, 256.0, 256.0, 255.0, 258.0, 256.0, 256.0, 256.0, 255.0, 256.0, 256.0, 256.0, 257.0, 257.0, 257.0, 256.0, 257.0, 256.0, 255.0, 257.0, 256.0, 257.0, 256.0, 257.0, 258.0, 257.0, 256.0, 257.0, 255.0, 257.0, 256.0, 256.0, 257.0, 255.0]
Crossover offspring noisy fitness: [257.0, 256.0, 256.0, 255.0, 256.0, 255.0, 257.0, 257.0, 257.0, 257.0, 256.0, 257.0, 256.0, 256.0, 256.0, 258.0, 256.0, 256.0, 257.0, 255.0, 256.0, 256.0, 255.0, 258.0, 257.0, 256.0, 256.0, 256.0, 257.0, 256.0, 256.0, 256.0, 255.0, 258.0, 256.0, 256.0, 256.0, 255.0, 256.0, 256.0, 256.0, 257.0, 257.0, 258.0, 256.0, 257.0, 256.0, 255.0, 257.0, 256.0, 257.0, 256.0, 257.0, 258.0, 257.0, 256.0, 256.0, 255.0, 257.0, 255.0, 256.0, 257.0, 255.0]

l: 65
Fitness of mutation winner: 272.0
Crossover offspring real fitness: [257.0, 257.0, 257.0, 256.0, 256.0, 257.0, 256.0, 258.0, 262.0, 256.0, 258.0, 256.0, 256.0, 256.0, 257.0, 257.0, 256.0, 256.0, 256.0, 257.0, 257.0, 257.0, 256.0, 255.0, 256.0, 257.0, 254.0, 257.0, 257.0, 256.0, 258.0, 258.0, 258.0, 256.0, 257.0, 258.0, 258.0, 256.0, 256.0, 257.0, 255.0, 257.0, 256.0, 256.0, 258.0, 256.0, 256.0, 257.0, 257.0, 256.0, 257.0, 256.0, 256.0, 256.0, 257.0, 256.0, 256.0, 256.0, 256.0, 258.0, 255.0, 256.0, 256.0]
Crossover offspring noisy fitness: [257.0, 257.0, 257.0, 256.0, 256.0, 257.0, 255.0, 258.0, 262.0, 256.0, 258.0, 256.0, 256.0, 256.0, 257.0, 256.0, 256.0, 256.0, 256.0, 257.0, 257.0, 257.0, 256.0, 255.0, 256.0, 257.0, 254.0, 257.0, 257.0, 256.0, 258.0, 258.0, 258.0, 256.0, 257.0, 258.0, 258.0, 256.0, 256.0, 257.0, 255.0, 257.0, 256.0, 256.0, 258.0, 256.0, 256.0, 257.0, 257.0, 256.0, 257.0, 256.0, 256.0, 256.0, 257.0, 256.0, 256.0, 256.0, 256.0, 258.0, 255.0, 256.0, 256.0]

l: 66
Fitness of mutation winner: 271.0
Crossover offspring real fitness: [258.0, 256.0, 256.0, 256.0, 257.0, 257.0, 257.0, 256.0, 255.0, 256.0, 256.0, 256.0, 256.0, 256.0, 256.0, 256.0, 255.0, 256.0, 255.0, 256.0, 256.0, 256.0, 257.0, 256.0, 256.0, 256.0, 256.0, 254.0, 256.0, 256.0, 256.0, 256.0, 259.0, 257.0, 256.0, 257.0, 256.0, 255.0, 255.0, 257.0, 257.0, 256.0, 256.0, 256.0, 256.0, 256.0, 257.0, 256.0, 257.0, 255.0, 254.0, 256.0, 257.0, 258.0, 257.0, 256.0, 256.0, 256.0, 256.0, 256.0, 254.0, 256.0, 256.0]
Crossover offspring noisy fitness: [258.0, 256.0, 256.0, 256.0, 257.0, 257.0, 257.0, 255.0, 255.0, 256.0, 256.0, 256.0, 256.0, 256.0, 256.0, 256.0, 255.0, 256.0, 255.0, 256.0, 256.0, 256.0, 257.0, 256.0, 256.0, 256.0, 256.0, 254.0, 256.0, 256.0, 256.0, 256.0, 259.0, 256.0, 256.0, 257.0, 256.0, 255.0, 255.0, 257.0, 257.0, 256.0, 256.0, 256.0, 256.0, 257.0, 257.0, 256.0, 257.0, 255.0, 254.0, 256.0, 257.0, 258.0, 257.0, 256.0, 256.0, 256.0, 256.0, 256.0, 255.0, 256.0, 256.0]

