l: 64
Real fitness of mutation winner: 280.0
Noisy fitness of mutation winner: 280.0
Crossover offspring real fitness: [256.0, 257.0, 256.0, 257.0, 256.0, 257.0, 258.0, 258.0, 256.0, 260.0, 257.0, 256.0, 256.0, 255.0, 257.0, 258.0, 256.0, 257.0, 256.0, 258.0, 256.0, 255.0, 258.0, 257.0, 256.0, 256.0, 257.0, 256.0, 259.0, 256.0, 257.0, 255.0, 258.0, 258.0, 257.0, 256.0, 256.0, 255.0, 255.0, 257.0, 257.0, 257.0, 255.0, 256.0, 256.0, 258.0, 257.0, 258.0, 258.0, 256.0, 256.0, 257.0, 256.0, 256.0, 255.0, 255.0, 256.0, 258.0, 256.0, 255.0, 256.0, 257.0, 257.0]
Crossover offspring noisy fitness: [256.0, 257.0, 256.0, 257.0, 256.0, 256.0, 258.0, 258.0, 256.0, 260.0, 257.0, 256.0, 256.0, 256.0, 258.0, 258.0, 256.0, 257.0, 256.0, 258.0, 256.0, 255.0, 258.0, 257.0, 256.0, 256.0, 257.0, 256.0, 259.0, 256.0, 257.0, 255.0, 258.0, 258.0, 257.0, 256.0, 256.0, 255.0, 255.0, 257.0, 257.0, 258.0, 255.0, 256.0, 256.0, 258.0, 258.0, 258.0, 258.0, 256.0, 257.0, 257.0, 256.0, 256.0, 255.0, 255.0, 256.0, 258.0, 256.0, 255.0, 256.0, 257.0, 257.0]

l: 68
Real fitness of mutation winner: 270.0
Noisy fitness of mutation winner: 270.0
Crossover offspring real fitness: [256.0, 255.0, 257.0, 255.0, 258.0, 255.0, 257.0, 255.0, 257.0, 256.0, 256.0, 255.0, 256.0, 257.0, 256.0, 257.0, 258.0, 256.0, 258.0, 257.0, 254.0, 256.0, 255.0, 256.0, 258.0, 256.0, 255.0, 256.0, 255.0, 258.0, 256.0, 257.0, 256.0, 254.0, 258.0, 256.0, 257.0, 257.0, 257.0, 254.0, 256.0, 257.0, 256.0, 256.0, 257.0, 256.0, 255.0, 255.0, 259.0, 256.0, 257.0, 256.0, 256.0, 258.0, 256.0, 259.0, 255.0, 255.0, 256.0, 255.0, 257.0, 257.0, 256.0]
Crossover offspring noisy fitness: [256.0, 255.0, 257.0, 255.0, 258.0, 255.0, 257.0, 255.0, 257.0, 256.0, 256.0, 255.0, 256.0, 257.0, 256.0, 257.0, 258.0, 256.0, 258.0, 257.0, 254.0, 256.0, 255.0, 256.0, 257.0, 256.0, 255.0, 256.0, 255.0, 258.0, 256.0, 257.0, 256.0, 254.0, 258.0, 256.0, 257.0, 257.0, 257.0, 254.0, 256.0, 257.0, 256.0, 255.0, 257.0, 256.0, 255.0, 255.0, 259.0, 256.0, 257.0, 256.0, 256.0, 258.0, 256.0, 259.0, 255.0, 255.0, 256.0, 255.0, 257.0, 257.0, 256.0]

l: 55
Real fitness of mutation winner: 279.0
Noisy fitness of mutation winner: 279.0
Crossover offspring real fitness: [256.0, 256.0, 256.0, 256.0, 257.0, 256.0, 256.0, 256.0, 257.0, 256.0, 256.0, 258.0, 256.0, 257.0, 256.0, 257.0, 257.0, 257.0, 256.0, 256.0, 258.0, 255.0, 256.0, 255.0, 255.0, 256.0, 256.0, 256.0, 255.0, 256.0, 256.0, 256.0, 256.0, 259.0, 257.0, 256.0, 255.0, 256.0, 256.0, 256.0, 257.0, 257.0, 257.0, 256.0, 256.0, 256.0, 256.0, 257.0, 256.0, 255.0, 257.0, 256.0, 255.0, 256.0, 256.0, 255.0, 258.0, 256.0, 257.0, 256.0, 257.0, 257.0, 258.0]
Crossover offspring noisy fitness: [256.0, 256.0, 256.0, 256.0, 257.0, 256.0, 256.0, 256.0, 257.0, 256.0, 256.0, 258.0, 256.0, 257.0, 256.0, 257.0, 257.0, 257.0, 256.0, 256.0, 258.0, 255.0, 256.0, 255.0, 255.0, 256.0, 256.0, 256.0, 255.0, 256.0, 256.0, 256.0, 256.0, 259.0, 257.0, 256.0, 255.0, 256.0, 256.0, 256.0, 257.0, 257.0, 257.0, 255.0, 256.0, 256.0, 256.0, 257.0, 256.0, 255.0, 258.0, 256.0, 255.0, 256.0, 256.0, 255.0, 258.0, 256.0, 257.0, 256.0, 257.0, 257.0, 258.0]

l: 63
Real fitness of mutation winner: 271.0
Noisy fitness of mutation winner: 271.0
Crossover offspring real fitness: [255.0, 257.0, 257.0, 258.0, 257.0, 258.0, 258.0, 255.0, 256.0, 257.0, 255.0, 256.0, 256.0, 257.0, 256.0, 257.0, 257.0, 257.0, 257.0, 256.0, 257.0, 257.0, 256.0, 256.0, 256.0, 256.0, 257.0, 258.0, 256.0, 258.0, 257.0, 256.0, 256.0, 256.0, 257.0, 256.0, 257.0, 257.0, 257.0, 255.0, 258.0, 258.0, 256.0, 256.0, 255.0, 256.0, 255.0, 257.0, 258.0, 256.0, 255.0, 255.0, 256.0, 257.0, 257.0, 256.0, 256.0, 258.0, 254.0, 257.0, 256.0, 257.0, 257.0]
Crossover offspring noisy fitness: [255.0, 257.0, 257.0, 259.0, 257.0, 258.0, 257.0, 255.0, 256.0, 257.0, 255.0, 256.0, 256.0, 257.0, 256.0, 257.0, 257.0, 257.0, 257.0, 256.0, 257.0, 257.0, 256.0, 256.0, 256.0, 256.0, 257.0, 258.0, 256.0, 258.0, 258.0, 256.0, 256.0, 256.0, 257.0, 256.0, 257.0, 257.0, 257.0, 255.0, 258.0, 258.0, 256.0, 256.0, 255.0, 256.0, 254.0, 257.0, 258.0, 256.0, 256.0, 255.0, 256.0, 258.0, 257.0, 256.0, 256.0, 258.0, 254.0, 257.0, 256.0, 257.0, 257.0]

