l: 67
Fitness of mutation winner: 276.0
Crossover offspring real fitness: [256.0, 256.0, 255.0, 256.0, 257.0, 256.0, 256.0, 256.0, 256.0, 256.0, 255.0, 256.0, 256.0, 257.0, 256.0, 257.0, 254.0, 257.0, 255.0, 255.0, 256.0, 256.0, 256.0, 256.0, 257.0, 255.0, 256.0, 258.0, 256.0, 256.0, 256.0, 257.0, 256.0, 256.0, 258.0, 258.0, 256.0, 256.0, 256.0, 255.0, 256.0, 256.0, 256.0, 255.0, 256.0, 256.0, 256.0, 256.0, 256.0, 258.0, 256.0, 256.0, 256.0, 256.0, 258.0, 256.0, 255.0, 256.0, 257.0, 255.0, 256.0, 256.0, 255.0]
Crossover offspring noisy fitness: [256.0, 256.0, 255.0, 256.0, 256.0, 256.0, 256.0, 256.0, 256.0, 256.0, 255.0, 256.0, 257.0, 256.0, 256.0, 257.0, 254.0, 257.0, 255.0, 255.0, 256.0, 256.0, 256.0, 256.0, 257.0, 255.0, 256.0, 258.0, 256.0, 256.0, 256.0, 257.0, 256.0, 256.0, 258.0, 258.0, 256.0, 256.0, 256.0, 255.0, 256.0, 256.0, 256.0, 255.0, 256.0, 256.0, 256.0, 256.0, 256.0, 258.0, 256.0, 256.0, 256.0, 256.0, 258.0, 256.0, 255.0, 256.0, 257.0, 255.0, 256.0, 256.0, 255.0]

l: 65
Fitness of mutation winner: 271.0
Crossover offspring real fitness: [258.0, 256.0, 255.0, 256.0, 255.0, 256.0, 256.0, 256.0, 257.0, 255.0, 256.0, 255.0, 258.0, 256.0, 258.0, 255.0, 257.0, 256.0, 258.0, 255.0, 257.0, 256.0, 256.0, 256.0, 256.0, 257.0, 257.0, 258.0, 256.0, 255.0, 256.0, 256.0, 255.0, 256.0, 256.0, 254.0, 255.0, 258.0, 257.0, 259.0, 255.0, 259.0, 258.0, 256.0, 255.0, 255.0, 256.0, 257.0, 256.0, 255.0, 256.0, 258.0, 255.0, 255.0, 255.0, 256.0, 256.0, 256.0, 256.0, 256.0, 256.0, 254.0, 256.0]
Crossover offspring noisy fitness: [258.0, 256.0, 255.0, 254.0, 255.0, 256.0, 256.0, 256.0, 257.0, 255.0, 256.0, 255.0, 258.0, 256.0, 258.0, 255.0, 257.0, 256.0, 258.0, 255.0, 257.0, 256.0, 256.0, 256.0, 256.0, 257.0, 257.0, 258.0, 256.0, 255.0, 256.0, 256.0, 255.0, 256.0, 256.0, 254.0, 255.0, 258.0, 257.0, 260.0, 255.0, 259.0, 258.0, 256.0, 255.0, 255.0, 256.0, 257.0, 256.0, 255.0, 256.0, 258.0, 255.0, 255.0, 255.0, 255.0, 256.0, 256.0, 256.0, 256.0, 256.0, 253.0, 256.0]

l: 58
Fitness of mutation winner: 274.0
Crossover offspring real fitness: [256.0, 256.0, 256.0, 256.0, 255.0, 256.0, 256.0, 256.0, 257.0, 256.0, 255.0, 256.0, 256.0, 256.0, 256.0, 257.0, 257.0, 257.0, 255.0, 256.0, 255.0, 256.0, 255.0, 256.0, 258.0, 257.0, 257.0, 255.0, 258.0, 256.0, 258.0, 255.0, 255.0, 255.0, 256.0, 257.0, 257.0, 256.0, 258.0, 258.0, 257.0, 256.0, 258.0, 256.0, 255.0, 256.0, 256.0, 258.0, 257.0, 256.0, 255.0, 257.0, 256.0, 257.0, 256.0, 256.0, 256.0, 257.0, 258.0, 257.0, 257.0, 256.0, 255.0]
Crossover offspring noisy fitness: [256.0, 256.0, 256.0, 255.0, 255.0, 256.0, 256.0, 256.0, 257.0, 256.0, 255.0, 256.0, 256.0, 256.0, 256.0, 257.0, 257.0, 257.0, 255.0, 256.0, 255.0, 256.0, 255.0, 256.0, 258.0, 257.0, 257.0, 256.0, 258.0, 256.0, 258.0, 255.0, 255.0, 255.0, 256.0, 257.0, 257.0, 256.0, 258.0, 258.0, 257.0, 256.0, 258.0, 256.0, 255.0, 256.0, 256.0, 258.0, 257.0, 256.0, 255.0, 257.0, 256.0, 257.0, 256.0, 256.0, 256.0, 257.0, 258.0, 257.0, 257.0, 256.0, 255.0]

l: 75
Fitness of mutation winner: 273.0
Crossover offspring real fitness: [256.0, 255.0, 257.0, 257.0, 256.0, 255.0, 256.0, 256.0, 256.0, 257.0, 256.0, 256.0, 257.0, 256.0, 255.0, 257.0, 255.0, 257.0, 256.0, 260.0, 256.0, 255.0, 256.0, 255.0, 258.0, 255.0, 256.0, 255.0, 256.0, 256.0, 257.0, 257.0, 256.0, 258.0, 257.0, 255.0, 258.0, 257.0, 257.0, 257.0, 254.0, 256.0, 257.0, 256.0, 258.0, 256.0, 256.0, 255.0, 261.0, 256.0, 255.0, 254.0, 255.0, 257.0, 259.0, 256.0, 258.0, 256.0, 258.0, 256.0, 258.0, 258.0, 256.0]
Crossover offspring noisy fitness: [256.0, 255.0, 257.0, 257.0, 256.0, 255.0, 256.0, 256.0, 256.0, 257.0, 256.0, 256.0, 257.0, 256.0, 255.0, 257.0, 255.0, 256.0, 256.0, 260.0, 256.0, 255.0, 256.0, 255.0, 258.0, 255.0, 256.0, 255.0, 256.0, 256.0, 257.0, 257.0, 257.0, 258.0, 257.0, 255.0, 258.0, 257.0, 257.0, 257.0, 254.0, 256.0, 257.0, 256.0, 258.0, 256.0, 256.0, 255.0, 261.0, 256.0, 255.0, 254.0, 256.0, 257.0, 259.0, 256.0, 258.0, 256.0, 258.0, 255.0, 258.0, 258.0, 256.0]

