l: 59
Fitness of mutation winner: 273.0
Crossover offspring real fitness: [254.0, 257.0, 254.0, 257.0, 257.0, 259.0, 255.0, 256.0, 256.0, 257.0, 256.0, 256.0, 256.0, 256.0, 258.0, 256.0, 257.0, 256.0, 257.0, 256.0, 256.0, 257.0, 256.0, 256.0, 257.0, 255.0, 256.0, 256.0, 256.0, 256.0, 256.0, 256.0, 254.0, 256.0, 255.0, 256.0, 256.0, 256.0, 257.0, 256.0, 257.0, 256.0, 256.0, 256.0, 255.0, 257.0, 255.0, 259.0, 257.0, 258.0, 255.0, 256.0, 257.0, 258.0, 256.0, 256.0, 257.0, 256.0, 254.0, 258.0, 256.0, 257.0, 256.0]
Crossover offspring noisy fitness: [254.0, 257.0, 254.0, 257.0, 257.0, 259.0, 255.0, 256.0, 256.0, 257.0, 256.0, 256.0, 256.0, 256.0, 258.0, 256.0, 257.0, 256.0, 257.0, 256.0, 256.0, 257.0, 256.0, 256.0, 257.0, 255.0, 256.0, 256.0, 256.0, 256.0, 256.0, 256.0, 254.0, 256.0, 255.0, 256.0, 256.0, 256.0, 257.0, 256.0, 257.0, 256.0, 256.0, 255.0, 255.0, 257.0, 255.0, 259.0, 257.0, 258.0, 255.0, 256.0, 257.0, 258.0, 256.0, 257.0, 257.0, 256.0, 254.0, 258.0, 256.0, 257.0, 256.0]

l: 60
Fitness of mutation winner: 278.0
Crossover offspring real fitness: [255.0, 257.0, 256.0, 256.0, 256.0, 257.0, 256.0, 255.0, 256.0, 257.0, 255.0, 256.0, 256.0, 255.0, 257.0, 256.0, 256.0, 258.0, 257.0, 256.0, 257.0, 257.0, 255.0, 258.0, 256.0, 256.0, 257.0, 256.0, 256.0, 255.0, 256.0, 257.0, 256.0, 257.0, 257.0, 256.0, 257.0, 256.0, 257.0, 256.0, 258.0, 255.0, 257.0, 257.0, 257.0, 255.0, 258.0, 254.0, 257.0, 257.0, 255.0, 257.0, 257.0, 257.0, 256.0, 257.0, 255.0, 256.0, 255.0, 256.0, 255.0, 255.0, 258.0]
Crossover offspring noisy fitness: [255.0, 257.0, 256.0, 256.0, 256.0, 257.0, 256.0, 255.0, 256.0, 257.0, 255.0, 256.0, 256.0, 255.0, 257.0, 257.0, 256.0, 258.0, 257.0, 255.0, 257.0, 257.0, 255.0, 258.0, 257.0, 256.0, 257.0, 256.0, 256.0, 256.0, 256.0, 257.0, 256.0, 257.0, 257.0, 256.0, 257.0, 256.0, 257.0, 256.0, 258.0, 255.0, 257.0, 257.0, 257.0, 255.0, 258.0, 254.0, 257.0, 257.0, 255.0, 257.0, 257.0, 257.0, 256.0, 257.0, 255.0, 257.0, 255.0, 256.0, 255.0, 255.0, 258.0]

l: 67
Fitness of mutation winner: 279.0
Crossover offspring real fitness: [256.0, 256.0, 257.0, 257.0, 256.0, 256.0, 256.0, 256.0, 256.0, 257.0, 254.0, 256.0, 256.0, 255.0, 256.0, 256.0, 257.0, 256.0, 256.0, 257.0, 258.0, 257.0, 256.0, 257.0, 258.0, 258.0, 258.0, 257.0, 257.0, 256.0, 256.0, 256.0, 258.0, 255.0, 256.0, 254.0, 257.0, 256.0, 256.0, 257.0, 256.0, 258.0, 259.0, 258.0, 256.0, 257.0, 256.0, 253.0, 257.0, 256.0, 256.0, 257.0, 257.0, 257.0, 257.0, 257.0, 257.0, 256.0, 256.0, 257.0, 255.0, 253.0, 255.0]
Crossover offspring noisy fitness: [256.0, 256.0, 257.0, 257.0, 256.0, 256.0, 256.0, 256.0, 256.0, 257.0, 254.0, 256.0, 256.0, 255.0, 256.0, 256.0, 257.0, 256.0, 255.0, 257.0, 258.0, 257.0, 256.0, 257.0, 258.0, 258.0, 258.0, 257.0, 257.0, 256.0, 256.0, 256.0, 258.0, 255.0, 256.0, 254.0, 257.0, 256.0, 256.0, 257.0, 256.0, 258.0, 259.0, 258.0, 256.0, 257.0, 256.0, 253.0, 257.0, 256.0, 256.0, 257.0, 257.0, 257.0, 257.0, 257.0, 257.0, 256.0, 256.0, 257.0, 255.0, 253.0, 255.0]

l: 63
Fitness of mutation winner: 271.0
Crossover offspring real fitness: [256.0, 257.0, 256.0, 256.0, 256.0, 255.0, 256.0, 256.0, 256.0, 256.0, 258.0, 256.0, 256.0, 256.0, 256.0, 256.0, 254.0, 256.0, 255.0, 254.0, 256.0, 258.0, 256.0, 256.0, 257.0, 258.0, 256.0, 256.0, 256.0, 256.0, 255.0, 256.0, 257.0, 256.0, 256.0, 256.0, 258.0, 257.0, 256.0, 256.0, 256.0, 256.0, 256.0, 256.0, 257.0, 256.0, 257.0, 256.0, 258.0, 256.0, 255.0, 256.0, 256.0, 255.0, 256.0, 256.0, 256.0, 256.0, 256.0, 255.0, 257.0, 257.0, 256.0]
Crossover offspring noisy fitness: [257.0, 257.0, 256.0, 256.0, 256.0, 255.0, 256.0, 256.0, 256.0, 256.0, 258.0, 256.0, 256.0, 256.0, 256.0, 256.0, 254.0, 256.0, 255.0, 254.0, 256.0, 258.0, 256.0, 256.0, 257.0, 258.0, 256.0, 257.0, 256.0, 256.0, 255.0, 256.0, 257.0, 256.0, 256.0, 256.0, 258.0, 257.0, 256.0, 256.0, 256.0, 256.0, 256.0, 256.0, 257.0, 257.0, 257.0, 256.0, 258.0, 256.0, 255.0, 256.0, 255.0, 255.0, 255.0, 256.0, 256.0, 256.0, 256.0, 255.0, 257.0, 257.0, 256.0]

