l: 22
Fitness of mutation winner: 263.0
Crossover offspring real fitness: [260.0, 256.0, 256.0, 255.0, 256.0, 256.0, 257.0, 260.0, 256.0, 256.0, 256.0, 256.0, 256.0, 257.0, 256.0, 258.0, 258.0, 256.0, 256.0, 256.0, 257.0, 256.0]
Crossover offspring noisy fitness: [260.0, 256.0, 256.0, 255.0, 256.0, 256.0, 257.0, 260.0, 256.0, 256.0, 256.0, 256.0, 256.0, 257.0, 256.0, 258.0, 258.0, 256.0, 256.0, 256.0, 257.0, 256.0]

l: 16
Fitness of mutation winner: 262.0
Crossover offspring real fitness: [257.0, 256.0, 256.0, 257.0, 257.0, 256.0, 257.0, 259.0, 255.0, 257.0, 257.0, 256.0, 257.0, 256.0, 256.0, 255.0, 257.0, 256.0, 257.0, 256.0, 256.0, 257.0]
Crossover offspring noisy fitness: [257.0, 256.0, 256.0, 257.0, 257.0, 256.0, 257.0, 259.0, 256.0, 257.0, 256.0, 256.0, 257.0, 256.0, 256.0, 255.0, 257.0, 256.0, 257.0, 256.0, 256.0, 257.0]

l: 21
Fitness of mutation winner: 267.0
Crossover offspring real fitness: [256.0, 258.0, 258.0, 257.0, 255.0, 257.0, 256.0, 257.0, 260.0, 256.0, 258.0, 256.0, 257.0, 258.0, 257.0, 256.0, 256.0, 257.0, 257.0, 256.0, 257.0, 259.0]
Crossover offspring noisy fitness: [257.0, 258.0, 258.0, 257.0, 255.0, 257.0, 256.0, 257.0, 260.0, 256.0, 258.0, 256.0, 257.0, 258.0, 257.0, 255.0, 256.0, 257.0, 257.0, 257.0, 257.0, 259.0]

l: 20
Fitness of mutation winner: 264.0
Crossover offspring real fitness: [257.0, 257.0, 255.0, 256.0, 256.0, 256.0, 256.0, 256.0, 255.0, 256.0, 257.0, 258.0, 257.0, 258.0, 256.0, 256.0, 257.0, 256.0, 257.0, 256.0, 256.0, 257.0]
Crossover offspring noisy fitness: [257.0, 257.0, 255.0, 256.0, 256.0, 256.0, 256.0, 256.0, 255.0, 256.0, 257.0, 258.0, 257.0, 258.0, 256.0, 256.0, 257.0, 256.0, 257.0, 256.0, 256.0, 257.0]

