l: 57
Real fitness of mutation winner: 273.0
Noisy fitness of mutation winner: 273.0
Crossover offspring real fitness: [256.0, 256.0, 259.0, 257.0, 256.0, 256.0, 256.0, 258.0, 255.0, 256.0, 257.0, 255.0, 255.0, 256.0, 257.0, 258.0, 256.0, 256.0, 256.0, 256.0, 257.0, 258.0, 255.0, 257.0, 256.0, 256.0, 257.0, 256.0, 256.0, 256.0, 257.0, 256.0, 257.0, 257.0, 255.0, 256.0, 257.0, 256.0, 255.0, 257.0, 255.0, 255.0, 257.0, 255.0, 257.0, 257.0, 254.0, 257.0, 256.0, 257.0, 256.0, 256.0, 257.0, 256.0, 256.0, 257.0, 257.0, 256.0, 257.0, 256.0, 256.0, 256.0, 257.0]
Crossover offspring noisy fitness: [256.0, 256.0, 259.0, 257.0, 256.0, 256.0, 256.0, 258.0, 255.0, 256.0, 257.0, 255.0, 255.0, 256.0, 257.0, 258.0, 256.0, 256.0, 256.0, 256.0, 257.0, 258.0, 255.0, 257.0, 256.0, 256.0, 257.0, 256.0, 256.0, 256.0, 257.0, 256.0, 257.0, 257.0, 255.0, 256.0, 257.0, 256.0, 255.0, 257.0, 255.0, 255.0, 256.0, 255.0, 257.0, 257.0, 254.0, 257.0, 256.0, 257.0, 256.0, 257.0, 256.0, 256.0, 257.0, 257.0, 257.0, 256.0, 257.0, 256.0, 257.0, 256.0, 257.0]

l: 58
Real fitness of mutation winner: 272.0
Noisy fitness of mutation winner: 272.0
Crossover offspring real fitness: [257.0, 255.0, 256.0, 257.0, 257.0, 257.0, 257.0, 257.0, 255.0, 256.0, 255.0, 255.0, 256.0, 256.0, 257.0, 258.0, 256.0, 257.0, 258.0, 256.0, 256.0, 257.0, 256.0, 257.0, 259.0, 256.0, 258.0, 255.0, 256.0, 256.0, 256.0, 255.0, 257.0, 256.0, 256.0, 255.0, 256.0, 257.0, 255.0, 256.0, 256.0, 257.0, 257.0, 254.0, 258.0, 257.0, 256.0, 256.0, 256.0, 255.0, 256.0, 256.0, 256.0, 256.0, 256.0, 256.0, 256.0, 257.0, 258.0, 255.0, 255.0, 256.0, 257.0]
Crossover offspring noisy fitness: [257.0, 255.0, 256.0, 257.0, 257.0, 257.0, 257.0, 257.0, 255.0, 256.0, 255.0, 255.0, 256.0, 256.0, 257.0, 257.0, 256.0, 257.0, 257.0, 256.0, 256.0, 257.0, 256.0, 257.0, 259.0, 256.0, 258.0, 255.0, 256.0, 256.0, 256.0, 255.0, 257.0, 256.0, 256.0, 255.0, 256.0, 257.0, 255.0, 257.0, 256.0, 257.0, 256.0, 254.0, 258.0, 257.0, 256.0, 256.0, 256.0, 255.0, 256.0, 256.0, 256.0, 256.0, 256.0, 256.0, 256.0, 257.0, 258.0, 255.0, 255.0, 256.0, 257.0]

l: 59
Real fitness of mutation winner: 273.0
Noisy fitness of mutation winner: 273.0
Crossover offspring real fitness: [257.0, 256.0, 257.0, 256.0, 256.0, 256.0, 257.0, 257.0, 256.0, 257.0, 256.0, 256.0, 257.0, 256.0, 257.0, 257.0, 256.0, 257.0, 257.0, 256.0, 256.0, 256.0, 255.0, 256.0, 256.0, 254.0, 256.0, 258.0, 255.0, 256.0, 256.0, 255.0, 259.0, 257.0, 256.0, 256.0, 256.0, 257.0, 256.0, 256.0, 256.0, 256.0, 257.0, 256.0, 257.0, 256.0, 257.0, 257.0, 258.0, 256.0, 256.0, 258.0, 257.0, 255.0, 256.0, 255.0, 258.0, 257.0, 258.0, 255.0, 256.0, 256.0, 257.0]
Crossover offspring noisy fitness: [257.0, 257.0, 257.0, 256.0, 256.0, 257.0, 257.0, 257.0, 256.0, 257.0, 256.0, 256.0, 257.0, 256.0, 257.0, 257.0, 256.0, 257.0, 257.0, 256.0, 256.0, 257.0, 256.0, 256.0, 256.0, 254.0, 256.0, 258.0, 255.0, 256.0, 256.0, 255.0, 259.0, 257.0, 256.0, 256.0, 256.0, 256.0, 256.0, 256.0, 256.0, 256.0, 257.0, 256.0, 256.0, 256.0, 257.0, 257.0, 258.0, 256.0, 256.0, 258.0, 257.0, 255.0, 256.0, 255.0, 258.0, 257.0, 258.0, 255.0, 257.0, 256.0, 256.0]

l: 53
Real fitness of mutation winner: 277.0
Noisy fitness of mutation winner: 277.0
Crossover offspring real fitness: [256.0, 257.0, 256.0, 256.0, 256.0, 255.0, 256.0, 256.0, 257.0, 256.0, 256.0, 258.0, 257.0, 256.0, 256.0, 256.0, 257.0, 256.0, 257.0, 256.0, 256.0, 255.0, 256.0, 256.0, 255.0, 257.0, 257.0, 256.0, 256.0, 257.0, 258.0, 257.0, 255.0, 256.0, 255.0, 257.0, 255.0, 256.0, 259.0, 255.0, 256.0, 257.0, 254.0, 257.0, 257.0, 256.0, 256.0, 256.0, 255.0, 255.0, 258.0, 256.0, 257.0, 258.0, 255.0, 259.0, 255.0, 256.0, 258.0, 256.0, 257.0, 259.0, 256.0]
Crossover offspring noisy fitness: [256.0, 257.0, 256.0, 256.0, 256.0, 255.0, 256.0, 256.0, 257.0, 256.0, 255.0, 258.0, 257.0, 256.0, 256.0, 256.0, 257.0, 256.0, 257.0, 256.0, 257.0, 255.0, 257.0, 257.0, 255.0, 257.0, 257.0, 256.0, 256.0, 257.0, 258.0, 257.0, 254.0, 256.0, 255.0, 257.0, 255.0, 256.0, 259.0, 255.0, 256.0, 257.0, 254.0, 257.0, 257.0, 256.0, 256.0, 256.0, 255.0, 255.0, 258.0, 256.0, 257.0, 258.0, 255.0, 259.0, 255.0, 256.0, 258.0, 256.0, 257.0, 259.0, 256.0]

