l: 28
Fitness of mutation winner: 266.0
Crossover offspring real fitness: [255.0, 255.0, 257.0, 256.0, 255.0, 255.0, 255.0, 257.0, 255.0, 257.0, 254.0, 256.0, 254.0, 256.0, 258.0, 256.0, 259.0, 257.0, 256.0, 257.0, 255.0, 259.0]
Crossover offspring noisy fitness: [255.0, 254.0, 257.0, 256.0, 255.0, 255.0, 255.0, 257.0, 255.0, 257.0, 254.0, 256.0, 254.0, 256.0, 258.0, 256.0, 259.0, 257.0, 256.0, 257.0, 255.0, 259.0]

l: 16
Fitness of mutation winner: 258.0
Crossover offspring real fitness: [256.0, 254.0, 255.0, 256.0, 254.0, 255.0, 257.0, 256.0, 255.0, 257.0, 256.0, 256.0, 256.0, 257.0, 256.0, 256.0, 256.0, 257.0, 256.0, 255.0, 256.0, 257.0]
Crossover offspring noisy fitness: [256.0, 254.0, 255.0, 256.0, 254.0, 255.0, 257.0, 256.0, 255.0, 257.0, 256.0, 256.0, 256.0, 258.0, 256.0, 256.0, 256.0, 257.0, 256.0, 255.0, 256.0, 257.0]

l: 18
Fitness of mutation winner: 264.0
Crossover offspring real fitness: [257.0, 256.0, 256.0, 257.0, 258.0, 257.0, 256.0, 255.0, 256.0, 255.0, 256.0, 257.0, 258.0, 256.0, 256.0, 257.0, 257.0, 256.0, 256.0, 256.0, 257.0, 257.0]
Crossover offspring noisy fitness: [257.0, 256.0, 256.0, 257.0, 258.0, 257.0, 256.0, 255.0, 256.0, 255.0, 256.0, 257.0, 258.0, 256.0, 255.0, 257.0, 257.0, 256.0, 256.0, 256.0, 256.0, 257.0]

l: 18
Fitness of mutation winner: 262.0
Crossover offspring real fitness: [256.0, 256.0, 255.0, 256.0, 258.0, 256.0, 256.0, 256.0, 257.0, 257.0, 256.0, 257.0, 257.0, 257.0, 256.0, 256.0, 257.0, 255.0, 256.0, 256.0, 256.0, 256.0]
Crossover offspring noisy fitness: [256.0, 256.0, 255.0, 256.0, 258.0, 256.0, 256.0, 257.0, 257.0, 257.0, 256.0, 257.0, 257.0, 257.0, 256.0, 256.0, 257.0, 255.0, 256.0, 256.0, 256.0, 256.0]

