l: 25
Real fitness of mutation winner: 265.0
Noisy fitness of mutation winner: 265.0
Crossover offspring real fitness: [256.0, 256.0, 257.0, 257.0, 256.0, 257.0, 257.0, 256.0, 256.0, 257.0, 255.0, 256.0, 256.0, 256.0, 254.0, 257.0, 256.0, 256.0, 255.0, 256.0, 256.0, 258.0]
Crossover offspring noisy fitness: [256.0, 256.0, 257.0, 257.0, 256.0, 257.0, 258.0, 256.0, 256.0, 257.0, 255.0, 256.0, 256.0, 256.0, 254.0, 257.0, 256.0, 256.0, 255.0, 256.0, 256.0, 258.0]

l: 19
Real fitness of mutation winner: 263.0
Noisy fitness of mutation winner: 263.0
Crossover offspring real fitness: [255.0, 257.0, 256.0, 255.0, 257.0, 255.0, 256.0, 255.0, 256.0, 257.0, 256.0, 256.0, 256.0, 255.0, 257.0, 257.0, 256.0, 256.0, 258.0, 257.0, 257.0, 257.0]
Crossover offspring noisy fitness: [255.0, 257.0, 256.0, 255.0, 257.0, 255.0, 256.0, 255.0, 256.0, 257.0, 256.0, 255.0, 256.0, 255.0, 257.0, 257.0, 256.0, 254.0, 257.0, 257.0, 257.0, 257.0]

l: 23
Real fitness of mutation winner: 267.0
Noisy fitness of mutation winner: 267.0
Crossover offspring real fitness: [256.0, 257.0, 256.0, 256.0, 257.0, 256.0, 256.0, 256.0, 256.0, 256.0, 256.0, 258.0, 258.0, 257.0, 256.0, 256.0, 258.0, 256.0, 256.0, 256.0, 257.0, 258.0]
Crossover offspring noisy fitness: [256.0, 257.0, 256.0, 256.0, 258.0, 256.0, 256.0, 256.0, 256.0, 256.0, 256.0, 257.0, 258.0, 257.0, 257.0, 256.0, 258.0, 256.0, 256.0, 256.0, 257.0, 258.0]

l: 32
Real fitness of mutation winner: 262.0
Noisy fitness of mutation winner: 262.0
Crossover offspring real fitness: [256.0, 257.0, 256.0, 257.0, 255.0, 256.0, 255.0, 257.0, 257.0, 257.0, 258.0, 256.0, 256.0, 255.0, 257.0, 256.0, 256.0, 256.0, 257.0, 254.0, 257.0, 257.0]
Crossover offspring noisy fitness: [256.0, 257.0, 256.0, 257.0, 255.0, 256.0, 255.0, 257.0, 257.0, 257.0, 258.0, 256.0, 256.0, 255.0, 257.0, 256.0, 256.0, 256.0, 257.0, 254.0, 257.0, 257.0]

