l: 68
Real fitness of mutation winner: 272.0
Noisy fitness of mutation winner: 272.0
Crossover offspring real fitness: [257.0, 256.0, 257.0, 256.0, 255.0, 256.0, 255.0, 257.0, 256.0, 257.0, 254.0, 257.0, 255.0, 257.0, 260.0, 254.0, 256.0, 256.0, 258.0, 257.0, 256.0, 257.0, 256.0, 256.0, 256.0, 255.0, 257.0, 254.0, 256.0, 255.0, 257.0, 256.0, 257.0, 257.0, 256.0, 256.0, 256.0, 255.0, 256.0, 255.0, 256.0, 256.0, 256.0, 256.0, 257.0, 256.0, 257.0, 257.0, 255.0, 258.0, 256.0, 256.0, 259.0, 256.0, 256.0, 257.0, 256.0, 256.0, 256.0, 256.0, 256.0, 256.0, 256.0]
Crossover offspring noisy fitness: [257.0, 256.0, 257.0, 255.0, 255.0, 256.0, 255.0, 257.0, 256.0, 257.0, 254.0, 257.0, 255.0, 256.0, 260.0, 254.0, 256.0, 256.0, 258.0, 257.0, 256.0, 257.0, 256.0, 256.0, 256.0, 255.0, 257.0, 254.0, 256.0, 255.0, 257.0, 256.0, 257.0, 257.0, 256.0, 256.0, 256.0, 255.0, 256.0, 255.0, 255.0, 256.0, 256.0, 256.0, 257.0, 256.0, 257.0, 257.0, 255.0, 258.0, 256.0, 256.0, 259.0, 255.0, 256.0, 257.0, 256.0, 256.0, 256.0, 256.0, 256.0, 256.0, 256.0]

l: 64
Real fitness of mutation winner: 276.0
Noisy fitness of mutation winner: 276.0
Crossover offspring real fitness: [257.0, 256.0, 258.0, 256.0, 255.0, 258.0, 256.0, 256.0, 256.0, 257.0, 256.0, 256.0, 256.0, 256.0, 256.0, 256.0, 258.0, 256.0, 256.0, 256.0, 256.0, 257.0, 256.0, 256.0, 257.0, 257.0, 256.0, 256.0, 255.0, 257.0, 256.0, 257.0, 255.0, 258.0, 257.0, 255.0, 257.0, 256.0, 255.0, 257.0, 256.0, 257.0, 256.0, 256.0, 257.0, 257.0, 257.0, 256.0, 258.0, 256.0, 259.0, 255.0, 255.0, 258.0, 256.0, 256.0, 256.0, 258.0, 256.0, 257.0, 257.0, 256.0, 258.0]
Crossover offspring noisy fitness: [258.0, 256.0, 258.0, 256.0, 255.0, 258.0, 256.0, 256.0, 256.0, 257.0, 256.0, 256.0, 256.0, 256.0, 256.0, 256.0, 258.0, 256.0, 256.0, 256.0, 256.0, 257.0, 256.0, 256.0, 257.0, 257.0, 256.0, 256.0, 255.0, 257.0, 256.0, 257.0, 255.0, 258.0, 257.0, 255.0, 257.0, 256.0, 255.0, 257.0, 256.0, 257.0, 256.0, 256.0, 257.0, 257.0, 257.0, 256.0, 258.0, 256.0, 259.0, 255.0, 255.0, 258.0, 256.0, 256.0, 256.0, 258.0, 256.0, 257.0, 257.0, 256.0, 258.0]

l: 70
Real fitness of mutation winner: 276.0
Noisy fitness of mutation winner: 276.0
Crossover offspring real fitness: [256.0, 258.0, 256.0, 255.0, 256.0, 255.0, 256.0, 256.0, 256.0, 256.0, 256.0, 257.0, 257.0, 257.0, 256.0, 256.0, 256.0, 256.0, 254.0, 253.0, 257.0, 257.0, 257.0, 257.0, 255.0, 257.0, 256.0, 256.0, 258.0, 255.0, 257.0, 257.0, 257.0, 256.0, 256.0, 257.0, 256.0, 256.0, 258.0, 256.0, 254.0, 255.0, 256.0, 257.0, 254.0, 255.0, 256.0, 256.0, 256.0, 255.0, 256.0, 257.0, 257.0, 257.0, 255.0, 257.0, 257.0, 256.0, 258.0, 256.0, 256.0, 255.0, 256.0]
Crossover offspring noisy fitness: [256.0, 258.0, 256.0, 255.0, 256.0, 255.0, 256.0, 256.0, 256.0, 256.0, 256.0, 257.0, 257.0, 257.0, 256.0, 256.0, 256.0, 256.0, 254.0, 253.0, 257.0, 257.0, 257.0, 257.0, 255.0, 257.0, 256.0, 256.0, 258.0, 255.0, 257.0, 257.0, 257.0, 256.0, 256.0, 257.0, 256.0, 256.0, 258.0, 256.0, 254.0, 255.0, 256.0, 258.0, 254.0, 255.0, 256.0, 256.0, 256.0, 255.0, 255.0, 257.0, 257.0, 257.0, 255.0, 257.0, 257.0, 256.0, 258.0, 256.0, 257.0, 255.0, 256.0]

l: 61
Real fitness of mutation winner: 269.0
Noisy fitness of mutation winner: 269.0
Crossover offspring real fitness: [256.0, 258.0, 257.0, 256.0, 256.0, 256.0, 256.0, 256.0, 255.0, 256.0, 257.0, 254.0, 255.0, 257.0, 257.0, 257.0, 257.0, 255.0, 258.0, 257.0, 255.0, 257.0, 255.0, 255.0, 256.0, 257.0, 256.0, 256.0, 256.0, 256.0, 255.0, 257.0, 257.0, 256.0, 256.0, 256.0, 258.0, 256.0, 256.0, 255.0, 255.0, 256.0, 256.0, 257.0, 257.0, 255.0, 255.0, 256.0, 258.0, 259.0, 257.0, 255.0, 255.0, 255.0, 256.0, 256.0, 256.0, 257.0, 256.0, 254.0, 257.0, 256.0, 254.0]
Crossover offspring noisy fitness: [256.0, 258.0, 256.0, 256.0, 256.0, 256.0, 256.0, 256.0, 255.0, 256.0, 257.0, 254.0, 255.0, 257.0, 256.0, 257.0, 257.0, 255.0, 258.0, 257.0, 255.0, 257.0, 255.0, 255.0, 256.0, 257.0, 256.0, 256.0, 256.0, 256.0, 255.0, 257.0, 257.0, 256.0, 256.0, 256.0, 258.0, 256.0, 256.0, 255.0, 255.0, 256.0, 256.0, 257.0, 257.0, 255.0, 255.0, 256.0, 258.0, 259.0, 257.0, 255.0, 255.0, 255.0, 257.0, 256.0, 256.0, 257.0, 256.0, 254.0, 257.0, 256.0, 254.0]

