l: 28
Fitness of mutation winner: 264.0
Crossover offspring real fitness: [257.0, 256.0, 255.0, 257.0, 256.0, 256.0, 258.0, 257.0, 257.0, 257.0, 255.0, 256.0, 258.0, 255.0, 256.0, 256.0, 256.0, 258.0, 256.0, 258.0, 257.0, 254.0]
Crossover offspring noisy fitness: [257.0, 256.0, 255.0, 257.0, 257.0, 256.0, 258.0, 257.0, 257.0, 257.0, 255.0, 256.0, 258.0, 255.0, 256.0, 256.0, 256.0, 258.0, 256.0, 258.0, 257.0, 254.0]

l: 26
Fitness of mutation winner: 266.0
Crossover offspring real fitness: [255.0, 256.0, 256.0, 259.0, 255.0, 255.0, 256.0, 256.0, 257.0, 256.0, 256.0, 256.0, 258.0, 257.0, 257.0, 260.0, 256.0, 257.0, 257.0, 256.0, 253.0, 257.0]
Crossover offspring noisy fitness: [255.0, 256.0, 256.0, 260.0, 255.0, 256.0, 256.0, 256.0, 257.0, 256.0, 256.0, 256.0, 259.0, 257.0, 257.0, 260.0, 256.0, 257.0, 257.0, 256.0, 253.0, 257.0]

l: 24
Fitness of mutation winner: 270.0
Crossover offspring real fitness: [256.0, 257.0, 258.0, 256.0, 258.0, 258.0, 256.0, 256.0, 256.0, 256.0, 256.0, 256.0, 258.0, 256.0, 256.0, 258.0, 257.0, 256.0, 255.0, 257.0, 258.0, 258.0]
Crossover offspring noisy fitness: [256.0, 257.0, 258.0, 256.0, 258.0, 258.0, 256.0, 256.0, 256.0, 256.0, 256.0, 256.0, 258.0, 256.0, 256.0, 258.0, 257.0, 256.0, 255.0, 257.0, 258.0, 258.0]

l: 23
Fitness of mutation winner: 269.0
Crossover offspring real fitness: [258.0, 256.0, 257.0, 258.0, 255.0, 258.0, 255.0, 256.0, 259.0, 258.0, 255.0, 255.0, 258.0, 257.0, 257.0, 257.0, 258.0, 257.0, 256.0, 255.0, 256.0, 256.0]
Crossover offspring noisy fitness: [258.0, 256.0, 257.0, 258.0, 255.0, 258.0, 255.0, 256.0, 259.0, 258.0, 255.0, 255.0, 258.0, 257.0, 257.0, 257.0, 258.0, 257.0, 256.0, 255.0, 255.0, 256.0]

