l: 20
Real fitness of mutation winner: 266.0
Noisy fitness of mutation winner: 266.0
Crossover offspring real fitness: [256.0, 257.0, 256.0, 256.0, 256.0, 257.0, 255.0, 255.0, 256.0, 256.0, 256.0, 258.0, 259.0, 256.0, 256.0, 256.0, 257.0, 258.0, 257.0, 257.0, 255.0, 256.0]
Crossover offspring noisy fitness: [256.0, 257.0, 256.0, 256.0, 256.0, 256.0, 255.0, 255.0, 256.0, 256.0, 256.0, 258.0, 259.0, 256.0, 256.0, 256.0, 257.0, 258.0, 257.0, 257.0, 255.0, 256.0]

l: 21
Real fitness of mutation winner: 263.0
Noisy fitness of mutation winner: 263.0
Crossover offspring real fitness: [258.0, 255.0, 255.0, 256.0, 256.0, 257.0, 256.0, 256.0, 257.0, 256.0, 256.0, 256.0, 256.0, 257.0, 256.0, 258.0, 257.0, 256.0, 256.0, 257.0, 256.0, 256.0]
Crossover offspring noisy fitness: [258.0, 255.0, 255.0, 256.0, 256.0, 257.0, 256.0, 256.0, 257.0, 256.0, 256.0, 256.0, 256.0, 257.0, 256.0, 258.0, 257.0, 256.0, 256.0, 257.0, 256.0, 256.0]

l: 20
Real fitness of mutation winner: 264.0
Noisy fitness of mutation winner: 264.0
Crossover offspring real fitness: [256.0, 255.0, 255.0, 256.0, 256.0, 257.0, 256.0, 255.0, 258.0, 257.0, 257.0, 256.0, 257.0, 256.0, 256.0, 256.0, 257.0, 257.0, 256.0, 258.0, 257.0, 256.0]
Crossover offspring noisy fitness: [256.0, 255.0, 255.0, 256.0, 256.0, 257.0, 255.0, 255.0, 258.0, 257.0, 257.0, 256.0, 257.0, 256.0, 255.0, 256.0, 257.0, 257.0, 256.0, 258.0, 257.0, 256.0]

l: 23
Real fitness of mutation winner: 265.0
Noisy fitness of mutation winner: 265.0
Crossover offspring real fitness: [255.0, 257.0, 256.0, 257.0, 256.0, 256.0, 255.0, 257.0, 256.0, 257.0, 258.0, 257.0, 257.0, 256.0, 256.0, 256.0, 254.0, 256.0, 255.0, 257.0, 256.0, 256.0]
Crossover offspring noisy fitness: [255.0, 257.0, 256.0, 257.0, 256.0, 257.0, 255.0, 257.0, 256.0, 257.0, 258.0, 257.0, 257.0, 256.0, 256.0, 256.0, 253.0, 257.0, 254.0, 257.0, 256.0, 256.0]

