l: 43
Fitness of mutation winner: 269.0
Crossover offspring real fitness: [256.0, 255.0, 255.0, 256.0, 256.0, 255.0, 256.0, 255.0, 256.0, 256.0, 256.0, 256.0, 257.0, 256.0, 256.0, 256.0, 256.0, 256.0, 256.0, 256.0, 256.0, 256.0, 256.0, 257.0, 257.0, 258.0, 255.0, 257.0, 256.0, 255.0, 256.0, 257.0, 256.0, 253.0, 256.0, 256.0, 256.0, 256.0, 256.0, 255.0, 256.0, 256.0, 256.0, 256.0, 257.0, 256.0, 256.0, 256.0, 256.0, 257.0, 256.0, 256.0, 256.0, 256.0, 256.0, 254.0, 255.0, 256.0, 256.0, 256.0, 256.0, 255.0, 258.0]
Crossover offspring noisy fitness: [256.0, 255.0, 255.0, 256.0, 256.0, 255.0, 256.0, 255.0, 256.0, 256.0, 256.0, 256.0, 257.0, 256.0, 256.0, 256.0, 256.0, 256.0, 256.0, 256.0, 256.0, 256.0, 256.0, 257.0, 257.0, 258.0, 255.0, 257.0, 256.0, 255.0, 256.0, 257.0, 256.0, 253.0, 256.0, 256.0, 256.0, 256.0, 256.0, 255.0, 256.0, 256.0, 256.0, 256.0, 257.0, 256.0, 256.0, 256.0, 256.0, 257.0, 256.0, 256.0, 255.0, 256.0, 256.0, 254.0, 255.0, 256.0, 256.0, 256.0, 256.0, 255.0, 258.0]

l: 60
Fitness of mutation winner: 270.0
Crossover offspring real fitness: [255.0, 256.0, 257.0, 257.0, 256.0, 253.0, 257.0, 254.0, 256.0, 256.0, 256.0, 258.0, 256.0, 254.0, 257.0, 257.0, 256.0, 254.0, 258.0, 257.0, 256.0, 257.0, 256.0, 256.0, 256.0, 256.0, 255.0, 256.0, 256.0, 256.0, 256.0, 256.0, 257.0, 255.0, 256.0, 256.0, 256.0, 254.0, 256.0, 256.0, 258.0, 255.0, 258.0, 256.0, 255.0, 255.0, 254.0, 256.0, 254.0, 256.0, 257.0, 257.0, 255.0, 256.0, 257.0, 256.0, 257.0, 256.0, 256.0, 256.0, 258.0, 256.0, 256.0]
Crossover offspring noisy fitness: [255.0, 256.0, 256.0, 257.0, 256.0, 253.0, 257.0, 254.0, 256.0, 256.0, 256.0, 257.0, 255.0, 254.0, 257.0, 257.0, 256.0, 254.0, 258.0, 257.0, 256.0, 257.0, 256.0, 256.0, 256.0, 256.0, 255.0, 256.0, 256.0, 255.0, 256.0, 256.0, 257.0, 255.0, 256.0, 256.0, 256.0, 254.0, 256.0, 256.0, 258.0, 255.0, 258.0, 256.0, 255.0, 255.0, 254.0, 256.0, 254.0, 256.0, 257.0, 256.0, 254.0, 256.0, 257.0, 256.0, 258.0, 256.0, 256.0, 256.0, 258.0, 256.0, 256.0]

l: 50
Fitness of mutation winner: 270.0
Crossover offspring real fitness: [256.0, 256.0, 256.0, 256.0, 254.0, 257.0, 255.0, 256.0, 257.0, 257.0, 256.0, 257.0, 257.0, 256.0, 256.0, 257.0, 254.0, 256.0, 255.0, 256.0, 258.0, 257.0, 257.0, 256.0, 256.0, 256.0, 256.0, 258.0, 257.0, 257.0, 254.0, 256.0, 258.0, 256.0, 256.0, 258.0, 256.0, 258.0, 257.0, 256.0, 257.0, 256.0, 257.0, 256.0, 256.0, 257.0, 256.0, 256.0, 256.0, 257.0, 256.0, 255.0, 257.0, 256.0, 256.0, 255.0, 256.0, 254.0, 256.0, 256.0, 256.0, 257.0, 257.0]
Crossover offspring noisy fitness: [256.0, 256.0, 257.0, 256.0, 254.0, 257.0, 255.0, 256.0, 257.0, 257.0, 256.0, 257.0, 257.0, 256.0, 256.0, 257.0, 254.0, 256.0, 255.0, 256.0, 258.0, 257.0, 257.0, 256.0, 256.0, 256.0, 256.0, 258.0, 257.0, 257.0, 254.0, 256.0, 258.0, 256.0, 256.0, 258.0, 256.0, 258.0, 257.0, 256.0, 257.0, 256.0, 257.0, 256.0, 256.0, 257.0, 256.0, 256.0, 256.0, 257.0, 256.0, 255.0, 258.0, 256.0, 256.0, 255.0, 255.0, 254.0, 256.0, 256.0, 256.0, 257.0, 257.0]

l: 73
Fitness of mutation winner: 271.0
Crossover offspring real fitness: [256.0, 253.0, 255.0, 257.0, 256.0, 257.0, 256.0, 254.0, 256.0, 256.0, 258.0, 256.0, 256.0, 256.0, 255.0, 257.0, 258.0, 258.0, 258.0, 256.0, 256.0, 258.0, 256.0, 257.0, 257.0, 256.0, 258.0, 257.0, 256.0, 255.0, 255.0, 256.0, 257.0, 256.0, 255.0, 255.0, 256.0, 258.0, 255.0, 255.0, 257.0, 256.0, 257.0, 258.0, 258.0, 257.0, 257.0, 256.0, 254.0, 257.0, 257.0, 257.0, 258.0, 255.0, 257.0, 258.0, 256.0, 256.0, 255.0, 257.0, 257.0, 256.0, 256.0]
Crossover offspring noisy fitness: [256.0, 253.0, 255.0, 257.0, 256.0, 257.0, 256.0, 254.0, 256.0, 256.0, 258.0, 255.0, 256.0, 256.0, 255.0, 257.0, 258.0, 258.0, 258.0, 256.0, 256.0, 258.0, 256.0, 257.0, 258.0, 256.0, 258.0, 257.0, 255.0, 255.0, 255.0, 256.0, 257.0, 256.0, 255.0, 255.0, 255.0, 258.0, 255.0, 255.0, 257.0, 256.0, 257.0, 258.0, 258.0, 257.0, 257.0, 256.0, 254.0, 257.0, 257.0, 257.0, 258.0, 255.0, 258.0, 258.0, 256.0, 256.0, 255.0, 257.0, 257.0, 256.0, 256.0]

