l: 24
Fitness of mutation winner: 270.0
Crossover offspring real fitness: [258.0, 259.0, 255.0, 257.0, 256.0, 256.0, 257.0, 258.0, 258.0, 257.0, 256.0, 256.0, 256.0, 256.0, 257.0, 258.0, 258.0, 256.0, 257.0, 258.0, 257.0, 257.0]
Crossover offspring noisy fitness: [258.0, 259.0, 255.0, 257.0, 255.0, 256.0, 257.0, 258.0, 258.0, 257.0, 256.0, 255.0, 256.0, 256.0, 258.0, 258.0, 258.0, 256.0, 257.0, 258.0, 257.0, 257.0]

l: 26
Fitness of mutation winner: 266.0
Crossover offspring real fitness: [256.0, 255.0, 256.0, 257.0, 258.0, 256.0, 257.0, 257.0, 256.0, 256.0, 258.0, 258.0, 257.0, 255.0, 256.0, 258.0, 259.0, 256.0, 256.0, 257.0, 256.0, 256.0]
Crossover offspring noisy fitness: [256.0, 255.0, 256.0, 257.0, 258.0, 256.0, 257.0, 257.0, 256.0, 256.0, 258.0, 258.0, 257.0, 255.0, 256.0, 258.0, 259.0, 256.0, 256.0, 257.0, 256.0, 257.0]

l: 13
Fitness of mutation winner: 267.0
Crossover offspring real fitness: [256.0, 256.0, 256.0, 258.0, 256.0, 256.0, 257.0, 256.0, 256.0, 255.0, 257.0, 257.0, 256.0, 257.0, 256.0, 257.0, 256.0, 257.0, 258.0, 256.0, 256.0, 256.0]
Crossover offspring noisy fitness: [256.0, 255.0, 255.0, 258.0, 255.0, 256.0, 257.0, 256.0, 256.0, 255.0, 257.0, 257.0, 257.0, 256.0, 256.0, 257.0, 257.0, 257.0, 258.0, 256.0, 256.0, 256.0]

l: 21
Fitness of mutation winner: 265.0
Crossover offspring real fitness: [258.0, 256.0, 258.0, 256.0, 255.0, 256.0, 257.0, 259.0, 255.0, 255.0, 257.0, 258.0, 257.0, 255.0, 258.0, 256.0, 256.0, 256.0, 256.0, 257.0, 256.0, 256.0]
Crossover offspring noisy fitness: [258.0, 256.0, 258.0, 256.0, 255.0, 256.0, 258.0, 259.0, 255.0, 255.0, 256.0, 258.0, 257.0, 255.0, 258.0, 256.0, 256.0, 256.0, 256.0, 257.0, 255.0, 256.0]

