l: 23
Real fitness of mutation winner: 267.0
Noisy fitness of mutation winner: 267.0
Crossover offspring real fitness: [257.0, 257.0, 255.0, 256.0, 258.0, 261.0, 256.0, 256.0, 256.0, 256.0, 255.0, 256.0, 258.0, 258.0, 256.0, 256.0, 257.0, 255.0, 256.0, 256.0, 257.0, 257.0]
Crossover offspring noisy fitness: [257.0, 257.0, 255.0, 256.0, 258.0, 261.0, 256.0, 255.0, 256.0, 256.0, 255.0, 256.0, 258.0, 258.0, 256.0, 256.0, 257.0, 255.0, 257.0, 256.0, 257.0, 257.0]

l: 26
Real fitness of mutation winner: 268.0
Noisy fitness of mutation winner: 268.0
Crossover offspring real fitness: [256.0, 258.0, 256.0, 258.0, 256.0, 256.0, 256.0, 258.0, 258.0, 255.0, 256.0, 258.0, 256.0, 256.0, 257.0, 256.0, 257.0, 257.0, 256.0, 257.0, 257.0, 256.0]
Crossover offspring noisy fitness: [256.0, 258.0, 256.0, 258.0, 256.0, 256.0, 256.0, 258.0, 258.0, 255.0, 256.0, 258.0, 256.0, 256.0, 257.0, 256.0, 257.0, 258.0, 256.0, 257.0, 257.0, 256.0]

l: 20
Real fitness of mutation winner: 262.0
Noisy fitness of mutation winner: 262.0
Crossover offspring real fitness: [256.0, 256.0, 256.0, 257.0, 256.0, 256.0, 256.0, 255.0, 257.0, 257.0, 257.0, 256.0, 256.0, 256.0, 256.0, 256.0, 257.0, 256.0, 257.0, 256.0, 256.0, 256.0]
Crossover offspring noisy fitness: [257.0, 256.0, 256.0, 257.0, 256.0, 256.0, 256.0, 255.0, 257.0, 257.0, 257.0, 256.0, 256.0, 256.0, 256.0, 256.0, 256.0, 256.0, 257.0, 256.0, 256.0, 256.0]

l: 18
Real fitness of mutation winner: 268.0
Noisy fitness of mutation winner: 268.0
Crossover offspring real fitness: [256.0, 256.0, 255.0, 256.0, 257.0, 256.0, 256.0, 256.0, 256.0, 256.0, 256.0, 256.0, 256.0, 257.0, 256.0, 256.0, 256.0, 257.0, 256.0, 255.0, 256.0, 256.0]
Crossover offspring noisy fitness: [256.0, 256.0, 255.0, 256.0, 257.0, 256.0, 256.0, 256.0, 256.0, 256.0, 256.0, 255.0, 256.0, 257.0, 257.0, 257.0, 256.0, 257.0, 256.0, 255.0, 256.0, 256.0]

