l: 57
Fitness of mutation winner: 275.0
Crossover offspring real fitness: [255.0, 256.0, 255.0, 255.0, 256.0, 256.0, 257.0, 257.0, 258.0, 256.0, 256.0, 258.0, 255.0, 255.0, 256.0, 256.0, 256.0, 256.0, 255.0, 257.0, 256.0, 256.0, 257.0, 256.0, 257.0, 257.0, 255.0, 255.0, 256.0, 255.0, 256.0, 257.0, 256.0, 256.0, 257.0, 259.0, 256.0, 256.0, 256.0, 256.0, 256.0, 256.0, 256.0, 258.0, 256.0, 256.0, 255.0, 256.0, 256.0, 256.0, 257.0, 257.0, 257.0, 256.0, 256.0, 255.0, 256.0, 257.0, 256.0, 256.0, 257.0, 257.0, 256.0]
Crossover offspring noisy fitness: [255.0, 256.0, 255.0, 255.0, 256.0, 256.0, 257.0, 257.0, 258.0, 256.0, 256.0, 258.0, 255.0, 255.0, 256.0, 256.0, 256.0, 256.0, 255.0, 256.0, 256.0, 256.0, 257.0, 256.0, 257.0, 257.0, 255.0, 255.0, 256.0, 255.0, 256.0, 257.0, 256.0, 256.0, 257.0, 259.0, 256.0, 256.0, 256.0, 256.0, 256.0, 256.0, 256.0, 258.0, 255.0, 256.0, 255.0, 256.0, 256.0, 256.0, 257.0, 257.0, 257.0, 256.0, 256.0, 255.0, 256.0, 257.0, 256.0, 256.0, 257.0, 257.0, 256.0]

l: 51
Fitness of mutation winner: 273.0
Crossover offspring real fitness: [258.0, 256.0, 256.0, 256.0, 256.0, 256.0, 257.0, 256.0, 255.0, 255.0, 256.0, 255.0, 256.0, 256.0, 258.0, 257.0, 256.0, 257.0, 255.0, 257.0, 256.0, 254.0, 256.0, 256.0, 258.0, 256.0, 256.0, 257.0, 256.0, 254.0, 257.0, 255.0, 255.0, 256.0, 256.0, 256.0, 255.0, 256.0, 257.0, 257.0, 256.0, 257.0, 258.0, 256.0, 259.0, 254.0, 256.0, 257.0, 256.0, 256.0, 258.0, 257.0, 256.0, 256.0, 256.0, 257.0, 257.0, 256.0, 256.0, 256.0, 256.0, 258.0, 257.0]
Crossover offspring noisy fitness: [258.0, 256.0, 256.0, 256.0, 256.0, 256.0, 257.0, 256.0, 255.0, 255.0, 256.0, 255.0, 256.0, 256.0, 258.0, 257.0, 256.0, 257.0, 255.0, 257.0, 256.0, 254.0, 256.0, 256.0, 258.0, 256.0, 256.0, 257.0, 256.0, 254.0, 257.0, 255.0, 255.0, 256.0, 256.0, 256.0, 255.0, 256.0, 257.0, 257.0, 256.0, 257.0, 258.0, 256.0, 259.0, 254.0, 256.0, 257.0, 256.0, 256.0, 258.0, 257.0, 256.0, 256.0, 256.0, 257.0, 257.0, 256.0, 256.0, 256.0, 256.0, 258.0, 257.0]

l: 61
Fitness of mutation winner: 277.0
Crossover offspring real fitness: [256.0, 256.0, 256.0, 256.0, 256.0, 256.0, 257.0, 257.0, 256.0, 256.0, 256.0, 256.0, 259.0, 257.0, 258.0, 256.0, 257.0, 255.0, 256.0, 257.0, 257.0, 255.0, 255.0, 256.0, 256.0, 255.0, 257.0, 257.0, 256.0, 255.0, 256.0, 257.0, 257.0, 255.0, 258.0, 258.0, 257.0, 256.0, 256.0, 256.0, 257.0, 258.0, 256.0, 255.0, 256.0, 256.0, 255.0, 256.0, 256.0, 258.0, 257.0, 255.0, 257.0, 256.0, 257.0, 256.0, 256.0, 256.0, 256.0, 255.0, 256.0, 257.0, 256.0]
Crossover offspring noisy fitness: [256.0, 256.0, 256.0, 256.0, 256.0, 256.0, 257.0, 257.0, 255.0, 256.0, 256.0, 256.0, 259.0, 257.0, 258.0, 256.0, 257.0, 254.0, 256.0, 257.0, 257.0, 255.0, 255.0, 256.0, 256.0, 255.0, 257.0, 257.0, 256.0, 255.0, 256.0, 257.0, 257.0, 255.0, 258.0, 258.0, 257.0, 256.0, 256.0, 256.0, 257.0, 258.0, 256.0, 255.0, 256.0, 256.0, 255.0, 256.0, 256.0, 258.0, 257.0, 255.0, 257.0, 256.0, 257.0, 256.0, 256.0, 256.0, 256.0, 255.0, 256.0, 257.0, 256.0]

l: 64
Fitness of mutation winner: 274.0
Crossover offspring real fitness: [256.0, 257.0, 257.0, 256.0, 256.0, 256.0, 257.0, 257.0, 256.0, 257.0, 256.0, 255.0, 258.0, 256.0, 258.0, 257.0, 256.0, 256.0, 256.0, 257.0, 256.0, 256.0, 256.0, 256.0, 258.0, 256.0, 256.0, 256.0, 256.0, 258.0, 257.0, 257.0, 256.0, 259.0, 256.0, 256.0, 257.0, 258.0, 258.0, 256.0, 257.0, 256.0, 256.0, 256.0, 256.0, 256.0, 258.0, 256.0, 256.0, 256.0, 255.0, 256.0, 256.0, 256.0, 255.0, 256.0, 257.0, 257.0, 256.0, 258.0, 256.0, 256.0, 256.0]
Crossover offspring noisy fitness: [256.0, 257.0, 257.0, 256.0, 256.0, 256.0, 257.0, 257.0, 256.0, 257.0, 256.0, 255.0, 258.0, 255.0, 258.0, 257.0, 256.0, 256.0, 256.0, 258.0, 256.0, 256.0, 256.0, 256.0, 258.0, 256.0, 256.0, 256.0, 255.0, 258.0, 257.0, 257.0, 256.0, 259.0, 255.0, 256.0, 257.0, 258.0, 258.0, 256.0, 257.0, 256.0, 256.0, 256.0, 256.0, 256.0, 258.0, 256.0, 256.0, 256.0, 255.0, 256.0, 256.0, 256.0, 254.0, 256.0, 257.0, 258.0, 256.0, 258.0, 256.0, 256.0, 256.0]

