l: 31
Real fitness of mutation winner: 267.0
Noisy fitness of mutation winner: 267.0
Crossover offspring real fitness: [257.0, 257.0, 257.0, 258.0, 256.0, 257.0, 258.0, 256.0, 255.0, 256.0, 258.0, 257.0, 256.0, 256.0, 257.0, 256.0, 253.0, 255.0, 256.0, 258.0, 258.0, 256.0]
Crossover offspring noisy fitness: [257.0, 257.0, 257.0, 258.0, 256.0, 257.0, 258.0, 256.0, 255.0, 256.0, 258.0, 257.0, 256.0, 256.0, 257.0, 256.0, 254.0, 255.0, 256.0, 258.0, 258.0, 256.0]

l: 21
Real fitness of mutation winner: 261.0
Noisy fitness of mutation winner: 261.0
Crossover offspring real fitness: [254.0, 257.0, 257.0, 256.0, 256.0, 256.0, 257.0, 257.0, 255.0, 256.0, 255.0, 255.0, 256.0, 256.0, 255.0, 255.0, 256.0, 258.0, 256.0, 255.0, 256.0, 256.0]
Crossover offspring noisy fitness: [254.0, 257.0, 257.0, 256.0, 256.0, 256.0, 257.0, 257.0, 255.0, 256.0, 255.0, 255.0, 256.0, 256.0, 255.0, 255.0, 256.0, 258.0, 256.0, 255.0, 256.0, 256.0]

l: 18
Real fitness of mutation winner: 264.0
Noisy fitness of mutation winner: 264.0
Crossover offspring real fitness: [256.0, 256.0, 255.0, 258.0, 255.0, 256.0, 257.0, 256.0, 255.0, 257.0, 259.0, 255.0, 257.0, 257.0, 257.0, 256.0, 257.0, 257.0, 256.0, 257.0, 257.0, 258.0]
Crossover offspring noisy fitness: [256.0, 256.0, 255.0, 258.0, 255.0, 256.0, 257.0, 256.0, 255.0, 257.0, 259.0, 255.0, 257.0, 257.0, 257.0, 257.0, 257.0, 257.0, 256.0, 257.0, 257.0, 258.0]

l: 25
Real fitness of mutation winner: 267.0
Noisy fitness of mutation winner: 267.0
Crossover offspring real fitness: [257.0, 256.0, 257.0, 256.0, 258.0, 255.0, 256.0, 255.0, 255.0, 259.0, 258.0, 260.0, 258.0, 255.0, 255.0, 257.0, 257.0, 255.0, 258.0, 257.0, 256.0, 255.0]
Crossover offspring noisy fitness: [257.0, 256.0, 257.0, 256.0, 258.0, 255.0, 256.0, 255.0, 255.0, 259.0, 258.0, 260.0, 258.0, 255.0, 253.0, 257.0, 257.0, 255.0, 258.0, 257.0, 256.0, 255.0]

