l: 24
Real fitness of mutation winner: 264.0
Noisy fitness of mutation winner: 264.0
Crossover offspring real fitness: [258.0, 256.0, 257.0, 257.0, 256.0, 256.0, 256.0, 256.0, 255.0, 258.0, 256.0, 257.0, 257.0, 258.0, 258.0, 256.0, 258.0, 257.0, 257.0, 257.0, 255.0, 257.0]
Crossover offspring noisy fitness: [258.0, 256.0, 257.0, 257.0, 256.0, 256.0, 256.0, 256.0, 255.0, 258.0, 256.0, 257.0, 257.0, 258.0, 258.0, 256.0, 258.0, 257.0, 258.0, 257.0, 255.0, 257.0]

l: 22
Real fitness of mutation winner: 262.0
Noisy fitness of mutation winner: 262.0
Crossover offspring real fitness: [256.0, 254.0, 256.0, 255.0, 257.0, 256.0, 256.0, 256.0, 256.0, 256.0, 257.0, 256.0, 256.0, 256.0, 256.0, 255.0, 257.0, 256.0, 256.0, 256.0, 256.0, 257.0]
Crossover offspring noisy fitness: [256.0, 254.0, 256.0, 255.0, 257.0, 256.0, 256.0, 256.0, 256.0, 256.0, 257.0, 256.0, 256.0, 256.0, 256.0, 255.0, 257.0, 256.0, 256.0, 256.0, 256.0, 257.0]

l: 33
Real fitness of mutation winner: 267.0
Noisy fitness of mutation winner: 267.0
Crossover offspring real fitness: [256.0, 256.0, 259.0, 255.0, 255.0, 257.0, 255.0, 256.0, 256.0, 258.0, 256.0, 257.0, 257.0, 255.0, 256.0, 256.0, 256.0, 257.0, 256.0, 257.0, 256.0, 254.0]
Crossover offspring noisy fitness: [256.0, 256.0, 259.0, 255.0, 255.0, 257.0, 255.0, 256.0, 256.0, 258.0, 256.0, 257.0, 257.0, 254.0, 256.0, 256.0, 256.0, 257.0, 256.0, 257.0, 256.0, 254.0]

l: 15
Real fitness of mutation winner: 261.0
Noisy fitness of mutation winner: 261.0
Crossover offspring real fitness: [256.0, 256.0, 256.0, 256.0, 257.0, 256.0, 255.0, 256.0, 256.0, 257.0, 257.0, 255.0, 256.0, 255.0, 254.0, 257.0, 257.0, 257.0, 258.0, 257.0, 256.0, 256.0]
Crossover offspring noisy fitness: [256.0, 256.0, 256.0, 256.0, 257.0, 256.0, 255.0, 256.0, 256.0, 257.0, 257.0, 255.0, 256.0, 255.0, 254.0, 257.0, 257.0, 257.0, 258.0, 257.0, 256.0, 256.0]

