l: 33
Real fitness of mutation winner: 271.0
Noisy fitness of mutation winner: 271.0
Crossover offspring real fitness: [258.0, 256.0, 256.0, 255.0, 256.0, 257.0, 257.0, 257.0, 257.0, 257.0, 257.0, 258.0, 256.0, 257.0, 256.0, 255.0, 257.0, 256.0, 257.0, 256.0, 257.0, 256.0]
Crossover offspring noisy fitness: [258.0, 256.0, 257.0, 255.0, 256.0, 257.0, 257.0, 257.0, 257.0, 257.0, 256.0, 258.0, 256.0, 257.0, 256.0, 255.0, 257.0, 255.0, 257.0, 256.0, 257.0, 256.0]

l: 23
Real fitness of mutation winner: 265.0
Noisy fitness of mutation winner: 265.0
Crossover offspring real fitness: [257.0, 258.0, 256.0, 257.0, 257.0, 257.0, 257.0, 256.0, 255.0, 255.0, 257.0, 257.0, 258.0, 256.0, 258.0, 256.0, 257.0, 256.0, 257.0, 256.0, 256.0, 258.0]
Crossover offspring noisy fitness: [257.0, 258.0, 256.0, 257.0, 256.0, 257.0, 257.0, 256.0, 255.0, 255.0, 257.0, 257.0, 258.0, 256.0, 258.0, 256.0, 257.0, 256.0, 257.0, 256.0, 257.0, 258.0]

l: 26
Real fitness of mutation winner: 264.0
Noisy fitness of mutation winner: 264.0
Crossover offspring real fitness: [257.0, 256.0, 257.0, 257.0, 258.0, 256.0, 255.0, 255.0, 256.0, 256.0, 256.0, 256.0, 256.0, 255.0, 255.0, 257.0, 255.0, 257.0, 254.0, 255.0, 255.0, 255.0]
Crossover offspring noisy fitness: [257.0, 256.0, 257.0, 257.0, 258.0, 256.0, 255.0, 255.0, 256.0, 256.0, 257.0, 256.0, 255.0, 255.0, 255.0, 257.0, 255.0, 257.0, 254.0, 255.0, 255.0, 255.0]

l: 27
Real fitness of mutation winner: 267.0
Noisy fitness of mutation winner: 267.0
Crossover offspring real fitness: [255.0, 257.0, 256.0, 256.0, 256.0, 255.0, 257.0, 258.0, 258.0, 256.0, 257.0, 257.0, 256.0, 256.0, 256.0, 258.0, 257.0, 255.0, 256.0, 257.0, 256.0, 255.0]
Crossover offspring noisy fitness: [255.0, 257.0, 255.0, 256.0, 256.0, 255.0, 257.0, 257.0, 258.0, 256.0, 257.0, 257.0, 256.0, 256.0, 256.0, 258.0, 257.0, 255.0, 256.0, 257.0, 256.0, 255.0]

