l: 29
Real fitness of mutation winner: 265.0
Noisy fitness of mutation winner: 265.0
Crossover offspring real fitness: [258.0, 255.0, 256.0, 258.0, 257.0, 257.0, 257.0, 256.0, 255.0, 256.0, 257.0, 256.0, 256.0, 256.0, 259.0, 256.0, 258.0, 257.0, 257.0, 255.0, 256.0, 256.0]
Crossover offspring noisy fitness: [258.0, 255.0, 256.0, 258.0, 257.0, 257.0, 256.0, 256.0, 255.0, 256.0, 257.0, 256.0, 256.0, 256.0, 259.0, 256.0, 258.0, 257.0, 257.0, 255.0, 256.0, 256.0]

l: 23
Real fitness of mutation winner: 263.0
Noisy fitness of mutation winner: 263.0
Crossover offspring real fitness: [257.0, 255.0, 256.0, 257.0, 257.0, 257.0, 258.0, 256.0, 254.0, 256.0, 257.0, 258.0, 257.0, 257.0, 258.0, 256.0, 255.0, 256.0, 257.0, 256.0, 256.0, 256.0]
Crossover offspring noisy fitness: [257.0, 255.0, 256.0, 257.0, 257.0, 257.0, 259.0, 256.0, 254.0, 255.0, 257.0, 258.0, 257.0, 257.0, 258.0, 256.0, 255.0, 256.0, 257.0, 256.0, 256.0, 256.0]

l: 24
Real fitness of mutation winner: 266.0
Noisy fitness of mutation winner: 266.0
Crossover offspring real fitness: [257.0, 258.0, 256.0, 256.0, 257.0, 256.0, 256.0, 258.0, 256.0, 258.0, 257.0, 256.0, 255.0, 257.0, 255.0, 257.0, 256.0, 256.0, 256.0, 255.0, 256.0, 258.0]
Crossover offspring noisy fitness: [257.0, 258.0, 256.0, 256.0, 257.0, 256.0, 256.0, 258.0, 256.0, 258.0, 257.0, 256.0, 255.0, 258.0, 255.0, 257.0, 256.0, 255.0, 256.0, 255.0, 256.0, 258.0]

l: 25
Real fitness of mutation winner: 267.0
Noisy fitness of mutation winner: 267.0
Crossover offspring real fitness: [258.0, 255.0, 256.0, 257.0, 255.0, 261.0, 257.0, 256.0, 256.0, 257.0, 257.0, 257.0, 257.0, 256.0, 256.0, 258.0, 258.0, 259.0, 257.0, 257.0, 254.0, 257.0]
Crossover offspring noisy fitness: [258.0, 255.0, 256.0, 257.0, 255.0, 261.0, 257.0, 256.0, 256.0, 257.0, 257.0, 257.0, 257.0, 256.0, 256.0, 258.0, 258.0, 260.0, 257.0, 257.0, 254.0, 257.0]

