l: 110
Real fitness of mutation winner: 913.0
Noisy fitness of mutation winner: 913.0
Crossover offspring real fitness: [1017.0, 1015.0, 1016.0, 1017.0, 1015.0, 1016.0, 1016.0, 1016.0, 1016.0, 1014.0, 1016.0, 1017.0, 1017.0, 1016.0, 1016.0, 1017.0, 1017.0, 1016.0, 1015.0, 1017.0, 1016.0, 1015.0, 1016.0, 1016.0, 1015.0, 1015.0, 1015.0, 1017.0, 1017.0, 1017.0, 1015.0, 1015.0, 1017.0, 1018.0, 1017.0, 1017.0, 1016.0, 1016.0, 1017.0, 1017.0, 1017.0, 1016.0, 1016.0, 1015.0, 1015.0, 1017.0, 1017.0, 1016.0, 1017.0, 1016.0, 1017.0, 1017.0, 1017.0, 1017.0, 1017.0, 1016.0, 1015.0, 1017.0, 1014.0, 1016.0, 1017.0, 1017.0, 1017.0, 1017.0, 1016.0, 1016.0, 1017.0, 1017.0, 1015.0, 1016.0, 1016.0, 1016.0, 1017.0, 1015.0, 1014.0, 1016.0, 1016.0, 1017.0, 1016.0, 1017.0, 1012.0, 1017.0, 1015.0, 1015.0, 1016.0, 1015.0, 1015.0, 1015.0, 1016.0, 1017.0, 1015.0, 1016.0, 1018.0, 1015.0, 1017.0, 1017.0, 1015.0, 1016.0, 1018.0, 1016.0, 1016.0]
Crossover offspring noisy fitness: [1017.0, 1015.0, 1016.0, 1017.0, 1015.0, 1016.0, 1016.0, 1016.0, 1016.0, 1014.0, 1016.0, 1017.0, 1017.0, 1016.0, 1016.0, 1017.0, 1017.0, 1016.0, 1015.0, 1017.0, 1016.0, 1015.0, 1016.0, 1016.0, 1015.0, 1014.0, 1015.0, 1017.0, 1017.0, 1017.0, 1015.0, 1015.0, 1017.0, 1018.0, 1017.0, 1017.0, 1016.0, 1016.0, 1017.0, 1017.0, 1016.0, 1016.0, 1016.0, 1015.0, 1015.0, 1017.0, 1017.0, 1016.0, 1017.0, 1016.0, 1017.0, 1017.0, 1017.0, 1017.0, 1017.0, 1016.0, 1015.0, 1017.0, 1014.0, 1016.0, 1017.0, 1017.0, 1017.0, 1017.0, 1015.0, 1016.0, 1017.0, 1017.0, 1015.0, 1016.0, 1016.0, 1016.0, 1017.0, 1015.0, 1014.0, 1016.0, 1016.0, 1017.0, 1016.0, 1017.0, 1012.0, 1017.0, 1015.0, 1015.0, 1016.0, 1015.0, 1015.0, 1015.0, 1016.0, 1017.0, 1015.0, 1016.0, 1018.0, 1015.0, 1017.0, 1016.0, 1015.0, 1016.0, 1018.0, 1016.0, 1016.0]
Is bad individual winner: 0
Real fitness of best good: 1018.0
Noisy fitness of best good: 1018.0
Real fitness of best bad: 1016.0
Noisy fitness of best bad: 1016.0

l: 105
Real fitness of mutation winner: 918.0
Noisy fitness of mutation winner: 918.0
Crossover offspring real fitness: [1016.0, 1017.0, 1017.0, 1017.0, 1017.0, 1016.0, 1017.0, 1016.0, 1016.0, 1014.0, 1016.0, 1016.0, 1015.0, 1016.0, 1016.0, 1016.0, 1016.0, 1017.0, 1016.0, 1016.0, 1017.0, 1015.0, 1015.0, 1017.0, 1015.0, 1017.0, 1016.0, 1014.0, 1017.0, 1015.0, 1015.0, 1017.0, 1017.0, 1015.0, 1017.0, 1016.0, 1015.0, 1015.0, 1017.0, 1017.0, 1017.0, 1017.0, 1016.0, 1015.0, 1017.0, 1016.0, 1017.0, 1014.0, 1015.0, 1016.0, 1015.0, 1016.0, 1017.0, 1017.0, 1016.0, 1017.0, 1016.0, 1016.0, 1015.0, 1015.0, 1017.0, 1017.0, 1015.0, 1014.0, 1017.0, 1014.0, 1014.0, 1017.0, 1017.0, 1016.0, 1015.0, 1018.0, 1016.0, 1017.0, 1017.0, 1017.0, 1016.0, 1016.0, 1017.0, 1016.0, 1017.0, 1016.0, 1017.0, 1016.0, 1016.0, 1017.0, 1017.0, 1016.0, 1015.0, 1017.0, 1016.0, 1017.0, 1017.0, 1016.0, 1016.0, 1017.0, 1015.0, 1017.0, 1016.0, 1016.0, 1017.0]
Crossover offspring noisy fitness: [1015.0, 1017.0, 1017.0, 1017.0, 1017.0, 1016.0, 1017.0, 1016.0, 1016.0, 1014.0, 1016.0, 1016.0, 1015.0, 1016.0, 1016.0, 1016.0, 1016.0, 1017.0, 1015.0, 1016.0, 1017.0, 1015.0, 1015.0, 1017.0, 1015.0, 1017.0, 1016.0, 1014.0, 1017.0, 1015.0, 1015.0, 1017.0, 1017.0, 1015.0, 1017.0, 1016.0, 1015.0, 1015.0, 1017.0, 1017.0, 1017.0, 1017.0, 1016.0, 1015.0, 1017.0, 1016.0, 1017.0, 1014.0, 1015.0, 1016.0, 1015.0, 1016.0, 1017.0, 1017.0, 1015.0, 1017.0, 1015.0, 1016.0, 1015.0, 1015.0, 1017.0, 1017.0, 1015.0, 1014.0, 1017.0, 1014.0, 1014.0, 1017.0, 1017.0, 1016.0, 1015.0, 1018.0, 1016.0, 1017.0, 1016.0, 1017.0, 1016.0, 1016.0, 1017.0, 1016.0, 1016.0, 1016.0, 1017.0, 1016.0, 1016.0, 1017.0, 1017.0, 1016.0, 1015.0, 1017.0, 1016.0, 1017.0, 1017.0, 1016.0, 1016.0, 1017.0, 1015.0, 1017.0, 1016.0, 1016.0, 1017.0]
Is bad individual winner: 0
Real fitness of best good: 1018.0
Noisy fitness of best good: 1018.0
Real fitness of best bad: 1016.0
Noisy fitness of best bad: 1016.0

l: 111
Real fitness of mutation winner: 912.0
Noisy fitness of mutation winner: 912.0
Crossover offspring real fitness: [1017.0, 1017.0, 1016.0, 1017.0, 1015.0, 1016.0, 1015.0, 1016.0, 1017.0, 1016.0, 1017.0, 1014.0, 1015.0, 1017.0, 1016.0, 1017.0, 1016.0, 1017.0, 1016.0, 1015.0, 1017.0, 1016.0, 1016.0, 1016.0, 1017.0, 1015.0, 1016.0, 1017.0, 1015.0, 1016.0, 1015.0, 1015.0, 1017.0, 1015.0, 1016.0, 1017.0, 1016.0, 1015.0, 1013.0, 1017.0, 1015.0, 1015.0, 1017.0, 1017.0, 1015.0, 1016.0, 1016.0, 1017.0, 1017.0, 1017.0, 1015.0, 1017.0, 1016.0, 1016.0, 1017.0, 1016.0, 1014.0, 1016.0, 1016.0, 1017.0, 1014.0, 1017.0, 1016.0, 1017.0, 1016.0, 1017.0, 1017.0, 1016.0, 1017.0, 1017.0, 1016.0, 1015.0, 1015.0, 1015.0, 1017.0, 1016.0, 1016.0, 1015.0, 1016.0, 1016.0, 1017.0, 1016.0, 1017.0, 1015.0, 1016.0, 1015.0, 1016.0, 1016.0, 1014.0, 1015.0, 1015.0, 1017.0, 1014.0, 1016.0, 1017.0, 1014.0, 1014.0, 1016.0, 1016.0, 1017.0, 1014.0]
Crossover offspring noisy fitness: [1017.0, 1017.0, 1016.0, 1017.0, 1015.0, 1016.0, 1015.0, 1016.0, 1017.0, 1016.0, 1017.0, 1014.0, 1015.0, 1017.0, 1016.0, 1017.0, 1016.0, 1017.0, 1016.0, 1015.0, 1017.0, 1016.0, 1015.0, 1016.0, 1017.0, 1015.0, 1016.0, 1017.0, 1015.0, 1016.0, 1015.0, 1015.0, 1017.0, 1015.0, 1016.0, 1017.0, 1016.0, 1015.0, 1013.0, 1017.0, 1015.0, 1015.0, 1017.0, 1017.0, 1015.0, 1016.0, 1016.0, 1017.0, 1017.0, 1017.0, 1015.0, 1017.0, 1016.0, 1016.0, 1017.0, 1015.0, 1014.0, 1016.0, 1016.0, 1017.0, 1014.0, 1017.0, 1016.0, 1017.0, 1016.0, 1017.0, 1017.0, 1016.0, 1017.0, 1016.0, 1016.0, 1015.0, 1015.0, 1015.0, 1016.0, 1016.0, 1016.0, 1015.0, 1016.0, 1016.0, 1017.0, 1016.0, 1017.0, 1015.0, 1016.0, 1015.0, 1016.0, 1016.0, 1014.0, 1015.0, 1015.0, 1017.0, 1014.0, 1016.0, 1017.0, 1014.0, 1014.0, 1016.0, 1016.0, 1017.0, 1014.0]
Is bad individual winner: 0
Real fitness of best good: 1017.0
Noisy fitness of best good: 1017.0
Real fitness of best bad: 1016.0
Noisy fitness of best bad: 1016.0

l: 100
Real fitness of mutation winner: 923.0
Noisy fitness of mutation winner: 923.0
Crossover offspring real fitness: [1016.0, 1017.0, 1017.0, 1016.0, 1016.0, 1015.0, 1017.0, 1015.0, 1016.0, 1016.0, 1017.0, 1017.0, 1017.0, 1016.0, 1017.0, 1015.0, 1016.0, 1016.0, 1015.0, 1017.0, 1017.0, 1017.0, 1017.0, 1016.0, 1017.0, 1017.0, 1017.0, 1016.0, 1015.0, 1017.0, 1017.0, 1016.0, 1017.0, 1016.0, 1017.0, 1016.0, 1017.0, 1012.0, 1016.0, 1016.0, 1017.0, 1017.0, 1017.0, 1016.0, 1017.0, 1015.0, 1017.0, 1017.0, 1016.0, 1016.0, 1013.0, 1015.0, 1015.0, 1015.0, 1017.0, 1017.0, 1017.0, 1015.0, 1016.0, 1015.0, 1017.0, 1017.0, 1015.0, 1015.0, 1017.0, 1016.0, 1017.0, 1015.0, 1016.0, 1014.0, 1017.0, 1015.0, 1017.0, 1017.0, 1014.0, 1016.0, 1016.0, 1017.0, 1017.0, 1017.0, 1016.0, 1017.0, 1015.0, 1017.0, 1016.0, 1016.0, 1017.0, 1015.0, 1015.0, 1017.0, 1015.0, 1017.0, 1016.0, 1015.0, 1016.0, 1017.0, 1017.0, 1013.0, 1017.0, 1014.0, 1016.0]
Crossover offspring noisy fitness: [1016.0, 1017.0, 1017.0, 1016.0, 1016.0, 1015.0, 1017.0, 1015.0, 1016.0, 1016.0, 1017.0, 1017.0, 1017.0, 1016.0, 1017.0, 1015.0, 1016.0, 1016.0, 1015.0, 1017.0, 1017.0, 1017.0, 1016.0, 1016.0, 1016.0, 1017.0, 1017.0, 1016.0, 1015.0, 1017.0, 1017.0, 1016.0, 1017.0, 1016.0, 1017.0, 1016.0, 1017.0, 1012.0, 1016.0, 1016.0, 1017.0, 1017.0, 1017.0, 1016.0, 1017.0, 1015.0, 1017.0, 1017.0, 1015.0, 1016.0, 1012.0, 1015.0, 1015.0, 1015.0, 1017.0, 1017.0, 1017.0, 1015.0, 1016.0, 1015.0, 1017.0, 1017.0, 1015.0, 1015.0, 1017.0, 1015.0, 1016.0, 1015.0, 1016.0, 1014.0, 1017.0, 1015.0, 1017.0, 1017.0, 1014.0, 1016.0, 1016.0, 1017.0, 1017.0, 1017.0, 1016.0, 1017.0, 1015.0, 1017.0, 1016.0, 1016.0, 1017.0, 1015.0, 1015.0, 1017.0, 1015.0, 1017.0, 1016.0, 1015.0, 1015.0, 1017.0, 1017.0, 1013.0, 1017.0, 1014.0, 1016.0]
Is bad individual winner: 0
Real fitness of best good: 1017.0
Noisy fitness of best good: 1017.0
Real fitness of best bad: 1016.0
Noisy fitness of best bad: 1016.0

l: 90
Real fitness of mutation winner: 933.0
Noisy fitness of mutation winner: 933.0
Crossover offspring real fitness: [1016.0, 1016.0, 1017.0, 1017.0, 1017.0, 1017.0, 1017.0, 1015.0, 1017.0, 1017.0, 1016.0, 1015.0, 1016.0, 1015.0, 1015.0, 1016.0, 1017.0, 1017.0, 1016.0, 1016.0, 1017.0, 1017.0, 1017.0, 1015.0, 1016.0, 1016.0, 1016.0, 1017.0, 1015.0, 1016.0, 1015.0, 1016.0, 1012.0, 1016.0, 1017.0, 1016.0, 1016.0, 1016.0, 1016.0, 1015.0, 1016.0, 1015.0, 1017.0, 1017.0, 1015.0, 1017.0, 1017.0, 1017.0, 1017.0, 1017.0, 1016.0, 1017.0, 1017.0, 1017.0, 1017.0, 1017.0, 1015.0, 1017.0, 1017.0, 1017.0, 1016.0, 1015.0, 1016.0, 1017.0, 1016.0, 1015.0, 1017.0, 1017.0, 1016.0, 1015.0, 1015.0, 1017.0, 1016.0, 1015.0, 1017.0, 1016.0, 1016.0, 1017.0, 1016.0, 1017.0, 1016.0, 1016.0, 1016.0, 1017.0, 1015.0, 1017.0, 1017.0, 1017.0, 1013.0, 1016.0, 1015.0, 1017.0, 1014.0, 1016.0, 1015.0, 1017.0, 1017.0, 1015.0, 1016.0, 1015.0, 1017.0]
Crossover offspring noisy fitness: [1016.0, 1016.0, 1017.0, 1016.0, 1016.0, 1017.0, 1017.0, 1015.0, 1017.0, 1017.0, 1016.0, 1015.0, 1016.0, 1015.0, 1015.0, 1016.0, 1017.0, 1017.0, 1016.0, 1016.0, 1016.0, 1017.0, 1017.0, 1015.0, 1015.0, 1016.0, 1016.0, 1017.0, 1015.0, 1016.0, 1015.0, 1016.0, 1012.0, 1016.0, 1017.0, 1016.0, 1016.0, 1016.0, 1016.0, 1015.0, 1016.0, 1014.0, 1015.0, 1016.0, 1015.0, 1017.0, 1017.0, 1017.0, 1017.0, 1017.0, 1016.0, 1017.0, 1017.0, 1017.0, 1017.0, 1017.0, 1015.0, 1017.0, 1017.0, 1017.0, 1016.0, 1015.0, 1016.0, 1017.0, 1016.0, 1015.0, 1017.0, 1017.0, 1016.0, 1015.0, 1015.0, 1017.0, 1016.0, 1015.0, 1017.0, 1016.0, 1016.0, 1017.0, 1016.0, 1017.0, 1016.0, 1016.0, 1016.0, 1017.0, 1015.0, 1017.0, 1016.0, 1017.0, 1013.0, 1016.0, 1015.0, 1017.0, 1014.0, 1016.0, 1015.0, 1017.0, 1017.0, 1015.0, 1016.0, 1015.0, 1017.0]
Is bad individual winner: 0
Real fitness of best good: 1017.0
Noisy fitness of best good: 1017.0
Real fitness of best bad: 1016.0
Noisy fitness of best bad: 1016.0

l: 106
Real fitness of mutation winner: 921.0
Noisy fitness of mutation winner: 921.0
Crossover offspring real fitness: [1017.0, 1016.0, 1017.0, 1017.0, 1015.0, 1016.0, 1017.0, 1016.0, 1016.0, 1017.0, 1017.0, 1017.0, 1017.0, 1016.0, 1016.0, 1016.0, 1016.0, 1016.0, 1017.0, 1017.0, 1015.0, 1015.0, 1016.0, 1017.0, 1017.0, 1017.0, 1016.0, 1016.0, 1016.0, 1016.0, 1017.0, 1015.0, 1017.0, 1017.0, 1017.0, 1015.0, 1017.0, 1017.0, 1016.0, 1016.0, 1017.0, 1017.0, 1016.0, 1017.0, 1016.0, 1015.0, 1016.0, 1016.0, 1016.0, 1016.0, 1016.0, 1015.0, 1016.0, 1017.0, 1017.0, 1015.0, 1016.0, 1017.0, 1015.0, 1017.0, 1017.0, 1017.0, 1015.0, 1016.0, 1014.0, 1017.0, 1016.0, 1014.0, 1017.0, 1016.0, 1016.0, 1016.0, 1014.0, 1017.0, 1017.0, 1016.0, 1016.0, 1016.0, 1015.0, 1017.0, 1015.0, 1015.0, 1013.0, 1015.0, 1016.0, 1014.0, 1016.0, 1017.0, 1016.0, 1017.0, 1017.0, 1015.0, 1016.0, 1016.0, 1016.0, 1016.0, 1016.0, 1017.0, 1017.0, 1017.0, 1017.0]
Crossover offspring noisy fitness: [1017.0, 1016.0, 1017.0, 1017.0, 1015.0, 1016.0, 1017.0, 1016.0, 1016.0, 1017.0, 1017.0, 1017.0, 1017.0, 1015.0, 1016.0, 1016.0, 1016.0, 1016.0, 1017.0, 1017.0, 1015.0, 1015.0, 1016.0, 1017.0, 1017.0, 1017.0, 1016.0, 1016.0, 1016.0, 1016.0, 1017.0, 1015.0, 1017.0, 1017.0, 1017.0, 1015.0, 1017.0, 1017.0, 1016.0, 1016.0, 1017.0, 1017.0, 1016.0, 1017.0, 1016.0, 1014.0, 1016.0, 1016.0, 1016.0, 1016.0, 1016.0, 1015.0, 1014.0, 1017.0, 1016.0, 1015.0, 1016.0, 1017.0, 1015.0, 1017.0, 1017.0, 1017.0, 1015.0, 1016.0, 1014.0, 1017.0, 1016.0, 1014.0, 1017.0, 1016.0, 1015.0, 1016.0, 1014.0, 1017.0, 1017.0, 1016.0, 1016.0, 1016.0, 1015.0, 1017.0, 1015.0, 1015.0, 1013.0, 1015.0, 1016.0, 1014.0, 1016.0, 1016.0, 1016.0, 1017.0, 1017.0, 1015.0, 1016.0, 1016.0, 1016.0, 1016.0, 1016.0, 1017.0, 1016.0, 1017.0, 1017.0]
Is bad individual winner: 0
Real fitness of best good: 1017.0
Noisy fitness of best good: 1017.0
Real fitness of best bad: 1016.0
Noisy fitness of best bad: 1016.0

l: 111
Real fitness of mutation winner: 912.0
Noisy fitness of mutation winner: 912.0
Crossover offspring real fitness: [1017.0, 1016.0, 1015.0, 1015.0, 1016.0, 1015.0, 1015.0, 1017.0, 1016.0, 1017.0, 1017.0, 1017.0, 1017.0, 1016.0, 1017.0, 1016.0, 1017.0, 1014.0, 1015.0, 1014.0, 1015.0, 1015.0, 1016.0, 1013.0, 1015.0, 1015.0, 1015.0, 1016.0, 1015.0, 1014.0, 1017.0, 1016.0, 1017.0, 1015.0, 1015.0, 1017.0, 1016.0, 1016.0, 1017.0, 1016.0, 1016.0, 1016.0, 1017.0, 1015.0, 1014.0, 1017.0, 1013.0, 1015.0, 1017.0, 1016.0, 1016.0, 1016.0, 1016.0, 1017.0, 1017.0, 1017.0, 1013.0, 1016.0, 1017.0, 1017.0, 1017.0, 1012.0, 1016.0, 1016.0, 1016.0, 1015.0, 1017.0, 1015.0, 1016.0, 1015.0, 1016.0, 1016.0, 1017.0, 1017.0, 1017.0, 1016.0, 1017.0, 1016.0, 1016.0, 1017.0, 1015.0, 1016.0, 1015.0, 1016.0, 1017.0, 1017.0, 1017.0, 1017.0, 1017.0, 1016.0, 1017.0, 1016.0, 1016.0, 1017.0, 1016.0, 1017.0, 1017.0, 1015.0, 1015.0, 1016.0, 1016.0]
Crossover offspring noisy fitness: [1017.0, 1016.0, 1015.0, 1015.0, 1016.0, 1015.0, 1015.0, 1017.0, 1016.0, 1017.0, 1017.0, 1017.0, 1017.0, 1016.0, 1017.0, 1016.0, 1016.0, 1014.0, 1015.0, 1014.0, 1015.0, 1015.0, 1016.0, 1013.0, 1015.0, 1015.0, 1015.0, 1016.0, 1015.0, 1014.0, 1017.0, 1016.0, 1017.0, 1015.0, 1015.0, 1017.0, 1016.0, 1016.0, 1017.0, 1016.0, 1016.0, 1016.0, 1016.0, 1015.0, 1014.0, 1017.0, 1013.0, 1015.0, 1017.0, 1016.0, 1015.0, 1016.0, 1016.0, 1017.0, 1017.0, 1017.0, 1013.0, 1016.0, 1017.0, 1017.0, 1017.0, 1012.0, 1016.0, 1016.0, 1016.0, 1015.0, 1017.0, 1015.0, 1016.0, 1015.0, 1016.0, 1016.0, 1017.0, 1017.0, 1016.0, 1016.0, 1017.0, 1016.0, 1016.0, 1017.0, 1015.0, 1016.0, 1015.0, 1016.0, 1017.0, 1017.0, 1017.0, 1017.0, 1017.0, 1016.0, 1017.0, 1016.0, 1015.0, 1017.0, 1015.0, 1017.0, 1017.0, 1015.0, 1015.0, 1016.0, 1016.0]
Is bad individual winner: 0
Real fitness of best good: 1017.0
Noisy fitness of best good: 1017.0
Real fitness of best bad: 1016.0
Noisy fitness of best bad: 1016.0

l: 95
Real fitness of mutation winner: 928.0
Noisy fitness of mutation winner: 928.0
Crossover offspring real fitness: [1016.0, 1016.0, 1015.0, 1018.0, 1016.0, 1016.0, 1016.0, 1017.0, 1017.0, 1017.0, 1017.0, 1016.0, 1015.0, 1017.0, 1016.0, 1016.0, 1017.0, 1016.0, 1017.0, 1016.0, 1017.0, 1017.0, 1016.0, 1017.0, 1016.0, 1016.0, 1017.0, 1017.0, 1016.0, 1017.0, 1018.0, 1015.0, 1017.0, 1016.0, 1017.0, 1016.0, 1017.0, 1017.0, 1016.0, 1014.0, 1015.0, 1016.0, 1016.0, 1015.0, 1016.0, 1017.0, 1015.0, 1015.0, 1016.0, 1014.0, 1016.0, 1017.0, 1016.0, 1016.0, 1016.0, 1015.0, 1016.0, 1017.0, 1016.0, 1016.0, 1016.0, 1017.0, 1014.0, 1017.0, 1014.0, 1015.0, 1017.0, 1016.0, 1016.0, 1016.0, 1017.0, 1015.0, 1015.0, 1016.0, 1017.0, 1016.0, 1016.0, 1017.0, 1017.0, 1017.0, 1016.0, 1017.0, 1017.0, 1016.0, 1017.0, 1017.0, 1016.0, 1016.0, 1015.0, 1014.0, 1017.0, 1015.0, 1017.0, 1017.0, 1014.0, 1017.0, 1017.0, 1016.0, 1017.0, 1017.0, 1017.0]
Crossover offspring noisy fitness: [1016.0, 1016.0, 1015.0, 1018.0, 1016.0, 1016.0, 1016.0, 1017.0, 1017.0, 1017.0, 1017.0, 1016.0, 1015.0, 1016.0, 1016.0, 1016.0, 1017.0, 1016.0, 1017.0, 1016.0, 1017.0, 1017.0, 1016.0, 1017.0, 1016.0, 1016.0, 1017.0, 1017.0, 1016.0, 1016.0, 1018.0, 1015.0, 1017.0, 1016.0, 1017.0, 1016.0, 1017.0, 1017.0, 1016.0, 1014.0, 1015.0, 1016.0, 1016.0, 1015.0, 1016.0, 1017.0, 1015.0, 1015.0, 1016.0, 1014.0, 1016.0, 1017.0, 1016.0, 1016.0, 1016.0, 1015.0, 1015.0, 1017.0, 1016.0, 1016.0, 1016.0, 1017.0, 1014.0, 1017.0, 1014.0, 1015.0, 1017.0, 1016.0, 1016.0, 1016.0, 1017.0, 1015.0, 1015.0, 1016.0, 1017.0, 1016.0, 1016.0, 1017.0, 1017.0, 1017.0, 1016.0, 1017.0, 1017.0, 1016.0, 1017.0, 1017.0, 1016.0, 1016.0, 1015.0, 1014.0, 1017.0, 1015.0, 1017.0, 1017.0, 1014.0, 1017.0, 1017.0, 1016.0, 1017.0, 1017.0, 1017.0]
Is bad individual winner: 0
Real fitness of best good: 1018.0
Noisy fitness of best good: 1018.0
Real fitness of best bad: 1016.0
Noisy fitness of best bad: 1016.0

l: 96
Real fitness of mutation winner: 927.0
Noisy fitness of mutation winner: 927.0
Crossover offspring real fitness: [1015.0, 1017.0, 1017.0, 1016.0, 1017.0, 1016.0, 1015.0, 1016.0, 1016.0, 1014.0, 1017.0, 1017.0, 1016.0, 1016.0, 1017.0, 1017.0, 1016.0, 1017.0, 1017.0, 1016.0, 1017.0, 1016.0, 1014.0, 1015.0, 1017.0, 1016.0, 1017.0, 1017.0, 1016.0, 1016.0, 1015.0, 1017.0, 1016.0, 1015.0, 1016.0, 1017.0, 1017.0, 1017.0, 1013.0, 1016.0, 1015.0, 1017.0, 1017.0, 1016.0, 1017.0, 1016.0, 1015.0, 1016.0, 1015.0, 1016.0, 1015.0, 1017.0, 1017.0, 1016.0, 1016.0, 1016.0, 1016.0, 1016.0, 1015.0, 1016.0, 1015.0, 1017.0, 1015.0, 1017.0, 1016.0, 1015.0, 1017.0, 1014.0, 1017.0, 1015.0, 1016.0, 1016.0, 1017.0, 1016.0, 1017.0, 1017.0, 1015.0, 1017.0, 1016.0, 1016.0, 1017.0, 1013.0, 1017.0, 1015.0, 1017.0, 1015.0, 1014.0, 1017.0, 1015.0, 1016.0, 1017.0, 1015.0, 1015.0, 1017.0, 1015.0, 1017.0, 1015.0, 1016.0, 1017.0, 1017.0, 1015.0]
Crossover offspring noisy fitness: [1015.0, 1017.0, 1017.0, 1016.0, 1016.0, 1016.0, 1015.0, 1015.0, 1016.0, 1014.0, 1017.0, 1017.0, 1016.0, 1016.0, 1017.0, 1017.0, 1016.0, 1017.0, 1017.0, 1016.0, 1017.0, 1016.0, 1014.0, 1015.0, 1017.0, 1016.0, 1017.0, 1017.0, 1016.0, 1016.0, 1014.0, 1017.0, 1016.0, 1015.0, 1016.0, 1017.0, 1017.0, 1017.0, 1013.0, 1016.0, 1015.0, 1017.0, 1017.0, 1016.0, 1016.0, 1016.0, 1015.0, 1016.0, 1015.0, 1016.0, 1015.0, 1017.0, 1017.0, 1016.0, 1016.0, 1016.0, 1016.0, 1016.0, 1015.0, 1016.0, 1015.0, 1017.0, 1015.0, 1017.0, 1016.0, 1015.0, 1017.0, 1014.0, 1017.0, 1015.0, 1016.0, 1016.0, 1017.0, 1016.0, 1017.0, 1017.0, 1015.0, 1017.0, 1016.0, 1016.0, 1017.0, 1013.0, 1017.0, 1015.0, 1017.0, 1015.0, 1014.0, 1017.0, 1015.0, 1016.0, 1017.0, 1015.0, 1015.0, 1017.0, 1015.0, 1017.0, 1015.0, 1016.0, 1017.0, 1017.0, 1015.0]
Is bad individual winner: 0
Real fitness of best good: 1017.0
Noisy fitness of best good: 1017.0
Real fitness of best bad: 1016.0
Noisy fitness of best bad: 1016.0

l: 100
Real fitness of mutation winner: 925.0
Noisy fitness of mutation winner: 925.0
Crossover offspring real fitness: [1017.0, 1017.0, 1017.0, 1016.0, 1017.0, 1015.0, 1014.0, 1015.0, 1015.0, 1015.0, 1015.0, 1017.0, 1014.0, 1017.0, 1016.0, 1017.0, 1017.0, 1017.0, 1017.0, 1016.0, 1017.0, 1015.0, 1014.0, 1015.0, 1016.0, 1016.0, 1016.0, 1017.0, 1017.0, 1017.0, 1015.0, 1017.0, 1017.0, 1016.0, 1018.0, 1016.0, 1015.0, 1017.0, 1016.0, 1017.0, 1016.0, 1016.0, 1016.0, 1015.0, 1017.0, 1016.0, 1015.0, 1017.0, 1015.0, 1017.0, 1017.0, 1015.0, 1016.0, 1016.0, 1016.0, 1015.0, 1015.0, 1015.0, 1015.0, 1017.0, 1017.0, 1016.0, 1016.0, 1014.0, 1016.0, 1015.0, 1017.0, 1016.0, 1016.0, 1015.0, 1017.0, 1016.0, 1017.0, 1016.0, 1014.0, 1016.0, 1016.0, 1014.0, 1016.0, 1017.0, 1016.0, 1016.0, 1014.0, 1016.0, 1015.0, 1017.0, 1014.0, 1015.0, 1013.0, 1017.0, 1015.0, 1016.0, 1015.0, 1016.0, 1016.0, 1017.0, 1017.0, 1017.0, 1016.0, 1016.0, 1016.0]
Crossover offspring noisy fitness: [1017.0, 1017.0, 1017.0, 1015.0, 1017.0, 1015.0, 1014.0, 1015.0, 1015.0, 1015.0, 1015.0, 1017.0, 1014.0, 1017.0, 1016.0, 1017.0, 1017.0, 1017.0, 1017.0, 1016.0, 1017.0, 1015.0, 1014.0, 1015.0, 1016.0, 1016.0, 1016.0, 1017.0, 1017.0, 1017.0, 1015.0, 1016.0, 1017.0, 1016.0, 1018.0, 1016.0, 1015.0, 1017.0, 1016.0, 1017.0, 1016.0, 1016.0, 1016.0, 1015.0, 1017.0, 1016.0, 1015.0, 1017.0, 1015.0, 1017.0, 1017.0, 1015.0, 1016.0, 1016.0, 1016.0, 1015.0, 1015.0, 1015.0, 1015.0, 1017.0, 1017.0, 1016.0, 1016.0, 1014.0, 1016.0, 1015.0, 1017.0, 1016.0, 1016.0, 1015.0, 1017.0, 1016.0, 1017.0, 1016.0, 1014.0, 1016.0, 1016.0, 1014.0, 1016.0, 1017.0, 1016.0, 1016.0, 1014.0, 1016.0, 1015.0, 1017.0, 1013.0, 1015.0, 1012.0, 1017.0, 1015.0, 1016.0, 1015.0, 1016.0, 1016.0, 1017.0, 1017.0, 1017.0, 1016.0, 1016.0, 1016.0]
Is bad individual winner: 0
Real fitness of best good: 1018.0
Noisy fitness of best good: 1018.0
Real fitness of best bad: 1016.0
Noisy fitness of best bad: 1016.0

l: 98
Real fitness of mutation winner: 925.0
Noisy fitness of mutation winner: 925.0
Crossover offspring real fitness: [1017.0, 1014.0, 1016.0, 1016.0, 1017.0, 1017.0, 1015.0, 1017.0, 1014.0, 1016.0, 1017.0, 1017.0, 1017.0, 1016.0, 1012.0, 1016.0, 1017.0, 1016.0, 1016.0, 1016.0, 1015.0, 1017.0, 1016.0, 1017.0, 1016.0, 1017.0, 1015.0, 1017.0, 1017.0, 1018.0, 1017.0, 1017.0, 1017.0, 1017.0, 1014.0, 1017.0, 1014.0, 1016.0, 1016.0, 1017.0, 1014.0, 1013.0, 1017.0, 1015.0, 1016.0, 1015.0, 1017.0, 1017.0, 1017.0, 1017.0, 1017.0, 1018.0, 1015.0, 1017.0, 1017.0, 1016.0, 1015.0, 1016.0, 1017.0, 1016.0, 1017.0, 1016.0, 1016.0, 1016.0, 1017.0, 1017.0, 1017.0, 1015.0, 1017.0, 1017.0, 1017.0, 1017.0, 1015.0, 1016.0, 1017.0, 1015.0, 1016.0, 1017.0, 1016.0, 1016.0, 1014.0, 1017.0, 1016.0, 1015.0, 1017.0, 1017.0, 1016.0, 1016.0, 1014.0, 1015.0, 1017.0, 1015.0, 1016.0, 1015.0, 1016.0, 1015.0, 1017.0, 1017.0, 1017.0, 1018.0, 1017.0]
Crossover offspring noisy fitness: [1016.0, 1014.0, 1016.0, 1016.0, 1017.0, 1017.0, 1015.0, 1017.0, 1014.0, 1016.0, 1017.0, 1017.0, 1017.0, 1016.0, 1012.0, 1016.0, 1017.0, 1016.0, 1016.0, 1016.0, 1015.0, 1017.0, 1016.0, 1017.0, 1016.0, 1017.0, 1015.0, 1017.0, 1016.0, 1018.0, 1017.0, 1017.0, 1017.0, 1017.0, 1014.0, 1017.0, 1014.0, 1016.0, 1016.0, 1017.0, 1013.0, 1013.0, 1017.0, 1015.0, 1016.0, 1015.0, 1017.0, 1017.0, 1017.0, 1017.0, 1017.0, 1018.0, 1015.0, 1017.0, 1017.0, 1016.0, 1015.0, 1016.0, 1017.0, 1016.0, 1017.0, 1016.0, 1016.0, 1016.0, 1017.0, 1017.0, 1017.0, 1015.0, 1017.0, 1017.0, 1017.0, 1016.0, 1015.0, 1016.0, 1017.0, 1015.0, 1016.0, 1017.0, 1016.0, 1016.0, 1014.0, 1017.0, 1016.0, 1015.0, 1017.0, 1017.0, 1016.0, 1016.0, 1014.0, 1015.0, 1017.0, 1015.0, 1016.0, 1015.0, 1015.0, 1015.0, 1017.0, 1017.0, 1017.0, 1018.0, 1017.0]
Is bad individual winner: 0
Real fitness of best good: 1018.0
Noisy fitness of best good: 1018.0
Real fitness of best bad: 1016.0
Noisy fitness of best bad: 1016.0

l: 91
Real fitness of mutation winner: 932.0
Noisy fitness of mutation winner: 932.0
Crossover offspring real fitness: [1014.0, 1016.0, 1017.0, 1016.0, 1017.0, 1016.0, 1016.0, 1016.0, 1015.0, 1016.0, 1016.0, 1016.0, 1015.0, 1017.0, 1017.0, 1017.0, 1015.0, 1017.0, 1017.0, 1015.0, 1017.0, 1016.0, 1016.0, 1017.0, 1015.0, 1015.0, 1017.0, 1017.0, 1016.0, 1015.0, 1016.0, 1015.0, 1017.0, 1017.0, 1012.0, 1017.0, 1015.0, 1016.0, 1016.0, 1017.0, 1016.0, 1017.0, 1017.0, 1017.0, 1017.0, 1017.0, 1018.0, 1016.0, 1017.0, 1017.0, 1017.0, 1017.0, 1015.0, 1017.0, 1017.0, 1017.0, 1017.0, 1016.0, 1016.0, 1016.0, 1016.0, 1015.0, 1016.0, 1015.0, 1016.0, 1017.0, 1015.0, 1015.0, 1016.0, 1017.0, 1017.0, 1016.0, 1015.0, 1016.0, 1017.0, 1017.0, 1017.0, 1016.0, 1017.0, 1017.0, 1014.0, 1016.0, 1014.0, 1017.0, 1017.0, 1016.0, 1016.0, 1017.0, 1017.0, 1014.0, 1017.0, 1016.0, 1016.0, 1015.0, 1017.0, 1017.0, 1016.0, 1016.0, 1017.0, 1017.0, 1017.0]
Crossover offspring noisy fitness: [1013.0, 1016.0, 1017.0, 1016.0, 1017.0, 1016.0, 1016.0, 1016.0, 1015.0, 1016.0, 1015.0, 1016.0, 1015.0, 1017.0, 1017.0, 1017.0, 1015.0, 1017.0, 1017.0, 1015.0, 1017.0, 1016.0, 1016.0, 1017.0, 1015.0, 1015.0, 1017.0, 1017.0, 1015.0, 1015.0, 1016.0, 1015.0, 1017.0, 1017.0, 1012.0, 1017.0, 1014.0, 1016.0, 1016.0, 1017.0, 1016.0, 1017.0, 1017.0, 1017.0, 1017.0, 1017.0, 1018.0, 1016.0, 1017.0, 1017.0, 1017.0, 1017.0, 1015.0, 1017.0, 1017.0, 1017.0, 1017.0, 1016.0, 1016.0, 1016.0, 1016.0, 1014.0, 1016.0, 1015.0, 1016.0, 1017.0, 1015.0, 1015.0, 1016.0, 1017.0, 1017.0, 1016.0, 1015.0, 1016.0, 1017.0, 1017.0, 1017.0, 1016.0, 1017.0, 1017.0, 1014.0, 1015.0, 1014.0, 1017.0, 1015.0, 1016.0, 1016.0, 1017.0, 1017.0, 1014.0, 1017.0, 1016.0, 1016.0, 1014.0, 1017.0, 1017.0, 1016.0, 1016.0, 1016.0, 1017.0, 1017.0]
Is bad individual winner: 0
Real fitness of best good: 1018.0
Noisy fitness of best good: 1018.0
Real fitness of best bad: 1016.0
Noisy fitness of best bad: 1016.0

l: 106
Real fitness of mutation winner: 917.0
Noisy fitness of mutation winner: 917.0
Crossover offspring real fitness: [1016.0, 1015.0, 1016.0, 1016.0, 1016.0, 1017.0, 1017.0, 1016.0, 1016.0, 1016.0, 1017.0, 1015.0, 1017.0, 1017.0, 1016.0, 1016.0, 1016.0, 1017.0, 1015.0, 1014.0, 1016.0, 1016.0, 1017.0, 1016.0, 1015.0, 1016.0, 1016.0, 1017.0, 1017.0, 1016.0, 1016.0, 1017.0, 1017.0, 1015.0, 1017.0, 1017.0, 1015.0, 1016.0, 1016.0, 1017.0, 1015.0, 1016.0, 1017.0, 1015.0, 1017.0, 1016.0, 1016.0, 1017.0, 1014.0, 1017.0, 1017.0, 1015.0, 1017.0, 1016.0, 1017.0, 1014.0, 1017.0, 1016.0, 1016.0, 1017.0, 1017.0, 1017.0, 1017.0, 1017.0, 1015.0, 1016.0, 1017.0, 1015.0, 1018.0, 1015.0, 1017.0, 1017.0, 1016.0, 1017.0, 1017.0, 1015.0, 1016.0, 1017.0, 1017.0, 1016.0, 1016.0, 1017.0, 1017.0, 1015.0, 1017.0, 1015.0, 1017.0, 1016.0, 1015.0, 1014.0, 1016.0, 1016.0, 1015.0, 1016.0, 1018.0, 1015.0, 1017.0, 1015.0, 1016.0, 1017.0, 1016.0]
Crossover offspring noisy fitness: [1016.0, 1015.0, 1016.0, 1016.0, 1016.0, 1017.0, 1017.0, 1016.0, 1016.0, 1015.0, 1017.0, 1015.0, 1017.0, 1017.0, 1016.0, 1016.0, 1016.0, 1017.0, 1015.0, 1014.0, 1016.0, 1016.0, 1017.0, 1016.0, 1015.0, 1016.0, 1016.0, 1017.0, 1017.0, 1016.0, 1016.0, 1017.0, 1017.0, 1015.0, 1017.0, 1017.0, 1015.0, 1015.0, 1016.0, 1017.0, 1015.0, 1016.0, 1017.0, 1015.0, 1017.0, 1016.0, 1015.0, 1017.0, 1014.0, 1017.0, 1017.0, 1015.0, 1017.0, 1016.0, 1017.0, 1014.0, 1017.0, 1016.0, 1016.0, 1017.0, 1017.0, 1017.0, 1017.0, 1017.0, 1015.0, 1016.0, 1017.0, 1015.0, 1018.0, 1015.0, 1017.0, 1017.0, 1016.0, 1017.0, 1017.0, 1015.0, 1016.0, 1017.0, 1017.0, 1016.0, 1016.0, 1017.0, 1017.0, 1015.0, 1017.0, 1015.0, 1017.0, 1016.0, 1015.0, 1014.0, 1016.0, 1015.0, 1015.0, 1016.0, 1018.0, 1015.0, 1017.0, 1015.0, 1016.0, 1017.0, 1016.0]
Is bad individual winner: 0
Real fitness of best good: 1018.0
Noisy fitness of best good: 1018.0
Real fitness of best bad: 1016.0
Noisy fitness of best bad: 1016.0

l: 113
Real fitness of mutation winner: 910.0
Noisy fitness of mutation winner: 910.0
Crossover offspring real fitness: [1016.0, 1016.0, 1016.0, 1015.0, 1014.0, 1015.0, 1017.0, 1016.0, 1016.0, 1014.0, 1017.0, 1017.0, 1016.0, 1017.0, 1016.0, 1014.0, 1017.0, 1016.0, 1017.0, 1015.0, 1014.0, 1017.0, 1016.0, 1014.0, 1016.0, 1016.0, 1016.0, 1017.0, 1016.0, 1016.0, 1016.0, 1013.0, 1017.0, 1015.0, 1017.0, 1015.0, 1017.0, 1016.0, 1015.0, 1017.0, 1017.0, 1016.0, 1016.0, 1017.0, 1017.0, 1015.0, 1017.0, 1015.0, 1016.0, 1017.0, 1016.0, 1016.0, 1017.0, 1015.0, 1016.0, 1015.0, 1015.0, 1016.0, 1016.0, 1017.0, 1017.0, 1016.0, 1017.0, 1017.0, 1016.0, 1016.0, 1016.0, 1015.0, 1015.0, 1013.0, 1016.0, 1015.0, 1016.0, 1016.0, 1017.0, 1017.0, 1017.0, 1014.0, 1017.0, 1015.0, 1015.0, 1015.0, 1016.0, 1015.0, 1017.0, 1017.0, 1016.0, 1016.0, 1015.0, 1017.0, 1015.0, 1016.0, 1017.0, 1014.0, 1016.0, 1017.0, 1017.0, 1017.0, 1017.0, 1016.0, 1015.0]
Crossover offspring noisy fitness: [1016.0, 1016.0, 1016.0, 1015.0, 1014.0, 1015.0, 1017.0, 1016.0, 1016.0, 1014.0, 1017.0, 1017.0, 1015.0, 1017.0, 1016.0, 1014.0, 1017.0, 1015.0, 1017.0, 1015.0, 1014.0, 1017.0, 1016.0, 1013.0, 1016.0, 1016.0, 1016.0, 1017.0, 1015.0, 1016.0, 1016.0, 1013.0, 1017.0, 1015.0, 1017.0, 1015.0, 1017.0, 1016.0, 1015.0, 1017.0, 1017.0, 1016.0, 1016.0, 1017.0, 1017.0, 1015.0, 1017.0, 1015.0, 1016.0, 1017.0, 1015.0, 1016.0, 1017.0, 1015.0, 1015.0, 1015.0, 1014.0, 1016.0, 1016.0, 1017.0, 1017.0, 1015.0, 1017.0, 1017.0, 1016.0, 1016.0, 1016.0, 1015.0, 1015.0, 1013.0, 1016.0, 1015.0, 1016.0, 1016.0, 1017.0, 1017.0, 1017.0, 1014.0, 1017.0, 1015.0, 1015.0, 1015.0, 1016.0, 1015.0, 1017.0, 1017.0, 1016.0, 1016.0, 1015.0, 1017.0, 1015.0, 1016.0, 1017.0, 1014.0, 1016.0, 1017.0, 1016.0, 1017.0, 1017.0, 1016.0, 1015.0]
Is bad individual winner: 0
Real fitness of best good: 1017.0
Noisy fitness of best good: 1017.0
Real fitness of best bad: 1016.0
Noisy fitness of best bad: 1016.0

l: 96
Real fitness of mutation winner: 927.0
Noisy fitness of mutation winner: 927.0
Crossover offspring real fitness: [1015.0, 1015.0, 1016.0, 1017.0, 1017.0, 1017.0, 1017.0, 1016.0, 1016.0, 1017.0, 1017.0, 1017.0, 1017.0, 1017.0, 1017.0, 1016.0, 1016.0, 1016.0, 1016.0, 1017.0, 1014.0, 1017.0, 1017.0, 1017.0, 1017.0, 1016.0, 1016.0, 1016.0, 1016.0, 1016.0, 1013.0, 1017.0, 1016.0, 1015.0, 1016.0, 1017.0, 1016.0, 1016.0, 1015.0, 1017.0, 1017.0, 1016.0, 1017.0, 1016.0, 1015.0, 1015.0, 1017.0, 1016.0, 1015.0, 1017.0, 1017.0, 1017.0, 1016.0, 1017.0, 1016.0, 1016.0, 1016.0, 1017.0, 1016.0, 1017.0, 1017.0, 1017.0, 1017.0, 1017.0, 1016.0, 1016.0, 1017.0, 1015.0, 1016.0, 1017.0, 1017.0, 1017.0, 1017.0, 1016.0, 1015.0, 1015.0, 1015.0, 1016.0, 1014.0, 1016.0, 1017.0, 1017.0, 1016.0, 1015.0, 1016.0, 1016.0, 1017.0, 1017.0, 1016.0, 1014.0, 1014.0, 1016.0, 1016.0, 1014.0, 1017.0, 1015.0, 1015.0, 1012.0, 1015.0, 1017.0, 1017.0]
Crossover offspring noisy fitness: [1015.0, 1015.0, 1016.0, 1017.0, 1017.0, 1017.0, 1017.0, 1016.0, 1016.0, 1017.0, 1017.0, 1018.0, 1017.0, 1017.0, 1017.0, 1016.0, 1015.0, 1016.0, 1016.0, 1017.0, 1014.0, 1017.0, 1017.0, 1017.0, 1017.0, 1016.0, 1016.0, 1016.0, 1016.0, 1016.0, 1013.0, 1017.0, 1016.0, 1015.0, 1016.0, 1017.0, 1016.0, 1016.0, 1015.0, 1017.0, 1017.0, 1016.0, 1017.0, 1016.0, 1015.0, 1015.0, 1017.0, 1016.0, 1015.0, 1017.0, 1017.0, 1017.0, 1016.0, 1017.0, 1016.0, 1016.0, 1016.0, 1017.0, 1016.0, 1016.0, 1017.0, 1017.0, 1017.0, 1017.0, 1015.0, 1016.0, 1017.0, 1015.0, 1016.0, 1017.0, 1017.0, 1017.0, 1017.0, 1016.0, 1015.0, 1015.0, 1015.0, 1016.0, 1014.0, 1016.0, 1017.0, 1017.0, 1016.0, 1015.0, 1015.0, 1016.0, 1017.0, 1017.0, 1016.0, 1014.0, 1014.0, 1016.0, 1016.0, 1014.0, 1017.0, 1015.0, 1015.0, 1012.0, 1015.0, 1017.0, 1017.0]
Is bad individual winner: 0
Real fitness of best good: 1017.0
Noisy fitness of best good: 1018.0
Real fitness of best bad: 1016.0
Noisy fitness of best bad: 1016.0

l: 108
Real fitness of mutation winner: 915.0
Noisy fitness of mutation winner: 915.0
Crossover offspring real fitness: [1015.0, 1017.0, 1012.0, 1016.0, 1016.0, 1014.0, 1015.0, 1017.0, 1018.0, 1017.0, 1015.0, 1015.0, 1017.0, 1013.0, 1017.0, 1017.0, 1015.0, 1017.0, 1016.0, 1017.0, 1016.0, 1015.0, 1016.0, 1016.0, 1012.0, 1015.0, 1016.0, 1015.0, 1016.0, 1016.0, 1015.0, 1016.0, 1016.0, 1015.0, 1017.0, 1016.0, 1017.0, 1016.0, 1014.0, 1017.0, 1013.0, 1017.0, 1016.0, 1017.0, 1016.0, 1016.0, 1017.0, 1015.0, 1017.0, 1017.0, 1018.0, 1017.0, 1015.0, 1016.0, 1017.0, 1016.0, 1015.0, 1017.0, 1017.0, 1016.0, 1016.0, 1015.0, 1017.0, 1014.0, 1016.0, 1015.0, 1017.0, 1013.0, 1016.0, 1017.0, 1014.0, 1017.0, 1017.0, 1018.0, 1017.0, 1016.0, 1016.0, 1013.0, 1016.0, 1016.0, 1015.0, 1017.0, 1017.0, 1016.0, 1016.0, 1017.0, 1017.0, 1016.0, 1017.0, 1014.0, 1017.0, 1015.0, 1015.0, 1016.0, 1016.0, 1016.0, 1017.0, 1016.0, 1017.0, 1016.0, 1015.0]
Crossover offspring noisy fitness: [1015.0, 1017.0, 1012.0, 1016.0, 1016.0, 1014.0, 1014.0, 1017.0, 1018.0, 1017.0, 1014.0, 1015.0, 1017.0, 1013.0, 1017.0, 1017.0, 1015.0, 1017.0, 1016.0, 1017.0, 1016.0, 1015.0, 1016.0, 1016.0, 1012.0, 1015.0, 1016.0, 1015.0, 1016.0, 1016.0, 1015.0, 1015.0, 1016.0, 1015.0, 1017.0, 1016.0, 1016.0, 1016.0, 1014.0, 1017.0, 1013.0, 1017.0, 1016.0, 1017.0, 1016.0, 1016.0, 1017.0, 1015.0, 1017.0, 1017.0, 1017.0, 1017.0, 1015.0, 1016.0, 1017.0, 1016.0, 1014.0, 1017.0, 1016.0, 1016.0, 1016.0, 1015.0, 1017.0, 1014.0, 1016.0, 1015.0, 1017.0, 1013.0, 1016.0, 1017.0, 1014.0, 1017.0, 1017.0, 1018.0, 1017.0, 1015.0, 1016.0, 1013.0, 1016.0, 1016.0, 1015.0, 1017.0, 1017.0, 1016.0, 1016.0, 1017.0, 1017.0, 1016.0, 1017.0, 1014.0, 1017.0, 1015.0, 1015.0, 1016.0, 1016.0, 1016.0, 1017.0, 1016.0, 1017.0, 1016.0, 1015.0]
Is bad individual winner: 0
Real fitness of best good: 1018.0
Noisy fitness of best good: 1018.0
Real fitness of best bad: 1016.0
Noisy fitness of best bad: 1016.0

l: 87
Real fitness of mutation winner: 936.0
Noisy fitness of mutation winner: 936.0
Crossover offspring real fitness: [1014.0, 1016.0, 1015.0, 1017.0, 1017.0, 1014.0, 1017.0, 1017.0, 1017.0, 1017.0, 1016.0, 1017.0, 1017.0, 1017.0, 1015.0, 1016.0, 1016.0, 1017.0, 1017.0, 1012.0, 1016.0, 1017.0, 1015.0, 1013.0, 1016.0, 1017.0, 1017.0, 1017.0, 1017.0, 1016.0, 1017.0, 1016.0, 1015.0, 1016.0, 1017.0, 1016.0, 1016.0, 1015.0, 1015.0, 1017.0, 1016.0, 1017.0, 1015.0, 1017.0, 1016.0, 1015.0, 1017.0, 1017.0, 1017.0, 1016.0, 1017.0, 1015.0, 1012.0, 1013.0, 1014.0, 1015.0, 1017.0, 1017.0, 1017.0, 1017.0, 1016.0, 1016.0, 1017.0, 1015.0, 1017.0, 1017.0, 1017.0, 1017.0, 1017.0, 1016.0, 1017.0, 1017.0, 1017.0, 1016.0, 1017.0, 1017.0, 1016.0, 1018.0, 1016.0, 1016.0, 1016.0, 1018.0, 1015.0, 1014.0, 1016.0, 1017.0, 1016.0, 1017.0, 1016.0, 1017.0, 1017.0, 1017.0, 1015.0, 1017.0, 1016.0, 1015.0, 1017.0, 1017.0, 1015.0, 1016.0, 1017.0]
Crossover offspring noisy fitness: [1014.0, 1016.0, 1014.0, 1017.0, 1017.0, 1014.0, 1017.0, 1017.0, 1017.0, 1017.0, 1016.0, 1016.0, 1017.0, 1017.0, 1015.0, 1016.0, 1015.0, 1017.0, 1017.0, 1012.0, 1016.0, 1017.0, 1015.0, 1013.0, 1016.0, 1017.0, 1017.0, 1017.0, 1017.0, 1016.0, 1017.0, 1016.0, 1015.0, 1016.0, 1017.0, 1016.0, 1016.0, 1015.0, 1015.0, 1017.0, 1016.0, 1017.0, 1015.0, 1017.0, 1016.0, 1015.0, 1017.0, 1017.0, 1017.0, 1016.0, 1017.0, 1015.0, 1012.0, 1012.0, 1014.0, 1015.0, 1016.0, 1017.0, 1016.0, 1017.0, 1016.0, 1016.0, 1017.0, 1015.0, 1017.0, 1017.0, 1017.0, 1017.0, 1017.0, 1016.0, 1017.0, 1016.0, 1017.0, 1016.0, 1017.0, 1017.0, 1016.0, 1018.0, 1016.0, 1016.0, 1016.0, 1018.0, 1015.0, 1013.0, 1016.0, 1017.0, 1016.0, 1017.0, 1016.0, 1017.0, 1016.0, 1016.0, 1015.0, 1017.0, 1016.0, 1015.0, 1017.0, 1017.0, 1015.0, 1016.0, 1017.0]
Is bad individual winner: 0
Real fitness of best good: 1018.0
Noisy fitness of best good: 1018.0
Real fitness of best bad: 1016.0
Noisy fitness of best bad: 1016.0

l: 95
Real fitness of mutation winner: 926.0
Noisy fitness of mutation winner: 926.0
Crossover offspring real fitness: [1017.0, 1017.0, 1016.0, 1013.0, 1016.0, 1016.0, 1016.0, 1017.0, 1015.0, 1017.0, 1016.0, 1016.0, 1016.0, 1018.0, 1016.0, 1016.0, 1017.0, 1017.0, 1014.0, 1016.0, 1015.0, 1015.0, 1016.0, 1017.0, 1017.0, 1015.0, 1018.0, 1015.0, 1015.0, 1017.0, 1016.0, 1016.0, 1016.0, 1016.0, 1016.0, 1017.0, 1014.0, 1017.0, 1017.0, 1017.0, 1017.0, 1015.0, 1015.0, 1015.0, 1016.0, 1017.0, 1015.0, 1017.0, 1015.0, 1017.0, 1014.0, 1017.0, 1015.0, 1017.0, 1017.0, 1017.0, 1016.0, 1017.0, 1016.0, 1014.0, 1013.0, 1014.0, 1017.0, 1016.0, 1017.0, 1015.0, 1017.0, 1015.0, 1017.0, 1016.0, 1014.0, 1017.0, 1016.0, 1017.0, 1015.0, 1016.0, 1016.0, 1016.0, 1014.0, 1016.0, 1016.0, 1017.0, 1017.0, 1017.0, 1017.0, 1014.0, 1016.0, 1014.0, 1017.0, 1015.0, 1016.0, 1016.0, 1015.0, 1016.0, 1016.0, 1016.0, 1015.0, 1016.0, 1016.0, 1017.0, 1017.0]
Crossover offspring noisy fitness: [1017.0, 1017.0, 1016.0, 1013.0, 1016.0, 1015.0, 1016.0, 1017.0, 1015.0, 1017.0, 1016.0, 1016.0, 1016.0, 1018.0, 1016.0, 1016.0, 1017.0, 1017.0, 1014.0, 1016.0, 1015.0, 1015.0, 1016.0, 1017.0, 1017.0, 1015.0, 1018.0, 1015.0, 1015.0, 1017.0, 1016.0, 1016.0, 1015.0, 1016.0, 1016.0, 1017.0, 1014.0, 1017.0, 1017.0, 1017.0, 1017.0, 1015.0, 1015.0, 1015.0, 1016.0, 1017.0, 1015.0, 1017.0, 1014.0, 1017.0, 1014.0, 1017.0, 1015.0, 1017.0, 1017.0, 1016.0, 1016.0, 1017.0, 1016.0, 1014.0, 1011.0, 1014.0, 1017.0, 1016.0, 1017.0, 1015.0, 1017.0, 1014.0, 1017.0, 1016.0, 1014.0, 1017.0, 1016.0, 1017.0, 1015.0, 1016.0, 1016.0, 1015.0, 1014.0, 1016.0, 1016.0, 1017.0, 1017.0, 1017.0, 1017.0, 1013.0, 1016.0, 1014.0, 1017.0, 1015.0, 1016.0, 1016.0, 1015.0, 1015.0, 1016.0, 1015.0, 1015.0, 1016.0, 1016.0, 1017.0, 1017.0]
Is bad individual winner: 0
Real fitness of best good: 1018.0
Noisy fitness of best good: 1018.0
Real fitness of best bad: 1016.0
Noisy fitness of best bad: 1016.0

l: 100
Real fitness of mutation winner: 923.0
Noisy fitness of mutation winner: 923.0
Crossover offspring real fitness: [1015.0, 1016.0, 1017.0, 1014.0, 1015.0, 1015.0, 1016.0, 1016.0, 1017.0, 1015.0, 1017.0, 1017.0, 1017.0, 1016.0, 1015.0, 1017.0, 1014.0, 1017.0, 1016.0, 1016.0, 1012.0, 1017.0, 1016.0, 1015.0, 1015.0, 1014.0, 1016.0, 1017.0, 1017.0, 1018.0, 1017.0, 1016.0, 1016.0, 1016.0, 1016.0, 1017.0, 1017.0, 1017.0, 1013.0, 1017.0, 1016.0, 1016.0, 1016.0, 1017.0, 1017.0, 1016.0, 1014.0, 1016.0, 1016.0, 1017.0, 1016.0, 1016.0, 1017.0, 1016.0, 1017.0, 1014.0, 1016.0, 1014.0, 1017.0, 1015.0, 1014.0, 1015.0, 1016.0, 1017.0, 1016.0, 1017.0, 1016.0, 1016.0, 1014.0, 1016.0, 1016.0, 1015.0, 1016.0, 1016.0, 1016.0, 1017.0, 1017.0, 1017.0, 1017.0, 1017.0, 1017.0, 1016.0, 1016.0, 1017.0, 1015.0, 1017.0, 1017.0, 1015.0, 1016.0, 1017.0, 1015.0, 1016.0, 1016.0, 1016.0, 1015.0, 1016.0, 1016.0, 1016.0, 1017.0, 1016.0, 1015.0]
Crossover offspring noisy fitness: [1015.0, 1016.0, 1017.0, 1014.0, 1015.0, 1015.0, 1016.0, 1016.0, 1016.0, 1015.0, 1017.0, 1017.0, 1017.0, 1016.0, 1015.0, 1017.0, 1013.0, 1017.0, 1015.0, 1016.0, 1012.0, 1017.0, 1016.0, 1015.0, 1015.0, 1014.0, 1016.0, 1017.0, 1017.0, 1018.0, 1017.0, 1016.0, 1016.0, 1016.0, 1016.0, 1017.0, 1017.0, 1017.0, 1013.0, 1017.0, 1016.0, 1016.0, 1016.0, 1017.0, 1017.0, 1016.0, 1014.0, 1016.0, 1016.0, 1017.0, 1016.0, 1016.0, 1017.0, 1016.0, 1017.0, 1014.0, 1016.0, 1014.0, 1017.0, 1015.0, 1014.0, 1015.0, 1016.0, 1016.0, 1016.0, 1017.0, 1016.0, 1016.0, 1014.0, 1016.0, 1016.0, 1015.0, 1016.0, 1016.0, 1016.0, 1017.0, 1016.0, 1017.0, 1017.0, 1017.0, 1017.0, 1015.0, 1016.0, 1017.0, 1015.0, 1017.0, 1017.0, 1015.0, 1016.0, 1017.0, 1015.0, 1016.0, 1016.0, 1016.0, 1015.0, 1016.0, 1016.0, 1016.0, 1017.0, 1016.0, 1015.0]
Is bad individual winner: 0
Real fitness of best good: 1018.0
Noisy fitness of best good: 1018.0
Real fitness of best bad: 1016.0
Noisy fitness of best bad: 1016.0

l: 108
Real fitness of mutation winner: 915.0
Noisy fitness of mutation winner: 915.0
Crossover offspring real fitness: [1013.0, 1017.0, 1016.0, 1015.0, 1017.0, 1016.0, 1016.0, 1016.0, 1016.0, 1016.0, 1013.0, 1016.0, 1014.0, 1012.0, 1015.0, 1013.0, 1014.0, 1016.0, 1014.0, 1015.0, 1016.0, 1015.0, 1017.0, 1017.0, 1016.0, 1017.0, 1014.0, 1017.0, 1017.0, 1016.0, 1017.0, 1016.0, 1018.0, 1017.0, 1016.0, 1016.0, 1017.0, 1014.0, 1014.0, 1016.0, 1017.0, 1014.0, 1016.0, 1015.0, 1017.0, 1017.0, 1016.0, 1014.0, 1016.0, 1016.0, 1016.0, 1013.0, 1015.0, 1017.0, 1017.0, 1016.0, 1017.0, 1016.0, 1017.0, 1017.0, 1016.0, 1017.0, 1017.0, 1016.0, 1016.0, 1017.0, 1016.0, 1016.0, 1016.0, 1017.0, 1017.0, 1015.0, 1017.0, 1015.0, 1017.0, 1017.0, 1017.0, 1016.0, 1014.0, 1017.0, 1017.0, 1017.0, 1017.0, 1017.0, 1013.0, 1016.0, 1016.0, 1016.0, 1017.0, 1015.0, 1017.0, 1013.0, 1017.0, 1015.0, 1015.0, 1016.0, 1015.0, 1014.0, 1017.0, 1015.0, 1015.0]
Crossover offspring noisy fitness: [1013.0, 1017.0, 1016.0, 1015.0, 1017.0, 1016.0, 1016.0, 1016.0, 1016.0, 1016.0, 1013.0, 1016.0, 1014.0, 1012.0, 1014.0, 1013.0, 1014.0, 1016.0, 1014.0, 1015.0, 1016.0, 1015.0, 1017.0, 1017.0, 1016.0, 1017.0, 1014.0, 1017.0, 1017.0, 1016.0, 1017.0, 1016.0, 1018.0, 1017.0, 1016.0, 1016.0, 1017.0, 1014.0, 1014.0, 1016.0, 1017.0, 1014.0, 1016.0, 1015.0, 1017.0, 1017.0, 1016.0, 1014.0, 1016.0, 1016.0, 1016.0, 1013.0, 1015.0, 1017.0, 1017.0, 1016.0, 1017.0, 1016.0, 1017.0, 1016.0, 1016.0, 1017.0, 1017.0, 1016.0, 1016.0, 1017.0, 1016.0, 1016.0, 1016.0, 1017.0, 1016.0, 1015.0, 1017.0, 1015.0, 1016.0, 1017.0, 1017.0, 1016.0, 1014.0, 1017.0, 1017.0, 1017.0, 1017.0, 1017.0, 1013.0, 1016.0, 1016.0, 1016.0, 1017.0, 1015.0, 1016.0, 1013.0, 1017.0, 1015.0, 1015.0, 1016.0, 1015.0, 1014.0, 1017.0, 1015.0, 1015.0]
Is bad individual winner: 0
Real fitness of best good: 1018.0
Noisy fitness of best good: 1018.0
Real fitness of best bad: 1016.0
Noisy fitness of best bad: 1016.0

l: 84
Real fitness of mutation winner: 939.0
Noisy fitness of mutation winner: 939.0
Crossover offspring real fitness: [1013.0, 1016.0, 1017.0, 1017.0, 1016.0, 1017.0, 1017.0, 1017.0, 1017.0, 1016.0, 1017.0, 1017.0, 1015.0, 1014.0, 1016.0, 1017.0, 1015.0, 1015.0, 1015.0, 1015.0, 1017.0, 1017.0, 1016.0, 1016.0, 1013.0, 1016.0, 1017.0, 1017.0, 1015.0, 1013.0, 1016.0, 1015.0, 1016.0, 1016.0, 1016.0, 1017.0, 1015.0, 1017.0, 1017.0, 1016.0, 1017.0, 1016.0, 1016.0, 1017.0, 1016.0, 1016.0, 1017.0, 1017.0, 1016.0, 1013.0, 1014.0, 1017.0, 1017.0, 1017.0, 1016.0, 1016.0, 1015.0, 1015.0, 1016.0, 1017.0, 1017.0, 1016.0, 1015.0, 1016.0, 1016.0, 1017.0, 1016.0, 1016.0, 1016.0, 1017.0, 1017.0, 1015.0, 1017.0, 1018.0, 1017.0, 1017.0, 1017.0, 1015.0, 1017.0, 1016.0, 1017.0, 1016.0, 1017.0, 1017.0, 1017.0, 1016.0, 1015.0, 1017.0, 1014.0, 1015.0, 1015.0, 1016.0, 1016.0, 1016.0, 1016.0, 1017.0, 1016.0, 1015.0, 1017.0, 1014.0, 1017.0]
Crossover offspring noisy fitness: [1013.0, 1015.0, 1017.0, 1017.0, 1016.0, 1017.0, 1017.0, 1017.0, 1017.0, 1015.0, 1017.0, 1017.0, 1015.0, 1013.0, 1016.0, 1017.0, 1015.0, 1015.0, 1015.0, 1015.0, 1017.0, 1017.0, 1016.0, 1016.0, 1013.0, 1016.0, 1017.0, 1017.0, 1015.0, 1013.0, 1016.0, 1015.0, 1016.0, 1016.0, 1016.0, 1017.0, 1015.0, 1017.0, 1017.0, 1016.0, 1017.0, 1016.0, 1016.0, 1017.0, 1016.0, 1015.0, 1017.0, 1017.0, 1016.0, 1013.0, 1014.0, 1016.0, 1017.0, 1017.0, 1016.0, 1016.0, 1015.0, 1014.0, 1016.0, 1017.0, 1017.0, 1016.0, 1015.0, 1016.0, 1016.0, 1017.0, 1016.0, 1016.0, 1016.0, 1017.0, 1017.0, 1014.0, 1017.0, 1018.0, 1017.0, 1017.0, 1016.0, 1015.0, 1017.0, 1016.0, 1017.0, 1016.0, 1017.0, 1017.0, 1017.0, 1016.0, 1015.0, 1017.0, 1014.0, 1015.0, 1015.0, 1016.0, 1016.0, 1016.0, 1016.0, 1017.0, 1016.0, 1015.0, 1017.0, 1014.0, 1016.0]
Is bad individual winner: 0
Real fitness of best good: 1018.0
Noisy fitness of best good: 1018.0
Real fitness of best bad: 1016.0
Noisy fitness of best bad: 1016.0

l: 108
Real fitness of mutation winner: 917.0
Noisy fitness of mutation winner: 916.0
Crossover offspring real fitness: [1017.0, 1014.0, 1017.0, 1016.0, 1015.0, 1016.0, 1016.0, 1017.0, 1016.0, 1017.0, 1016.0, 1015.0, 1016.0, 1016.0, 1015.0, 1016.0, 1016.0, 1017.0, 1014.0, 1017.0, 1016.0, 1016.0, 1014.0, 1016.0, 1015.0, 1014.0, 1016.0, 1017.0, 1013.0, 1016.0, 1017.0, 1017.0, 1017.0, 1017.0, 1015.0, 1016.0, 1015.0, 1017.0, 1016.0, 1017.0, 1017.0, 1017.0, 1016.0, 1017.0, 1016.0, 1016.0, 1017.0, 1015.0, 1017.0, 1016.0, 1016.0, 1016.0, 1017.0, 1014.0, 1017.0, 1016.0, 1017.0, 1016.0, 1017.0, 1016.0, 1017.0, 1016.0, 1015.0, 1014.0, 1015.0, 1016.0, 1015.0, 1017.0, 1018.0, 1017.0, 1017.0, 1015.0, 1015.0, 1015.0, 1016.0, 1012.0, 1016.0, 1016.0, 1016.0, 1016.0, 1016.0, 1016.0, 1016.0, 1015.0, 1015.0, 1017.0, 1017.0, 1016.0, 1017.0, 1017.0, 1016.0, 1017.0, 1016.0, 1014.0, 1015.0, 1017.0, 1017.0, 1016.0, 1017.0, 1016.0, 1016.0]
Crossover offspring noisy fitness: [1017.0, 1014.0, 1017.0, 1016.0, 1015.0, 1016.0, 1016.0, 1017.0, 1016.0, 1017.0, 1016.0, 1015.0, 1016.0, 1016.0, 1015.0, 1016.0, 1016.0, 1017.0, 1014.0, 1017.0, 1016.0, 1016.0, 1014.0, 1015.0, 1015.0, 1013.0, 1016.0, 1017.0, 1013.0, 1016.0, 1017.0, 1017.0, 1017.0, 1017.0, 1015.0, 1016.0, 1015.0, 1017.0, 1016.0, 1017.0, 1017.0, 1017.0, 1016.0, 1017.0, 1016.0, 1015.0, 1017.0, 1015.0, 1017.0, 1016.0, 1016.0, 1016.0, 1017.0, 1014.0, 1016.0, 1016.0, 1017.0, 1015.0, 1017.0, 1016.0, 1017.0, 1016.0, 1015.0, 1014.0, 1015.0, 1016.0, 1015.0, 1017.0, 1018.0, 1016.0, 1017.0, 1014.0, 1015.0, 1015.0, 1016.0, 1012.0, 1016.0, 1016.0, 1016.0, 1016.0, 1016.0, 1016.0, 1016.0, 1015.0, 1015.0, 1017.0, 1017.0, 1016.0, 1017.0, 1017.0, 1016.0, 1017.0, 1016.0, 1014.0, 1015.0, 1017.0, 1016.0, 1016.0, 1017.0, 1016.0, 1016.0]
Is bad individual winner: 0
Real fitness of best good: 1018.0
Noisy fitness of best good: 1018.0
Real fitness of best bad: 1016.0
Noisy fitness of best bad: 1016.0

l: 116
Real fitness of mutation winner: 911.0
Noisy fitness of mutation winner: 911.0
Crossover offspring real fitness: [1016.0, 1018.0, 1016.0, 1015.0, 1018.0, 1015.0, 1015.0, 1016.0, 1014.0, 1017.0, 1016.0, 1015.0, 1018.0, 1017.0, 1017.0, 1017.0, 1017.0, 1016.0, 1015.0, 1016.0, 1015.0, 1014.0, 1017.0, 1016.0, 1016.0, 1017.0, 1016.0, 1016.0, 1016.0, 1016.0, 1017.0, 1017.0, 1012.0, 1017.0, 1017.0, 1016.0, 1017.0, 1015.0, 1017.0, 1017.0, 1017.0, 1014.0, 1017.0, 1017.0, 1017.0, 1016.0, 1017.0, 1016.0, 1016.0, 1016.0, 1016.0, 1017.0, 1014.0, 1016.0, 1017.0, 1017.0, 1016.0, 1016.0, 1014.0, 1016.0, 1017.0, 1016.0, 1016.0, 1017.0, 1015.0, 1016.0, 1016.0, 1017.0, 1017.0, 1016.0, 1010.0, 1015.0, 1016.0, 1015.0, 1015.0, 1016.0, 1015.0, 1016.0, 1016.0, 1017.0, 1015.0, 1016.0, 1016.0, 1017.0, 1017.0, 1017.0, 1016.0, 1015.0, 1014.0, 1016.0, 1015.0, 1017.0, 1016.0, 1015.0, 1016.0, 1016.0, 1016.0, 1016.0, 1018.0, 1015.0, 1016.0]
Crossover offspring noisy fitness: [1016.0, 1018.0, 1016.0, 1015.0, 1018.0, 1015.0, 1015.0, 1016.0, 1014.0, 1017.0, 1016.0, 1015.0, 1018.0, 1017.0, 1017.0, 1017.0, 1017.0, 1016.0, 1015.0, 1016.0, 1015.0, 1014.0, 1017.0, 1016.0, 1015.0, 1017.0, 1015.0, 1016.0, 1016.0, 1016.0, 1017.0, 1017.0, 1012.0, 1016.0, 1016.0, 1016.0, 1017.0, 1015.0, 1017.0, 1017.0, 1017.0, 1014.0, 1017.0, 1017.0, 1017.0, 1016.0, 1017.0, 1016.0, 1016.0, 1016.0, 1016.0, 1017.0, 1014.0, 1016.0, 1017.0, 1017.0, 1016.0, 1016.0, 1014.0, 1016.0, 1017.0, 1016.0, 1016.0, 1017.0, 1015.0, 1016.0, 1016.0, 1017.0, 1017.0, 1016.0, 1010.0, 1015.0, 1016.0, 1015.0, 1015.0, 1016.0, 1015.0, 1016.0, 1016.0, 1017.0, 1015.0, 1016.0, 1016.0, 1017.0, 1017.0, 1017.0, 1016.0, 1015.0, 1013.0, 1016.0, 1015.0, 1017.0, 1015.0, 1014.0, 1016.0, 1016.0, 1016.0, 1016.0, 1018.0, 1015.0, 1016.0]
Is bad individual winner: 0
Real fitness of best good: 1018.0
Noisy fitness of best good: 1018.0
Real fitness of best bad: 1016.0
Noisy fitness of best bad: 1016.0

l: 105
Real fitness of mutation winner: 918.0
Noisy fitness of mutation winner: 918.0
Crossover offspring real fitness: [1017.0, 1016.0, 1016.0, 1017.0, 1016.0, 1016.0, 1016.0, 1015.0, 1017.0, 1015.0, 1017.0, 1016.0, 1017.0, 1016.0, 1017.0, 1014.0, 1015.0, 1015.0, 1017.0, 1015.0, 1016.0, 1017.0, 1015.0, 1017.0, 1014.0, 1015.0, 1016.0, 1017.0, 1016.0, 1017.0, 1015.0, 1017.0, 1014.0, 1016.0, 1015.0, 1016.0, 1016.0, 1015.0, 1016.0, 1015.0, 1017.0, 1017.0, 1017.0, 1015.0, 1017.0, 1017.0, 1015.0, 1016.0, 1015.0, 1017.0, 1016.0, 1016.0, 1017.0, 1016.0, 1017.0, 1015.0, 1017.0, 1016.0, 1014.0, 1016.0, 1017.0, 1017.0, 1017.0, 1017.0, 1017.0, 1013.0, 1017.0, 1016.0, 1017.0, 1016.0, 1016.0, 1015.0, 1016.0, 1015.0, 1017.0, 1015.0, 1017.0, 1017.0, 1017.0, 1016.0, 1017.0, 1017.0, 1016.0, 1016.0, 1017.0, 1017.0, 1015.0, 1015.0, 1016.0, 1016.0, 1016.0, 1015.0, 1016.0, 1016.0, 1016.0, 1017.0, 1016.0, 1016.0, 1014.0, 1017.0, 1016.0]
Crossover offspring noisy fitness: [1016.0, 1016.0, 1016.0, 1017.0, 1016.0, 1016.0, 1016.0, 1015.0, 1017.0, 1015.0, 1017.0, 1016.0, 1017.0, 1016.0, 1017.0, 1014.0, 1015.0, 1015.0, 1017.0, 1015.0, 1016.0, 1017.0, 1015.0, 1017.0, 1014.0, 1015.0, 1016.0, 1017.0, 1016.0, 1017.0, 1015.0, 1017.0, 1014.0, 1016.0, 1014.0, 1016.0, 1016.0, 1015.0, 1016.0, 1015.0, 1017.0, 1017.0, 1017.0, 1015.0, 1017.0, 1017.0, 1015.0, 1016.0, 1015.0, 1017.0, 1016.0, 1016.0, 1017.0, 1016.0, 1017.0, 1015.0, 1017.0, 1016.0, 1014.0, 1016.0, 1017.0, 1017.0, 1017.0, 1017.0, 1017.0, 1013.0, 1017.0, 1016.0, 1017.0, 1016.0, 1016.0, 1015.0, 1016.0, 1015.0, 1017.0, 1014.0, 1017.0, 1017.0, 1017.0, 1016.0, 1017.0, 1017.0, 1016.0, 1016.0, 1017.0, 1017.0, 1014.0, 1015.0, 1016.0, 1016.0, 1016.0, 1015.0, 1016.0, 1015.0, 1016.0, 1017.0, 1016.0, 1016.0, 1014.0, 1017.0, 1016.0]
Is bad individual winner: 0
Real fitness of best good: 1017.0
Noisy fitness of best good: 1017.0
Real fitness of best bad: 1016.0
Noisy fitness of best bad: 1016.0

l: 111
Real fitness of mutation winner: 914.0
Noisy fitness of mutation winner: 915.0
Crossover offspring real fitness: [1016.0, 1015.0, 1017.0, 1015.0, 1017.0, 1016.0, 1016.0, 1017.0, 1017.0, 1013.0, 1015.0, 1017.0, 1016.0, 1017.0, 1015.0, 1017.0, 1017.0, 1015.0, 1015.0, 1017.0, 1017.0, 1015.0, 1017.0, 1017.0, 1017.0, 1017.0, 1017.0, 1018.0, 1017.0, 1017.0, 1015.0, 1016.0, 1016.0, 1015.0, 1017.0, 1016.0, 1016.0, 1017.0, 1016.0, 1016.0, 1014.0, 1015.0, 1016.0, 1016.0, 1017.0, 1015.0, 1016.0, 1017.0, 1016.0, 1016.0, 1017.0, 1015.0, 1017.0, 1017.0, 1017.0, 1015.0, 1016.0, 1016.0, 1017.0, 1016.0, 1014.0, 1018.0, 1016.0, 1017.0, 1014.0, 1016.0, 1016.0, 1017.0, 1016.0, 1016.0, 1016.0, 1016.0, 1017.0, 1016.0, 1015.0, 1015.0, 1015.0, 1016.0, 1016.0, 1016.0, 1017.0, 1016.0, 1015.0, 1015.0, 1015.0, 1016.0, 1017.0, 1017.0, 1015.0, 1017.0, 1017.0, 1016.0, 1015.0, 1016.0, 1015.0, 1013.0, 1018.0, 1017.0, 1017.0, 1015.0, 1017.0]
Crossover offspring noisy fitness: [1016.0, 1015.0, 1017.0, 1015.0, 1017.0, 1016.0, 1016.0, 1017.0, 1017.0, 1013.0, 1015.0, 1017.0, 1016.0, 1017.0, 1015.0, 1015.0, 1017.0, 1015.0, 1015.0, 1017.0, 1017.0, 1015.0, 1017.0, 1017.0, 1017.0, 1017.0, 1017.0, 1018.0, 1017.0, 1017.0, 1015.0, 1016.0, 1016.0, 1015.0, 1017.0, 1016.0, 1016.0, 1017.0, 1016.0, 1016.0, 1014.0, 1015.0, 1016.0, 1016.0, 1017.0, 1015.0, 1016.0, 1017.0, 1016.0, 1016.0, 1017.0, 1015.0, 1017.0, 1017.0, 1017.0, 1015.0, 1016.0, 1016.0, 1017.0, 1016.0, 1012.0, 1018.0, 1016.0, 1016.0, 1014.0, 1016.0, 1016.0, 1017.0, 1016.0, 1016.0, 1016.0, 1016.0, 1017.0, 1016.0, 1015.0, 1015.0, 1015.0, 1016.0, 1016.0, 1016.0, 1017.0, 1016.0, 1015.0, 1014.0, 1015.0, 1016.0, 1017.0, 1017.0, 1015.0, 1017.0, 1017.0, 1016.0, 1015.0, 1016.0, 1015.0, 1013.0, 1018.0, 1017.0, 1017.0, 1013.0, 1017.0]
Is bad individual winner: 0
Real fitness of best good: 1018.0
Noisy fitness of best good: 1018.0
Real fitness of best bad: 1016.0
Noisy fitness of best bad: 1016.0

l: 124
Real fitness of mutation winner: 901.0
Noisy fitness of mutation winner: 901.0
Crossover offspring real fitness: [1017.0, 1016.0, 1016.0, 1016.0, 1017.0, 1015.0, 1019.0, 1013.0, 1017.0, 1014.0, 1017.0, 1017.0, 1015.0, 1017.0, 1013.0, 1016.0, 1015.0, 1017.0, 1015.0, 1015.0, 1018.0, 1016.0, 1016.0, 1017.0, 1017.0, 1017.0, 1017.0, 1017.0, 1016.0, 1016.0, 1015.0, 1016.0, 1016.0, 1016.0, 1014.0, 1015.0, 1013.0, 1012.0, 1016.0, 1016.0, 1017.0, 1015.0, 1016.0, 1017.0, 1016.0, 1015.0, 1015.0, 1017.0, 1017.0, 1017.0, 1013.0, 1017.0, 1016.0, 1017.0, 1016.0, 1016.0, 1016.0, 1017.0, 1015.0, 1016.0, 1015.0, 1016.0, 1015.0, 1016.0, 1017.0, 1016.0, 1016.0, 1017.0, 1015.0, 1016.0, 1017.0, 1017.0, 1015.0, 1017.0, 1016.0, 1015.0, 1016.0, 1012.0, 1014.0, 1017.0, 1016.0, 1017.0, 1016.0, 1016.0, 1016.0, 1016.0, 1017.0, 1014.0, 1016.0, 1017.0, 1016.0, 1017.0, 1016.0, 1017.0, 1016.0, 1016.0, 1016.0, 1016.0, 1016.0, 1014.0, 1015.0]
Crossover offspring noisy fitness: [1017.0, 1016.0, 1016.0, 1016.0, 1017.0, 1015.0, 1019.0, 1013.0, 1017.0, 1014.0, 1017.0, 1017.0, 1015.0, 1017.0, 1013.0, 1016.0, 1015.0, 1017.0, 1015.0, 1015.0, 1018.0, 1016.0, 1016.0, 1017.0, 1017.0, 1017.0, 1017.0, 1017.0, 1016.0, 1016.0, 1015.0, 1016.0, 1016.0, 1016.0, 1014.0, 1015.0, 1013.0, 1012.0, 1016.0, 1015.0, 1017.0, 1015.0, 1016.0, 1017.0, 1016.0, 1015.0, 1014.0, 1017.0, 1017.0, 1017.0, 1013.0, 1017.0, 1016.0, 1017.0, 1016.0, 1015.0, 1015.0, 1017.0, 1015.0, 1016.0, 1015.0, 1016.0, 1015.0, 1016.0, 1017.0, 1016.0, 1016.0, 1017.0, 1014.0, 1016.0, 1017.0, 1017.0, 1015.0, 1017.0, 1016.0, 1014.0, 1016.0, 1012.0, 1014.0, 1017.0, 1016.0, 1017.0, 1016.0, 1016.0, 1015.0, 1016.0, 1017.0, 1014.0, 1016.0, 1017.0, 1016.0, 1017.0, 1016.0, 1017.0, 1015.0, 1016.0, 1016.0, 1016.0, 1016.0, 1014.0, 1015.0]
Is bad individual winner: 0
Real fitness of best good: 1019.0
Noisy fitness of best good: 1019.0
Real fitness of best bad: 1016.0
Noisy fitness of best bad: 1016.0

l: 96
Real fitness of mutation winner: 929.0
Noisy fitness of mutation winner: 928.0
Crossover offspring real fitness: [1015.0, 1016.0, 1016.0, 1017.0, 1017.0, 1014.0, 1016.0, 1015.0, 1015.0, 1015.0, 1016.0, 1016.0, 1018.0, 1015.0, 1016.0, 1013.0, 1015.0, 1016.0, 1016.0, 1017.0, 1017.0, 1017.0, 1016.0, 1017.0, 1017.0, 1015.0, 1015.0, 1014.0, 1015.0, 1017.0, 1017.0, 1017.0, 1016.0, 1016.0, 1014.0, 1016.0, 1017.0, 1015.0, 1017.0, 1017.0, 1017.0, 1016.0, 1015.0, 1015.0, 1017.0, 1015.0, 1014.0, 1016.0, 1017.0, 1016.0, 1016.0, 1017.0, 1018.0, 1017.0, 1015.0, 1017.0, 1015.0, 1017.0, 1017.0, 1016.0, 1017.0, 1014.0, 1016.0, 1017.0, 1016.0, 1017.0, 1017.0, 1017.0, 1016.0, 1017.0, 1015.0, 1017.0, 1017.0, 1015.0, 1016.0, 1016.0, 1017.0, 1017.0, 1017.0, 1016.0, 1014.0, 1017.0, 1016.0, 1015.0, 1016.0, 1016.0, 1016.0, 1016.0, 1016.0, 1017.0, 1017.0, 1017.0, 1017.0, 1016.0, 1017.0, 1015.0, 1017.0, 1016.0, 1015.0, 1014.0, 1016.0]
Crossover offspring noisy fitness: [1014.0, 1016.0, 1016.0, 1017.0, 1017.0, 1014.0, 1016.0, 1015.0, 1015.0, 1015.0, 1016.0, 1015.0, 1018.0, 1015.0, 1016.0, 1013.0, 1015.0, 1016.0, 1016.0, 1017.0, 1017.0, 1017.0, 1016.0, 1017.0, 1017.0, 1015.0, 1015.0, 1014.0, 1015.0, 1017.0, 1017.0, 1017.0, 1016.0, 1016.0, 1014.0, 1016.0, 1017.0, 1015.0, 1017.0, 1017.0, 1017.0, 1016.0, 1015.0, 1015.0, 1017.0, 1015.0, 1014.0, 1016.0, 1017.0, 1016.0, 1016.0, 1017.0, 1018.0, 1017.0, 1015.0, 1017.0, 1015.0, 1017.0, 1017.0, 1015.0, 1017.0, 1014.0, 1016.0, 1017.0, 1016.0, 1017.0, 1017.0, 1017.0, 1016.0, 1017.0, 1015.0, 1017.0, 1018.0, 1015.0, 1016.0, 1016.0, 1016.0, 1017.0, 1017.0, 1016.0, 1014.0, 1017.0, 1016.0, 1015.0, 1016.0, 1016.0, 1016.0, 1016.0, 1016.0, 1017.0, 1016.0, 1017.0, 1017.0, 1016.0, 1017.0, 1015.0, 1017.0, 1016.0, 1015.0, 1014.0, 1016.0]
Is bad individual winner: 0
Real fitness of best good: 1018.0
Noisy fitness of best good: 1018.0
Real fitness of best bad: 1016.0
Noisy fitness of best bad: 1016.0

l: 87
Real fitness of mutation winner: 936.0
Noisy fitness of mutation winner: 936.0
Crossover offspring real fitness: [1016.0, 1017.0, 1017.0, 1017.0, 1016.0, 1015.0, 1015.0, 1017.0, 1015.0, 1016.0, 1015.0, 1017.0, 1016.0, 1015.0, 1016.0, 1017.0, 1014.0, 1018.0, 1016.0, 1014.0, 1015.0, 1016.0, 1017.0, 1016.0, 1016.0, 1016.0, 1018.0, 1015.0, 1017.0, 1017.0, 1016.0, 1017.0, 1017.0, 1017.0, 1017.0, 1015.0, 1017.0, 1017.0, 1015.0, 1017.0, 1016.0, 1017.0, 1015.0, 1018.0, 1016.0, 1017.0, 1017.0, 1015.0, 1017.0, 1017.0, 1017.0, 1017.0, 1016.0, 1017.0, 1017.0, 1016.0, 1017.0, 1015.0, 1016.0, 1016.0, 1016.0, 1015.0, 1015.0, 1016.0, 1016.0, 1014.0, 1015.0, 1017.0, 1017.0, 1017.0, 1016.0, 1015.0, 1017.0, 1016.0, 1017.0, 1018.0, 1014.0, 1016.0, 1016.0, 1016.0, 1017.0, 1017.0, 1017.0, 1016.0, 1016.0, 1016.0, 1014.0, 1016.0, 1016.0, 1016.0, 1017.0, 1014.0, 1016.0, 1016.0, 1017.0, 1017.0, 1016.0, 1016.0, 1017.0, 1012.0, 1015.0]
Crossover offspring noisy fitness: [1016.0, 1017.0, 1017.0, 1016.0, 1016.0, 1015.0, 1015.0, 1017.0, 1015.0, 1016.0, 1015.0, 1017.0, 1016.0, 1015.0, 1016.0, 1016.0, 1014.0, 1018.0, 1016.0, 1014.0, 1015.0, 1016.0, 1017.0, 1016.0, 1016.0, 1016.0, 1018.0, 1015.0, 1017.0, 1017.0, 1016.0, 1017.0, 1017.0, 1017.0, 1017.0, 1015.0, 1017.0, 1017.0, 1015.0, 1017.0, 1016.0, 1017.0, 1015.0, 1018.0, 1016.0, 1017.0, 1017.0, 1015.0, 1017.0, 1017.0, 1017.0, 1017.0, 1016.0, 1017.0, 1017.0, 1016.0, 1017.0, 1015.0, 1016.0, 1016.0, 1016.0, 1015.0, 1015.0, 1016.0, 1016.0, 1014.0, 1015.0, 1017.0, 1016.0, 1017.0, 1016.0, 1015.0, 1017.0, 1016.0, 1017.0, 1018.0, 1014.0, 1016.0, 1016.0, 1016.0, 1017.0, 1017.0, 1017.0, 1016.0, 1016.0, 1016.0, 1014.0, 1016.0, 1016.0, 1016.0, 1017.0, 1014.0, 1016.0, 1016.0, 1017.0, 1017.0, 1016.0, 1016.0, 1017.0, 1012.0, 1015.0]
Is bad individual winner: 0
Real fitness of best good: 1018.0
Noisy fitness of best good: 1018.0
Real fitness of best bad: 1016.0
Noisy fitness of best bad: 1016.0

l: 101
Real fitness of mutation winner: 924.0
Noisy fitness of mutation winner: 923.0
Crossover offspring real fitness: [1016.0, 1017.0, 1017.0, 1016.0, 1017.0, 1015.0, 1016.0, 1017.0, 1016.0, 1017.0, 1016.0, 1017.0, 1016.0, 1014.0, 1016.0, 1017.0, 1017.0, 1014.0, 1017.0, 1017.0, 1016.0, 1015.0, 1017.0, 1015.0, 1017.0, 1017.0, 1015.0, 1016.0, 1016.0, 1016.0, 1016.0, 1016.0, 1016.0, 1016.0, 1016.0, 1017.0, 1017.0, 1014.0, 1017.0, 1017.0, 1016.0, 1016.0, 1017.0, 1015.0, 1017.0, 1016.0, 1016.0, 1015.0, 1016.0, 1015.0, 1016.0, 1017.0, 1016.0, 1016.0, 1015.0, 1015.0, 1015.0, 1016.0, 1017.0, 1016.0, 1015.0, 1016.0, 1017.0, 1016.0, 1017.0, 1015.0, 1015.0, 1017.0, 1014.0, 1016.0, 1016.0, 1015.0, 1016.0, 1016.0, 1016.0, 1017.0, 1016.0, 1017.0, 1017.0, 1017.0, 1015.0, 1014.0, 1016.0, 1017.0, 1015.0, 1016.0, 1017.0, 1015.0, 1017.0, 1017.0, 1017.0, 1017.0, 1017.0, 1017.0, 1015.0, 1017.0, 1016.0, 1016.0, 1016.0, 1018.0, 1015.0]
Crossover offspring noisy fitness: [1016.0, 1017.0, 1017.0, 1016.0, 1017.0, 1015.0, 1016.0, 1017.0, 1016.0, 1017.0, 1016.0, 1017.0, 1016.0, 1014.0, 1016.0, 1017.0, 1017.0, 1014.0, 1016.0, 1017.0, 1016.0, 1015.0, 1017.0, 1015.0, 1017.0, 1017.0, 1015.0, 1015.0, 1016.0, 1016.0, 1016.0, 1016.0, 1016.0, 1016.0, 1016.0, 1017.0, 1017.0, 1014.0, 1017.0, 1017.0, 1016.0, 1016.0, 1017.0, 1015.0, 1017.0, 1016.0, 1016.0, 1015.0, 1015.0, 1015.0, 1016.0, 1017.0, 1016.0, 1016.0, 1015.0, 1014.0, 1015.0, 1016.0, 1017.0, 1016.0, 1015.0, 1015.0, 1017.0, 1016.0, 1017.0, 1014.0, 1015.0, 1017.0, 1014.0, 1016.0, 1016.0, 1015.0, 1016.0, 1016.0, 1016.0, 1017.0, 1016.0, 1017.0, 1017.0, 1017.0, 1015.0, 1014.0, 1016.0, 1017.0, 1015.0, 1016.0, 1017.0, 1015.0, 1016.0, 1017.0, 1017.0, 1017.0, 1017.0, 1017.0, 1015.0, 1017.0, 1016.0, 1016.0, 1015.0, 1018.0, 1015.0]
Is bad individual winner: 0
Real fitness of best good: 1018.0
Noisy fitness of best good: 1018.0
Real fitness of best bad: 1016.0
Noisy fitness of best bad: 1016.0

l: 87
Real fitness of mutation winner: 936.0
Noisy fitness of mutation winner: 936.0
Crossover offspring real fitness: [1017.0, 1016.0, 1017.0, 1016.0, 1017.0, 1015.0, 1015.0, 1016.0, 1017.0, 1016.0, 1016.0, 1015.0, 1017.0, 1017.0, 1017.0, 1017.0, 1014.0, 1014.0, 1016.0, 1014.0, 1016.0, 1017.0, 1017.0, 1016.0, 1017.0, 1017.0, 1017.0, 1015.0, 1016.0, 1017.0, 1017.0, 1016.0, 1016.0, 1014.0, 1016.0, 1017.0, 1017.0, 1017.0, 1015.0, 1017.0, 1016.0, 1016.0, 1017.0, 1015.0, 1016.0, 1016.0, 1016.0, 1016.0, 1017.0, 1015.0, 1017.0, 1016.0, 1016.0, 1017.0, 1017.0, 1017.0, 1016.0, 1016.0, 1016.0, 1016.0, 1016.0, 1016.0, 1016.0, 1016.0, 1017.0, 1016.0, 1017.0, 1017.0, 1017.0, 1015.0, 1017.0, 1015.0, 1015.0, 1016.0, 1016.0, 1015.0, 1017.0, 1017.0, 1016.0, 1016.0, 1017.0, 1016.0, 1014.0, 1016.0, 1015.0, 1016.0, 1015.0, 1016.0, 1017.0, 1016.0, 1017.0, 1016.0, 1017.0, 1017.0, 1016.0, 1016.0, 1015.0, 1015.0, 1016.0, 1016.0, 1016.0]
Crossover offspring noisy fitness: [1017.0, 1016.0, 1017.0, 1016.0, 1016.0, 1015.0, 1015.0, 1016.0, 1017.0, 1016.0, 1016.0, 1015.0, 1017.0, 1017.0, 1017.0, 1017.0, 1014.0, 1014.0, 1016.0, 1014.0, 1016.0, 1017.0, 1017.0, 1015.0, 1017.0, 1017.0, 1017.0, 1015.0, 1016.0, 1017.0, 1017.0, 1016.0, 1016.0, 1014.0, 1016.0, 1017.0, 1017.0, 1017.0, 1015.0, 1017.0, 1016.0, 1016.0, 1017.0, 1015.0, 1016.0, 1016.0, 1016.0, 1016.0, 1017.0, 1015.0, 1017.0, 1015.0, 1016.0, 1017.0, 1017.0, 1017.0, 1016.0, 1016.0, 1016.0, 1016.0, 1016.0, 1016.0, 1016.0, 1016.0, 1017.0, 1016.0, 1017.0, 1017.0, 1017.0, 1015.0, 1017.0, 1015.0, 1015.0, 1016.0, 1016.0, 1015.0, 1017.0, 1017.0, 1016.0, 1016.0, 1017.0, 1016.0, 1014.0, 1016.0, 1015.0, 1016.0, 1015.0, 1016.0, 1017.0, 1016.0, 1017.0, 1016.0, 1017.0, 1017.0, 1016.0, 1016.0, 1015.0, 1015.0, 1016.0, 1016.0, 1016.0]
Is bad individual winner: 0
Real fitness of best good: 1017.0
Noisy fitness of best good: 1017.0
Real fitness of best bad: 1016.0
Noisy fitness of best bad: 1016.0

l: 99
Real fitness of mutation winner: 924.0
Noisy fitness of mutation winner: 924.0
Crossover offspring real fitness: [1016.0, 1015.0, 1016.0, 1014.0, 1015.0, 1015.0, 1016.0, 1016.0, 1017.0, 1016.0, 1016.0, 1017.0, 1017.0, 1017.0, 1017.0, 1018.0, 1017.0, 1015.0, 1017.0, 1015.0, 1017.0, 1015.0, 1017.0, 1016.0, 1017.0, 1017.0, 1016.0, 1016.0, 1017.0, 1017.0, 1017.0, 1013.0, 1013.0, 1015.0, 1016.0, 1016.0, 1016.0, 1017.0, 1014.0, 1017.0, 1017.0, 1017.0, 1016.0, 1016.0, 1016.0, 1015.0, 1016.0, 1017.0, 1017.0, 1017.0, 1016.0, 1017.0, 1017.0, 1017.0, 1017.0, 1016.0, 1014.0, 1016.0, 1016.0, 1016.0, 1016.0, 1015.0, 1015.0, 1014.0, 1016.0, 1016.0, 1015.0, 1017.0, 1016.0, 1016.0, 1016.0, 1017.0, 1016.0, 1017.0, 1015.0, 1017.0, 1016.0, 1016.0, 1015.0, 1016.0, 1017.0, 1017.0, 1016.0, 1017.0, 1015.0, 1014.0, 1014.0, 1014.0, 1016.0, 1015.0, 1016.0, 1017.0, 1015.0, 1014.0, 1015.0, 1017.0, 1016.0, 1016.0, 1017.0, 1016.0, 1017.0]
Crossover offspring noisy fitness: [1016.0, 1015.0, 1016.0, 1014.0, 1015.0, 1015.0, 1016.0, 1016.0, 1017.0, 1016.0, 1016.0, 1017.0, 1017.0, 1017.0, 1017.0, 1018.0, 1017.0, 1015.0, 1017.0, 1015.0, 1017.0, 1015.0, 1016.0, 1016.0, 1017.0, 1017.0, 1016.0, 1016.0, 1017.0, 1017.0, 1017.0, 1013.0, 1013.0, 1015.0, 1016.0, 1016.0, 1016.0, 1017.0, 1014.0, 1017.0, 1017.0, 1017.0, 1016.0, 1016.0, 1016.0, 1015.0, 1015.0, 1017.0, 1017.0, 1016.0, 1016.0, 1017.0, 1017.0, 1017.0, 1016.0, 1016.0, 1014.0, 1016.0, 1016.0, 1016.0, 1016.0, 1015.0, 1015.0, 1014.0, 1015.0, 1016.0, 1015.0, 1016.0, 1016.0, 1016.0, 1016.0, 1017.0, 1015.0, 1017.0, 1015.0, 1017.0, 1016.0, 1016.0, 1015.0, 1016.0, 1017.0, 1017.0, 1016.0, 1017.0, 1015.0, 1014.0, 1014.0, 1014.0, 1016.0, 1015.0, 1016.0, 1017.0, 1015.0, 1014.0, 1015.0, 1017.0, 1016.0, 1016.0, 1017.0, 1016.0, 1017.0]
Is bad individual winner: 0
Real fitness of best good: 1018.0
Noisy fitness of best good: 1018.0
Real fitness of best bad: 1016.0
Noisy fitness of best bad: 1016.0

l: 98
Real fitness of mutation winner: 927.0
Noisy fitness of mutation winner: 927.0
Crossover offspring real fitness: [1017.0, 1017.0, 1017.0, 1016.0, 1016.0, 1014.0, 1016.0, 1016.0, 1017.0, 1017.0, 1015.0, 1016.0, 1017.0, 1017.0, 1015.0, 1016.0, 1016.0, 1016.0, 1016.0, 1015.0, 1016.0, 1016.0, 1017.0, 1016.0, 1018.0, 1015.0, 1017.0, 1015.0, 1016.0, 1015.0, 1015.0, 1016.0, 1016.0, 1017.0, 1017.0, 1017.0, 1017.0, 1015.0, 1016.0, 1016.0, 1017.0, 1016.0, 1015.0, 1017.0, 1016.0, 1017.0, 1016.0, 1015.0, 1016.0, 1016.0, 1016.0, 1015.0, 1017.0, 1016.0, 1016.0, 1016.0, 1017.0, 1016.0, 1016.0, 1017.0, 1016.0, 1017.0, 1016.0, 1015.0, 1017.0, 1014.0, 1016.0, 1016.0, 1015.0, 1016.0, 1016.0, 1017.0, 1017.0, 1017.0, 1017.0, 1015.0, 1016.0, 1017.0, 1017.0, 1016.0, 1017.0, 1017.0, 1017.0, 1015.0, 1016.0, 1017.0, 1016.0, 1017.0, 1016.0, 1016.0, 1017.0, 1017.0, 1017.0, 1017.0, 1016.0, 1016.0, 1017.0, 1016.0, 1017.0, 1017.0, 1017.0]
Crossover offspring noisy fitness: [1016.0, 1017.0, 1017.0, 1016.0, 1015.0, 1014.0, 1016.0, 1015.0, 1017.0, 1017.0, 1015.0, 1016.0, 1017.0, 1017.0, 1015.0, 1016.0, 1015.0, 1016.0, 1014.0, 1015.0, 1016.0, 1016.0, 1017.0, 1016.0, 1018.0, 1015.0, 1017.0, 1015.0, 1016.0, 1015.0, 1015.0, 1016.0, 1016.0, 1017.0, 1017.0, 1017.0, 1017.0, 1015.0, 1016.0, 1016.0, 1017.0, 1016.0, 1015.0, 1017.0, 1016.0, 1017.0, 1016.0, 1015.0, 1016.0, 1016.0, 1016.0, 1015.0, 1016.0, 1016.0, 1016.0, 1015.0, 1017.0, 1016.0, 1016.0, 1017.0, 1016.0, 1017.0, 1016.0, 1015.0, 1017.0, 1014.0, 1016.0, 1016.0, 1015.0, 1016.0, 1016.0, 1017.0, 1017.0, 1017.0, 1017.0, 1015.0, 1016.0, 1017.0, 1017.0, 1015.0, 1017.0, 1017.0, 1017.0, 1015.0, 1016.0, 1017.0, 1016.0, 1017.0, 1016.0, 1016.0, 1017.0, 1017.0, 1017.0, 1017.0, 1016.0, 1015.0, 1016.0, 1015.0, 1017.0, 1017.0, 1017.0]
Is bad individual winner: 0
Real fitness of best good: 1018.0
Noisy fitness of best good: 1018.0
Real fitness of best bad: 1016.0
Noisy fitness of best bad: 1016.0

