l: 18
Fitness of mutation winner: 72.0
Crossover offspring real fitness: [63.0, 65.0, 64.0, 64.0, 64.0, 64.0, 64.0, 64.0, 65.0, 65.0, 65.0, 66.0, 64.0, 65.0, 64.0, 66.0, 65.0, 64.0, 65.0, 64.0, 64.0, 65.0, 64.0, 63.0, 64.0]
Crossover offspring noisy fitness: [63.0, 65.0, 64.0, 64.0, 64.0, 64.0, 64.0, 64.0, 65.0, 65.0, 65.0, 66.0, 64.0, 65.0, 64.0, 66.0, 65.0, 64.0, 65.0, 64.0, 64.0, 65.0, 64.0, 63.0, 64.0]

l: 21
Fitness of mutation winner: 74.0
Crossover offspring real fitness: [65.0, 64.0, 65.0, 66.0, 66.0, 64.0, 64.0, 65.0, 64.0, 66.0, 64.0, 65.0, 65.0, 64.0, 68.0, 64.0, 64.0, 64.0, 64.0, 64.0, 66.0, 64.0, 64.0, 65.0, 63.0]
Crossover offspring noisy fitness: [65.0, 64.0, 65.0, 66.0, 66.0, 64.0, 64.0, 65.0, 64.0, 66.0, 64.0, 65.0, 65.0, 64.0, 68.0, 64.0, 64.0, 64.0, 64.0, 64.0, 66.0, 64.0, 64.0, 65.0, 63.0]

l: 29
Fitness of mutation winner: 71.0
Crossover offspring real fitness: [64.0, 63.0, 64.0, 63.0, 65.0, 64.0, 64.0, 65.0, 62.0, 64.0, 66.0, 65.0, 65.0, 63.0, 64.0, 64.0, 64.0, 64.0, 65.0, 64.0, 63.0, 66.0, 65.0, 63.0, 66.0]
Crossover offspring noisy fitness: [64.0, 63.0, 64.0, 63.0, 65.0, 64.0, 64.0, 65.0, 62.0, 64.0, 66.0, 65.0, 65.0, 63.0, 64.0, 64.0, 64.0, 64.0, 65.0, 64.0, 63.0, 66.0, 65.0, 63.0, 66.0]

l: 22
Fitness of mutation winner: 70.0
Crossover offspring real fitness: [64.0, 65.0, 63.0, 66.0, 63.0, 66.0, 63.0, 65.0, 64.0, 63.0, 63.0, 65.0, 62.0, 64.0, 64.0, 64.0, 64.0, 65.0, 64.0, 64.0, 65.0, 64.0, 64.0, 64.0, 65.0]
Crossover offspring noisy fitness: [64.0, 65.0, 63.0, 66.0, 63.0, 66.0, 62.0, 65.0, 64.0, 63.0, 64.0, 65.0, 62.0, 64.0, 64.0, 64.0, 64.0, 65.0, 64.0, 64.0, 65.0, 64.0, 64.0, 64.0, 65.0]

l: 23
Fitness of mutation winner: 73.0
Crossover offspring real fitness: [65.0, 64.0, 64.0, 64.0, 65.0, 65.0, 64.0, 66.0, 65.0, 64.0, 64.0, 66.0, 65.0, 64.0, 65.0, 66.0, 65.0, 63.0, 64.0, 64.0, 64.0, 64.0, 64.0, 65.0, 64.0]
Crossover offspring noisy fitness: [65.0, 64.0, 64.0, 64.0, 65.0, 65.0, 64.0, 66.0, 65.0, 64.0, 64.0, 66.0, 65.0, 64.0, 65.0, 66.0, 65.0, 63.0, 64.0, 64.0, 64.0, 64.0, 64.0, 64.0, 64.0]

l: 20
Fitness of mutation winner: 72.0
Crossover offspring real fitness: [64.0, 65.0, 65.0, 64.0, 64.0, 66.0, 64.0, 64.0, 65.0, 64.0, 64.0, 65.0, 63.0, 64.0, 66.0, 64.0, 65.0, 65.0, 65.0, 64.0, 64.0, 63.0, 65.0, 64.0, 65.0]
Crossover offspring noisy fitness: [64.0, 65.0, 65.0, 64.0, 64.0, 66.0, 64.0, 64.0, 65.0, 64.0, 64.0, 65.0, 63.0, 64.0, 66.0, 64.0, 65.0, 65.0, 65.0, 64.0, 65.0, 63.0, 65.0, 64.0, 65.0]

l: 26
Fitness of mutation winner: 72.0
Crossover offspring real fitness: [66.0, 64.0, 64.0, 65.0, 65.0, 64.0, 64.0, 64.0, 64.0, 64.0, 64.0, 63.0, 64.0, 64.0, 64.0, 64.0, 65.0, 65.0, 65.0, 64.0, 64.0, 64.0, 64.0, 63.0, 66.0]
Crossover offspring noisy fitness: [66.0, 64.0, 64.0, 65.0, 65.0, 64.0, 65.0, 64.0, 64.0, 64.0, 64.0, 63.0, 64.0, 64.0, 64.0, 64.0, 65.0, 65.0, 65.0, 64.0, 64.0, 63.0, 64.0, 63.0, 65.0]

l: 23
Fitness of mutation winner: 73.0
Crossover offspring real fitness: [65.0, 65.0, 65.0, 65.0, 64.0, 64.0, 63.0, 64.0, 64.0, 64.0, 65.0, 64.0, 63.0, 63.0, 64.0, 65.0, 64.0, 64.0, 65.0, 64.0, 65.0, 63.0, 64.0, 65.0, 64.0]
Crossover offspring noisy fitness: [66.0, 65.0, 65.0, 65.0, 64.0, 64.0, 63.0, 64.0, 64.0, 64.0, 66.0, 64.0, 63.0, 63.0, 64.0, 65.0, 64.0, 64.0, 65.0, 64.0, 65.0, 63.0, 64.0, 65.0, 64.0]

l: 24
Fitness of mutation winner: 74.0
Crossover offspring real fitness: [63.0, 65.0, 64.0, 65.0, 65.0, 64.0, 64.0, 64.0, 65.0, 64.0, 64.0, 66.0, 64.0, 64.0, 64.0, 64.0, 62.0, 64.0, 63.0, 65.0, 64.0, 62.0, 64.0, 65.0, 64.0]
Crossover offspring noisy fitness: [63.0, 64.0, 64.0, 65.0, 65.0, 64.0, 64.0, 64.0, 65.0, 64.0, 64.0, 66.0, 64.0, 64.0, 64.0, 65.0, 62.0, 64.0, 63.0, 66.0, 64.0, 62.0, 65.0, 65.0, 64.0]

l: 34
Fitness of mutation winner: 71.0
Crossover offspring real fitness: [64.0, 64.0, 66.0, 64.0, 64.0, 64.0, 65.0, 65.0, 65.0, 64.0, 62.0, 63.0, 64.0, 66.0, 63.0, 63.0, 64.0, 64.0, 62.0, 64.0, 65.0, 64.0, 65.0, 65.0, 64.0]
Crossover offspring noisy fitness: [64.0, 64.0, 66.0, 64.0, 64.0, 64.0, 65.0, 65.0, 65.0, 64.0, 62.0, 63.0, 64.0, 66.0, 63.0, 62.0, 64.0, 64.0, 62.0, 64.0, 65.0, 64.0, 65.0, 65.0, 64.0]

l: 27
Fitness of mutation winner: 71.0
Crossover offspring real fitness: [65.0, 65.0, 64.0, 65.0, 67.0, 65.0, 65.0, 65.0, 65.0, 65.0, 66.0, 64.0, 64.0, 64.0, 64.0, 65.0, 64.0, 63.0, 65.0, 65.0, 65.0, 64.0, 64.0, 64.0, 69.0]
Crossover offspring noisy fitness: [65.0, 65.0, 64.0, 65.0, 67.0, 65.0, 65.0, 65.0, 65.0, 65.0, 66.0, 64.0, 64.0, 64.0, 64.0, 65.0, 64.0, 63.0, 65.0, 65.0, 65.0, 64.0, 64.0, 64.0, 69.0]

l: 22
Fitness of mutation winner: 72.0
Crossover offspring real fitness: [63.0, 65.0, 65.0, 64.0, 64.0, 63.0, 64.0, 64.0, 63.0, 64.0, 64.0, 65.0, 65.0, 65.0, 64.0, 63.0, 64.0, 65.0, 65.0, 64.0, 65.0, 65.0, 64.0, 65.0, 65.0]
Crossover offspring noisy fitness: [63.0, 65.0, 65.0, 64.0, 64.0, 63.0, 64.0, 64.0, 63.0, 64.0, 64.0, 65.0, 65.0, 65.0, 64.0, 63.0, 65.0, 65.0, 65.0, 64.0, 65.0, 65.0, 64.0, 65.0, 65.0]

l: 24
Fitness of mutation winner: 72.0
Crossover offspring real fitness: [64.0, 66.0, 65.0, 64.0, 65.0, 64.0, 66.0, 65.0, 64.0, 64.0, 63.0, 64.0, 64.0, 67.0, 64.0, 64.0, 65.0, 63.0, 64.0, 65.0, 65.0, 66.0, 65.0, 64.0, 64.0]
Crossover offspring noisy fitness: [64.0, 66.0, 65.0, 64.0, 65.0, 64.0, 66.0, 65.0, 64.0, 64.0, 63.0, 64.0, 65.0, 67.0, 64.0, 64.0, 65.0, 63.0, 64.0, 65.0, 65.0, 66.0, 65.0, 64.0, 64.0]

l: 26
Fitness of mutation winner: 72.0
Crossover offspring real fitness: [63.0, 64.0, 64.0, 65.0, 63.0, 65.0, 64.0, 65.0, 64.0, 64.0, 65.0, 66.0, 64.0, 64.0, 64.0, 64.0, 64.0, 64.0, 63.0, 64.0, 64.0, 64.0, 64.0, 64.0, 65.0]
Crossover offspring noisy fitness: [63.0, 64.0, 64.0, 65.0, 63.0, 65.0, 64.0, 65.0, 64.0, 64.0, 65.0, 66.0, 64.0, 64.0, 64.0, 64.0, 64.0, 64.0, 63.0, 64.0, 64.0, 65.0, 64.0, 64.0, 65.0]

l: 21
Fitness of mutation winner: 75.0
Crossover offspring real fitness: [65.0, 64.0, 66.0, 64.0, 66.0, 64.0, 65.0, 64.0, 65.0, 64.0, 66.0, 64.0, 63.0, 64.0, 64.0, 64.0, 64.0, 64.0, 64.0, 64.0, 64.0, 65.0, 66.0, 64.0, 64.0]
Crossover offspring noisy fitness: [65.0, 64.0, 66.0, 64.0, 66.0, 64.0, 65.0, 64.0, 65.0, 64.0, 66.0, 64.0, 63.0, 64.0, 64.0, 64.0, 64.0, 64.0, 64.0, 64.0, 64.0, 65.0, 66.0, 64.0, 64.0]

l: 24
Fitness of mutation winner: 72.0
Crossover offspring real fitness: [64.0, 65.0, 66.0, 65.0, 66.0, 65.0, 65.0, 64.0, 65.0, 66.0, 64.0, 64.0, 66.0, 64.0, 64.0, 64.0, 64.0, 63.0, 65.0, 64.0, 65.0, 65.0, 64.0, 65.0, 65.0]
Crossover offspring noisy fitness: [64.0, 65.0, 66.0, 65.0, 66.0, 65.0, 65.0, 64.0, 65.0, 66.0, 64.0, 64.0, 66.0, 64.0, 64.0, 64.0, 64.0, 63.0, 65.0, 64.0, 66.0, 65.0, 64.0, 65.0, 65.0]

l: 24
Fitness of mutation winner: 76.0
Crossover offspring real fitness: [62.0, 64.0, 63.0, 64.0, 65.0, 64.0, 65.0, 65.0, 65.0, 64.0, 64.0, 64.0, 64.0, 65.0, 66.0, 65.0, 64.0, 65.0, 65.0, 64.0, 65.0, 65.0, 64.0, 64.0, 64.0]
Crossover offspring noisy fitness: [62.0, 64.0, 64.0, 64.0, 65.0, 64.0, 65.0, 65.0, 65.0, 64.0, 64.0, 64.0, 64.0, 65.0, 66.0, 65.0, 64.0, 65.0, 64.0, 64.0, 65.0, 65.0, 65.0, 64.0, 64.0]

l: 32
Fitness of mutation winner: 72.0
Crossover offspring real fitness: [64.0, 64.0, 63.0, 64.0, 64.0, 64.0, 65.0, 65.0, 64.0, 65.0, 64.0, 65.0, 64.0, 65.0, 65.0, 64.0, 63.0, 65.0, 66.0, 65.0, 64.0, 65.0, 65.0, 64.0, 65.0]
Crossover offspring noisy fitness: [64.0, 64.0, 63.0, 64.0, 64.0, 65.0, 65.0, 65.0, 64.0, 65.0, 64.0, 65.0, 64.0, 64.0, 65.0, 64.0, 63.0, 65.0, 66.0, 65.0, 64.0, 65.0, 65.0, 64.0, 65.0]

l: 25
Fitness of mutation winner: 75.0
Crossover offspring real fitness: [64.0, 64.0, 65.0, 63.0, 64.0, 65.0, 64.0, 65.0, 64.0, 64.0, 63.0, 63.0, 63.0, 66.0, 65.0, 66.0, 64.0, 65.0, 63.0, 65.0, 65.0, 64.0, 64.0, 64.0, 65.0]
Crossover offspring noisy fitness: [64.0, 65.0, 66.0, 63.0, 65.0, 65.0, 64.0, 65.0, 64.0, 64.0, 63.0, 63.0, 63.0, 65.0, 65.0, 66.0, 64.0, 65.0, 63.0, 65.0, 65.0, 64.0, 64.0, 64.0, 65.0]

l: 23
Fitness of mutation winner: 77.0
Crossover offspring real fitness: [64.0, 65.0, 66.0, 65.0, 65.0, 64.0, 67.0, 66.0, 63.0, 64.0, 66.0, 65.0, 65.0, 64.0, 64.0, 65.0, 64.0, 65.0, 65.0, 65.0, 65.0, 64.0, 64.0, 64.0, 63.0]
Crossover offspring noisy fitness: [64.0, 65.0, 66.0, 65.0, 65.0, 64.0, 67.0, 66.0, 63.0, 64.0, 66.0, 65.0, 65.0, 64.0, 64.0, 65.0, 64.0, 65.0, 65.0, 65.0, 65.0, 64.0, 64.0, 64.0, 63.0]

l: 28
Fitness of mutation winner: 70.0
Crossover offspring real fitness: [64.0, 65.0, 64.0, 66.0, 63.0, 64.0, 64.0, 64.0, 64.0, 64.0, 62.0, 65.0, 64.0, 64.0, 64.0, 64.0, 65.0, 64.0, 67.0, 64.0, 64.0, 65.0, 63.0, 64.0, 64.0]
Crossover offspring noisy fitness: [64.0, 65.0, 64.0, 66.0, 63.0, 64.0, 64.0, 64.0, 64.0, 64.0, 62.0, 65.0, 64.0, 64.0, 64.0, 64.0, 65.0, 64.0, 67.0, 64.0, 64.0, 65.0, 63.0, 64.0, 64.0]

l: 30
Fitness of mutation winner: 70.0
Crossover offspring real fitness: [63.0, 65.0, 65.0, 63.0, 63.0, 63.0, 64.0, 64.0, 66.0, 64.0, 65.0, 64.0, 66.0, 65.0, 64.0, 63.0, 65.0, 64.0, 63.0, 64.0, 64.0, 64.0, 62.0, 65.0, 63.0]
Crossover offspring noisy fitness: [63.0, 65.0, 65.0, 63.0, 64.0, 63.0, 64.0, 64.0, 66.0, 64.0, 65.0, 64.0, 66.0, 65.0, 64.0, 63.0, 65.0, 64.0, 64.0, 64.0, 64.0, 64.0, 62.0, 65.0, 63.0]

l: 26
Fitness of mutation winner: 74.0
Crossover offspring real fitness: [66.0, 64.0, 64.0, 64.0, 65.0, 65.0, 66.0, 64.0, 64.0, 63.0, 65.0, 65.0, 65.0, 64.0, 66.0, 63.0, 64.0, 64.0, 66.0, 64.0, 65.0, 65.0, 63.0, 65.0, 66.0]
Crossover offspring noisy fitness: [66.0, 64.0, 64.0, 64.0, 65.0, 64.0, 66.0, 64.0, 64.0, 63.0, 65.0, 65.0, 65.0, 64.0, 66.0, 63.0, 64.0, 64.0, 66.0, 64.0, 65.0, 65.0, 63.0, 65.0, 66.0]

l: 30
Fitness of mutation winner: 76.0
Crossover offspring real fitness: [63.0, 64.0, 64.0, 66.0, 64.0, 64.0, 64.0, 64.0, 62.0, 68.0, 65.0, 64.0, 64.0, 65.0, 64.0, 63.0, 63.0, 64.0, 63.0, 65.0, 65.0, 64.0, 65.0, 63.0, 65.0]
Crossover offspring noisy fitness: [63.0, 64.0, 64.0, 66.0, 64.0, 64.0, 64.0, 64.0, 62.0, 68.0, 65.0, 64.0, 64.0, 65.0, 65.0, 63.0, 63.0, 64.0, 63.0, 65.0, 65.0, 64.0, 65.0, 63.0, 65.0]

l: 25
Fitness of mutation winner: 73.0
Crossover offspring real fitness: [66.0, 66.0, 64.0, 65.0, 65.0, 64.0, 64.0, 65.0, 64.0, 65.0, 63.0, 65.0, 64.0, 63.0, 64.0, 64.0, 64.0, 64.0, 64.0, 64.0, 65.0, 65.0, 64.0, 65.0, 63.0]
Crossover offspring noisy fitness: [66.0, 66.0, 64.0, 65.0, 65.0, 64.0, 64.0, 65.0, 64.0, 65.0, 63.0, 65.0, 64.0, 63.0, 64.0, 64.0, 64.0, 64.0, 64.0, 64.0, 65.0, 64.0, 64.0, 65.0, 63.0]

l: 25
Fitness of mutation winner: 71.0
Crossover offspring real fitness: [64.0, 65.0, 64.0, 64.0, 65.0, 65.0, 63.0, 63.0, 63.0, 63.0, 65.0, 64.0, 64.0, 64.0, 65.0, 65.0, 66.0, 64.0, 65.0, 65.0, 64.0, 64.0, 66.0, 63.0, 64.0]
Crossover offspring noisy fitness: [64.0, 65.0, 64.0, 64.0, 65.0, 65.0, 63.0, 63.0, 63.0, 63.0, 65.0, 64.0, 64.0, 65.0, 65.0, 65.0, 66.0, 64.0, 65.0, 65.0, 64.0, 64.0, 66.0, 63.0, 64.0]

l: 26
Fitness of mutation winner: 76.0
Crossover offspring real fitness: [65.0, 63.0, 66.0, 65.0, 63.0, 64.0, 64.0, 63.0, 66.0, 63.0, 65.0, 64.0, 64.0, 65.0, 64.0, 64.0, 66.0, 65.0, 63.0, 64.0, 64.0, 64.0, 64.0, 64.0, 64.0]
Crossover offspring noisy fitness: [65.0, 63.0, 66.0, 65.0, 63.0, 64.0, 64.0, 63.0, 66.0, 63.0, 65.0, 64.0, 64.0, 65.0, 64.0, 64.0, 66.0, 65.0, 62.0, 65.0, 64.0, 64.0, 64.0, 64.0, 64.0]

l: 27
Fitness of mutation winner: 71.0
Crossover offspring real fitness: [64.0, 64.0, 66.0, 64.0, 64.0, 66.0, 64.0, 64.0, 65.0, 63.0, 65.0, 64.0, 64.0, 65.0, 64.0, 64.0, 63.0, 64.0, 65.0, 61.0, 63.0, 65.0, 66.0, 64.0, 66.0]
Crossover offspring noisy fitness: [64.0, 64.0, 66.0, 64.0, 64.0, 66.0, 64.0, 64.0, 66.0, 63.0, 65.0, 64.0, 64.0, 65.0, 64.0, 64.0, 63.0, 64.0, 65.0, 61.0, 63.0, 65.0, 66.0, 64.0, 66.0]

l: 22
Fitness of mutation winner: 72.0
Crossover offspring real fitness: [64.0, 66.0, 64.0, 64.0, 63.0, 64.0, 66.0, 63.0, 65.0, 65.0, 67.0, 65.0, 64.0, 63.0, 63.0, 65.0, 64.0, 64.0, 65.0, 64.0, 65.0, 64.0, 65.0, 64.0, 64.0]
Crossover offspring noisy fitness: [64.0, 66.0, 64.0, 64.0, 63.0, 64.0, 66.0, 63.0, 65.0, 65.0, 67.0, 65.0, 64.0, 63.0, 62.0, 65.0, 64.0, 64.0, 65.0, 64.0, 65.0, 65.0, 65.0, 64.0, 64.0]

l: 32
Fitness of mutation winner: 76.0
Crossover offspring real fitness: [62.0, 66.0, 63.0, 65.0, 63.0, 64.0, 64.0, 64.0, 66.0, 62.0, 64.0, 63.0, 66.0, 64.0, 66.0, 66.0, 66.0, 65.0, 64.0, 65.0, 65.0, 64.0, 67.0, 66.0, 63.0]
Crossover offspring noisy fitness: [63.0, 66.0, 63.0, 65.0, 63.0, 64.0, 64.0, 64.0, 66.0, 62.0, 64.0, 63.0, 66.0, 65.0, 66.0, 66.0, 66.0, 65.0, 64.0, 65.0, 64.0, 64.0, 67.0, 66.0, 63.0]

l: 21
Fitness of mutation winner: 73.0
Crossover offspring real fitness: [64.0, 65.0, 65.0, 64.0, 64.0, 65.0, 65.0, 63.0, 65.0, 64.0, 64.0, 64.0, 64.0, 64.0, 62.0, 64.0, 64.0, 63.0, 64.0, 65.0, 65.0, 61.0, 64.0, 65.0, 63.0]
Crossover offspring noisy fitness: [64.0, 65.0, 65.0, 64.0, 64.0, 65.0, 65.0, 63.0, 65.0, 64.0, 64.0, 64.0, 64.0, 64.0, 61.0, 64.0, 64.0, 63.0, 64.0, 65.0, 65.0, 61.0, 64.0, 65.0, 63.0]

l: 23
Fitness of mutation winner: 75.0
Crossover offspring real fitness: [62.0, 64.0, 65.0, 63.0, 64.0, 66.0, 67.0, 64.0, 64.0, 66.0, 65.0, 67.0, 65.0, 64.0, 64.0, 63.0, 64.0, 65.0, 64.0, 64.0, 64.0, 63.0, 65.0, 64.0, 64.0]
Crossover offspring noisy fitness: [62.0, 64.0, 65.0, 62.0, 64.0, 66.0, 67.0, 64.0, 64.0, 66.0, 65.0, 67.0, 65.0, 64.0, 64.0, 63.0, 64.0, 65.0, 64.0, 64.0, 64.0, 64.0, 65.0, 64.0, 64.0]

l: 23
Fitness of mutation winner: 77.0
Crossover offspring real fitness: [65.0, 66.0, 64.0, 65.0, 64.0, 65.0, 65.0, 64.0, 64.0, 65.0, 64.0, 63.0, 64.0, 63.0, 64.0, 65.0, 67.0, 66.0, 65.0, 64.0, 63.0, 64.0, 64.0, 66.0, 64.0]
Crossover offspring noisy fitness: [65.0, 66.0, 64.0, 65.0, 64.0, 65.0, 65.0, 64.0, 64.0, 65.0, 64.0, 63.0, 64.0, 63.0, 64.0, 65.0, 67.0, 66.0, 65.0, 64.0, 63.0, 64.0, 64.0, 67.0, 64.0]

l: 29
Fitness of mutation winner: 73.0
Crossover offspring real fitness: [64.0, 66.0, 64.0, 64.0, 63.0, 65.0, 64.0, 64.0, 66.0, 64.0, 66.0, 62.0, 64.0, 67.0, 63.0, 65.0, 64.0, 66.0, 65.0, 63.0, 65.0, 63.0, 64.0, 63.0, 63.0]
Crossover offspring noisy fitness: [65.0, 66.0, 64.0, 64.0, 62.0, 66.0, 64.0, 64.0, 66.0, 64.0, 66.0, 62.0, 64.0, 67.0, 63.0, 66.0, 64.0, 66.0, 65.0, 63.0, 65.0, 63.0, 64.0, 63.0, 63.0]

l: 14
Fitness of mutation winner: 68.0
Crossover offspring real fitness: [64.0, 65.0, 63.0, 64.0, 64.0, 64.0, 63.0, 64.0, 65.0, 64.0, 65.0, 64.0, 65.0, 64.0, 64.0, 64.0, 64.0, 64.0, 65.0, 64.0, 64.0, 65.0, 64.0, 64.0, 64.0]
Crossover offspring noisy fitness: [64.0, 65.0, 63.0, 64.0, 64.0, 64.0, 63.0, 64.0, 65.0, 64.0, 65.0, 64.0, 65.0, 64.0, 64.0, 64.0, 64.0, 64.0, 65.0, 64.0, 64.0, 65.0, 64.0, 64.0, 64.0]

l: 19
Fitness of mutation winner: 71.0
Crossover offspring real fitness: [64.0, 65.0, 65.0, 63.0, 65.0, 64.0, 64.0, 65.0, 65.0, 64.0, 64.0, 63.0, 65.0, 64.0, 63.0, 63.0, 65.0, 64.0, 64.0, 66.0, 65.0, 64.0, 63.0, 63.0, 65.0]
Crossover offspring noisy fitness: [64.0, 65.0, 65.0, 63.0, 65.0, 64.0, 64.0, 65.0, 65.0, 64.0, 64.0, 63.0, 65.0, 64.0, 63.0, 63.0, 65.0, 64.0, 64.0, 66.0, 65.0, 64.0, 63.0, 63.0, 65.0]

l: 23
Fitness of mutation winner: 71.0
Crossover offspring real fitness: [63.0, 65.0, 64.0, 64.0, 63.0, 64.0, 66.0, 64.0, 64.0, 63.0, 64.0, 64.0, 66.0, 64.0, 65.0, 65.0, 64.0, 64.0, 64.0, 63.0, 65.0, 64.0, 64.0, 66.0, 65.0]
Crossover offspring noisy fitness: [63.0, 65.0, 64.0, 64.0, 63.0, 64.0, 66.0, 64.0, 64.0, 63.0, 64.0, 64.0, 66.0, 64.0, 65.0, 65.0, 64.0, 64.0, 64.0, 63.0, 65.0, 64.0, 64.0, 66.0, 65.0]

l: 21
Fitness of mutation winner: 71.0
Crossover offspring real fitness: [65.0, 64.0, 68.0, 64.0, 64.0, 64.0, 64.0, 64.0, 64.0, 65.0, 62.0, 64.0, 64.0, 64.0, 62.0, 64.0, 65.0, 63.0, 66.0, 66.0, 64.0, 63.0, 65.0, 64.0, 65.0]
Crossover offspring noisy fitness: [65.0, 64.0, 68.0, 64.0, 64.0, 64.0, 64.0, 64.0, 64.0, 65.0, 62.0, 64.0, 64.0, 64.0, 62.0, 64.0, 65.0, 63.0, 66.0, 66.0, 64.0, 63.0, 65.0, 65.0, 65.0]

l: 23
Fitness of mutation winner: 73.0
Crossover offspring real fitness: [64.0, 64.0, 63.0, 65.0, 66.0, 65.0, 61.0, 64.0, 64.0, 64.0, 65.0, 64.0, 63.0, 65.0, 64.0, 63.0, 65.0, 64.0, 65.0, 63.0, 65.0, 65.0, 64.0, 65.0, 63.0]
Crossover offspring noisy fitness: [64.0, 64.0, 63.0, 65.0, 66.0, 65.0, 61.0, 65.0, 64.0, 64.0, 65.0, 64.0, 63.0, 65.0, 64.0, 63.0, 65.0, 64.0, 65.0, 63.0, 65.0, 65.0, 64.0, 65.0, 63.0]

l: 30
Fitness of mutation winner: 72.0
Crossover offspring real fitness: [63.0, 64.0, 63.0, 65.0, 65.0, 64.0, 64.0, 64.0, 65.0, 64.0, 63.0, 65.0, 65.0, 66.0, 65.0, 64.0, 64.0, 64.0, 65.0, 65.0, 65.0, 64.0, 64.0, 66.0, 63.0]
Crossover offspring noisy fitness: [63.0, 64.0, 63.0, 65.0, 65.0, 64.0, 64.0, 64.0, 65.0, 64.0, 63.0, 65.0, 65.0, 66.0, 65.0, 64.0, 64.0, 64.0, 65.0, 65.0, 65.0, 64.0, 64.0, 66.0, 63.0]

l: 26
Fitness of mutation winner: 74.0
Crossover offspring real fitness: [64.0, 64.0, 65.0, 66.0, 65.0, 65.0, 63.0, 65.0, 65.0, 63.0, 64.0, 65.0, 65.0, 65.0, 65.0, 64.0, 65.0, 65.0, 65.0, 64.0, 65.0, 64.0, 64.0, 65.0, 63.0]
Crossover offspring noisy fitness: [64.0, 64.0, 65.0, 66.0, 65.0, 65.0, 63.0, 65.0, 65.0, 63.0, 64.0, 65.0, 65.0, 65.0, 65.0, 64.0, 65.0, 65.0, 65.0, 64.0, 65.0, 64.0, 64.0, 65.0, 63.0]

l: 23
Fitness of mutation winner: 71.0
Crossover offspring real fitness: [64.0, 66.0, 64.0, 64.0, 64.0, 64.0, 64.0, 65.0, 64.0, 65.0, 65.0, 65.0, 64.0, 63.0, 65.0, 64.0, 63.0, 65.0, 63.0, 65.0, 65.0, 64.0, 67.0, 66.0, 63.0]
Crossover offspring noisy fitness: [64.0, 66.0, 64.0, 64.0, 64.0, 64.0, 64.0, 65.0, 64.0, 65.0, 65.0, 65.0, 64.0, 63.0, 65.0, 64.0, 63.0, 65.0, 63.0, 65.0, 65.0, 64.0, 67.0, 66.0, 63.0]

l: 26
Fitness of mutation winner: 74.0
Crossover offspring real fitness: [64.0, 65.0, 65.0, 63.0, 64.0, 65.0, 65.0, 65.0, 63.0, 64.0, 64.0, 64.0, 64.0, 66.0, 65.0, 64.0, 64.0, 64.0, 64.0, 66.0, 66.0, 65.0, 62.0, 64.0, 64.0]
Crossover offspring noisy fitness: [64.0, 65.0, 65.0, 63.0, 64.0, 65.0, 65.0, 65.0, 63.0, 64.0, 64.0, 64.0, 64.0, 66.0, 65.0, 64.0, 64.0, 64.0, 64.0, 66.0, 66.0, 65.0, 62.0, 64.0, 64.0]

l: 30
Fitness of mutation winner: 76.0
Crossover offspring real fitness: [65.0, 66.0, 65.0, 65.0, 66.0, 64.0, 63.0, 65.0, 65.0, 62.0, 65.0, 64.0, 64.0, 64.0, 62.0, 65.0, 64.0, 63.0, 64.0, 65.0, 62.0, 63.0, 65.0, 64.0, 64.0]
Crossover offspring noisy fitness: [65.0, 66.0, 65.0, 65.0, 66.0, 64.0, 63.0, 65.0, 65.0, 62.0, 65.0, 65.0, 64.0, 64.0, 62.0, 65.0, 64.0, 63.0, 63.0, 65.0, 62.0, 63.0, 65.0, 64.0, 64.0]

l: 20
Fitness of mutation winner: 75.0
Crossover offspring real fitness: [65.0, 64.0, 65.0, 63.0, 65.0, 63.0, 64.0, 64.0, 65.0, 65.0, 64.0, 65.0, 65.0, 63.0, 64.0, 64.0, 64.0, 64.0, 65.0, 64.0, 64.0, 64.0, 64.0, 64.0, 64.0]
Crossover offspring noisy fitness: [65.0, 63.0, 65.0, 63.0, 65.0, 63.0, 64.0, 64.0, 65.0, 65.0, 64.0, 65.0, 65.0, 63.0, 64.0, 64.0, 64.0, 64.0, 65.0, 64.0, 64.0, 64.0, 64.0, 64.0, 64.0]

l: 20
Fitness of mutation winner: 76.0
Crossover offspring real fitness: [64.0, 63.0, 65.0, 65.0, 63.0, 64.0, 63.0, 64.0, 64.0, 65.0, 64.0, 63.0, 65.0, 65.0, 63.0, 65.0, 64.0, 65.0, 64.0, 65.0, 66.0, 64.0, 64.0, 64.0, 64.0]
Crossover offspring noisy fitness: [64.0, 63.0, 65.0, 65.0, 62.0, 64.0, 62.0, 64.0, 64.0, 65.0, 64.0, 63.0, 65.0, 65.0, 63.0, 65.0, 64.0, 65.0, 64.0, 64.0, 66.0, 64.0, 64.0, 64.0, 64.0]

l: 29
Fitness of mutation winner: 75.0
Crossover offspring real fitness: [64.0, 64.0, 65.0, 65.0, 64.0, 65.0, 64.0, 64.0, 65.0, 63.0, 65.0, 64.0, 65.0, 67.0, 64.0, 65.0, 64.0, 64.0, 65.0, 67.0, 63.0, 66.0, 63.0, 65.0, 65.0]
Crossover offspring noisy fitness: [64.0, 64.0, 65.0, 65.0, 64.0, 65.0, 64.0, 64.0, 65.0, 63.0, 65.0, 64.0, 65.0, 67.0, 64.0, 65.0, 64.0, 64.0, 65.0, 67.0, 63.0, 66.0, 63.0, 65.0, 65.0]

l: 25
Fitness of mutation winner: 71.0
Crossover offspring real fitness: [64.0, 65.0, 65.0, 64.0, 64.0, 66.0, 64.0, 65.0, 64.0, 64.0, 65.0, 63.0, 64.0, 66.0, 64.0, 65.0, 64.0, 62.0, 65.0, 65.0, 65.0, 65.0, 63.0, 64.0, 64.0]
Crossover offspring noisy fitness: [64.0, 65.0, 65.0, 64.0, 63.0, 66.0, 64.0, 65.0, 64.0, 64.0, 65.0, 63.0, 64.0, 66.0, 64.0, 65.0, 64.0, 62.0, 64.0, 65.0, 65.0, 65.0, 63.0, 64.0, 64.0]

l: 24
Fitness of mutation winner: 72.0
Crossover offspring real fitness: [63.0, 64.0, 64.0, 66.0, 64.0, 63.0, 64.0, 64.0, 64.0, 66.0, 65.0, 64.0, 63.0, 65.0, 65.0, 63.0, 64.0, 64.0, 62.0, 64.0, 63.0, 64.0, 64.0, 64.0, 64.0]
Crossover offspring noisy fitness: [63.0, 64.0, 64.0, 66.0, 64.0, 63.0, 64.0, 64.0, 64.0, 66.0, 65.0, 64.0, 63.0, 65.0, 65.0, 62.0, 64.0, 64.0, 62.0, 64.0, 63.0, 63.0, 64.0, 64.0, 64.0]

l: 24
Fitness of mutation winner: 72.0
Crossover offspring real fitness: [62.0, 64.0, 64.0, 64.0, 66.0, 67.0, 65.0, 64.0, 65.0, 64.0, 64.0, 65.0, 64.0, 65.0, 64.0, 65.0, 64.0, 63.0, 64.0, 66.0, 64.0, 64.0, 65.0, 66.0, 64.0]
Crossover offspring noisy fitness: [62.0, 64.0, 64.0, 64.0, 66.0, 67.0, 64.0, 64.0, 65.0, 64.0, 63.0, 65.0, 64.0, 65.0, 64.0, 65.0, 64.0, 63.0, 64.0, 66.0, 64.0, 64.0, 65.0, 66.0, 64.0]

l: 24
Fitness of mutation winner: 72.0
Crossover offspring real fitness: [64.0, 64.0, 62.0, 64.0, 64.0, 63.0, 64.0, 64.0, 66.0, 64.0, 65.0, 65.0, 65.0, 64.0, 63.0, 66.0, 64.0, 65.0, 64.0, 66.0, 66.0, 65.0, 65.0, 64.0, 64.0]
Crossover offspring noisy fitness: [64.0, 64.0, 62.0, 64.0, 64.0, 63.0, 64.0, 64.0, 66.0, 64.0, 65.0, 65.0, 65.0, 64.0, 63.0, 66.0, 64.0, 65.0, 65.0, 66.0, 66.0, 65.0, 65.0, 64.0, 64.0]

l: 23
Fitness of mutation winner: 69.0
Crossover offspring real fitness: [64.0, 64.0, 64.0, 61.0, 64.0, 64.0, 64.0, 65.0, 64.0, 64.0, 64.0, 65.0, 63.0, 64.0, 65.0, 64.0, 64.0, 63.0, 66.0, 64.0, 64.0, 64.0, 64.0, 64.0, 65.0]
Crossover offspring noisy fitness: [64.0, 64.0, 64.0, 61.0, 64.0, 64.0, 64.0, 65.0, 64.0, 64.0, 64.0, 65.0, 63.0, 64.0, 65.0, 64.0, 64.0, 63.0, 66.0, 65.0, 64.0, 64.0, 64.0, 64.0, 64.0]

l: 19
Fitness of mutation winner: 71.0
Crossover offspring real fitness: [65.0, 64.0, 64.0, 65.0, 63.0, 64.0, 64.0, 64.0, 64.0, 64.0, 65.0, 63.0, 64.0, 65.0, 64.0, 64.0, 64.0, 64.0, 65.0, 63.0, 65.0, 64.0, 64.0, 64.0, 65.0]
Crossover offspring noisy fitness: [65.0, 64.0, 64.0, 65.0, 63.0, 64.0, 64.0, 64.0, 64.0, 64.0, 65.0, 63.0, 64.0, 65.0, 64.0, 64.0, 64.0, 64.0, 65.0, 63.0, 65.0, 64.0, 64.0, 64.0, 65.0]

l: 24
Fitness of mutation winner: 72.0
Crossover offspring real fitness: [65.0, 63.0, 64.0, 67.0, 64.0, 64.0, 65.0, 64.0, 64.0, 65.0, 66.0, 66.0, 64.0, 64.0, 64.0, 63.0, 63.0, 64.0, 62.0, 66.0, 64.0, 65.0, 65.0, 64.0, 64.0]
Crossover offspring noisy fitness: [65.0, 63.0, 64.0, 67.0, 65.0, 64.0, 65.0, 64.0, 64.0, 65.0, 66.0, 66.0, 64.0, 64.0, 64.0, 63.0, 63.0, 64.0, 62.0, 66.0, 64.0, 65.0, 65.0, 64.0, 64.0]

l: 28
Fitness of mutation winner: 74.0
Crossover offspring real fitness: [64.0, 65.0, 64.0, 66.0, 65.0, 64.0, 63.0, 64.0, 66.0, 64.0, 64.0, 66.0, 66.0, 64.0, 65.0, 63.0, 64.0, 65.0, 65.0, 65.0, 64.0, 66.0, 65.0, 66.0, 66.0]
Crossover offspring noisy fitness: [64.0, 65.0, 64.0, 66.0, 65.0, 64.0, 63.0, 64.0, 66.0, 64.0, 64.0, 66.0, 65.0, 64.0, 65.0, 63.0, 64.0, 65.0, 65.0, 65.0, 64.0, 66.0, 65.0, 66.0, 66.0]

l: 25
Fitness of mutation winner: 73.0
Crossover offspring real fitness: [64.0, 65.0, 64.0, 63.0, 65.0, 64.0, 66.0, 64.0, 65.0, 66.0, 65.0, 64.0, 64.0, 64.0, 64.0, 64.0, 63.0, 64.0, 64.0, 64.0, 65.0, 64.0, 65.0, 64.0, 63.0]
Crossover offspring noisy fitness: [64.0, 65.0, 64.0, 63.0, 65.0, 63.0, 66.0, 64.0, 64.0, 66.0, 65.0, 64.0, 64.0, 64.0, 64.0, 64.0, 63.0, 64.0, 64.0, 64.0, 65.0, 64.0, 65.0, 64.0, 63.0]

l: 28
Fitness of mutation winner: 70.0
Crossover offspring real fitness: [64.0, 66.0, 62.0, 64.0, 63.0, 66.0, 65.0, 64.0, 63.0, 62.0, 65.0, 65.0, 63.0, 65.0, 63.0, 65.0, 66.0, 64.0, 64.0, 64.0, 64.0, 65.0, 64.0, 66.0, 63.0]
Crossover offspring noisy fitness: [64.0, 66.0, 62.0, 64.0, 63.0, 66.0, 65.0, 64.0, 63.0, 63.0, 65.0, 65.0, 63.0, 65.0, 63.0, 65.0, 66.0, 64.0, 64.0, 64.0, 64.0, 65.0, 64.0, 66.0, 63.0]

l: 30
Fitness of mutation winner: 70.0
Crossover offspring real fitness: [64.0, 64.0, 65.0, 63.0, 63.0, 65.0, 66.0, 64.0, 65.0, 63.0, 64.0, 65.0, 63.0, 64.0, 65.0, 64.0, 64.0, 64.0, 64.0, 63.0, 64.0, 64.0, 64.0, 65.0, 63.0]
Crossover offspring noisy fitness: [64.0, 64.0, 65.0, 64.0, 63.0, 65.0, 66.0, 64.0, 65.0, 63.0, 64.0, 65.0, 63.0, 64.0, 65.0, 64.0, 64.0, 64.0, 64.0, 62.0, 64.0, 64.0, 65.0, 66.0, 63.0]

l: 25
Fitness of mutation winner: 73.0
Crossover offspring real fitness: [65.0, 66.0, 65.0, 63.0, 64.0, 64.0, 64.0, 62.0, 65.0, 66.0, 64.0, 64.0, 65.0, 65.0, 64.0, 65.0, 68.0, 65.0, 64.0, 64.0, 64.0, 65.0, 64.0, 65.0, 65.0]
Crossover offspring noisy fitness: [65.0, 66.0, 65.0, 63.0, 64.0, 65.0, 64.0, 62.0, 65.0, 66.0, 64.0, 64.0, 65.0, 65.0, 64.0, 65.0, 68.0, 65.0, 64.0, 64.0, 64.0, 65.0, 64.0, 65.0, 65.0]

l: 31
Fitness of mutation winner: 75.0
Crossover offspring real fitness: [64.0, 64.0, 64.0, 65.0, 63.0, 64.0, 64.0, 65.0, 65.0, 63.0, 63.0, 65.0, 65.0, 65.0, 65.0, 61.0, 65.0, 65.0, 65.0, 64.0, 62.0, 63.0, 65.0, 66.0, 64.0]
Crossover offspring noisy fitness: [64.0, 64.0, 65.0, 65.0, 63.0, 64.0, 64.0, 65.0, 65.0, 63.0, 63.0, 65.0, 65.0, 65.0, 64.0, 60.0, 65.0, 65.0, 65.0, 64.0, 62.0, 63.0, 65.0, 66.0, 64.0]

l: 21
Fitness of mutation winner: 73.0
Crossover offspring real fitness: [64.0, 65.0, 66.0, 65.0, 64.0, 66.0, 66.0, 64.0, 64.0, 64.0, 64.0, 65.0, 64.0, 65.0, 64.0, 67.0, 66.0, 65.0, 65.0, 62.0, 64.0, 65.0, 64.0, 64.0, 65.0]
Crossover offspring noisy fitness: [64.0, 65.0, 66.0, 65.0, 64.0, 66.0, 66.0, 64.0, 64.0, 64.0, 64.0, 65.0, 64.0, 65.0, 64.0, 67.0, 66.0, 65.0, 65.0, 62.0, 64.0, 65.0, 64.0, 63.0, 65.0]

l: 27
Fitness of mutation winner: 77.0
Crossover offspring real fitness: [64.0, 63.0, 65.0, 64.0, 64.0, 63.0, 64.0, 65.0, 64.0, 66.0, 62.0, 65.0, 63.0, 64.0, 64.0, 65.0, 63.0, 64.0, 65.0, 65.0, 64.0, 61.0, 63.0, 64.0, 64.0]
Crossover offspring noisy fitness: [64.0, 64.0, 65.0, 64.0, 64.0, 63.0, 64.0, 65.0, 64.0, 66.0, 62.0, 65.0, 63.0, 64.0, 64.0, 65.0, 63.0, 64.0, 65.0, 65.0, 64.0, 61.0, 62.0, 64.0, 64.0]

l: 30
Fitness of mutation winner: 72.0
Crossover offspring real fitness: [65.0, 64.0, 63.0, 65.0, 68.0, 64.0, 65.0, 65.0, 63.0, 65.0, 66.0, 64.0, 64.0, 63.0, 66.0, 63.0, 65.0, 64.0, 66.0, 64.0, 64.0, 63.0, 63.0, 64.0, 65.0]
Crossover offspring noisy fitness: [65.0, 64.0, 63.0, 65.0, 68.0, 64.0, 65.0, 65.0, 63.0, 65.0, 66.0, 64.0, 64.0, 63.0, 66.0, 63.0, 64.0, 64.0, 66.0, 64.0, 64.0, 63.0, 63.0, 64.0, 65.0]

l: 24
Fitness of mutation winner: 71.0
Crossover offspring real fitness: [65.0, 65.0, 64.0, 63.0, 65.0, 65.0, 63.0, 65.0, 65.0, 65.0, 65.0, 64.0, 64.0, 64.0, 66.0, 65.0, 64.0, 64.0, 63.0, 66.0, 64.0, 63.0, 61.0, 66.0, 64.0]
Crossover offspring noisy fitness: [65.0, 65.0, 64.0, 63.0, 65.0, 65.0, 63.0, 65.0, 65.0, 65.0, 65.0, 64.0, 64.0, 64.0, 66.0, 65.0, 64.0, 64.0, 63.0, 66.0, 64.0, 63.0, 61.0, 66.0, 64.0]

l: 30
Fitness of mutation winner: 74.0
Crossover offspring real fitness: [65.0, 64.0, 64.0, 64.0, 64.0, 65.0, 64.0, 64.0, 64.0, 65.0, 65.0, 64.0, 63.0, 63.0, 65.0, 62.0, 66.0, 65.0, 64.0, 64.0, 64.0, 65.0, 64.0, 64.0, 64.0]
Crossover offspring noisy fitness: [65.0, 64.0, 63.0, 64.0, 64.0, 64.0, 64.0, 64.0, 64.0, 65.0, 65.0, 64.0, 63.0, 63.0, 65.0, 62.0, 66.0, 65.0, 64.0, 64.0, 64.0, 65.0, 64.0, 64.0, 64.0]

l: 28
Fitness of mutation winner: 74.0
Crossover offspring real fitness: [65.0, 65.0, 65.0, 65.0, 65.0, 65.0, 66.0, 65.0, 65.0, 65.0, 63.0, 64.0, 65.0, 65.0, 65.0, 65.0, 64.0, 64.0, 64.0, 64.0, 63.0, 64.0, 66.0, 64.0, 63.0]
Crossover offspring noisy fitness: [65.0, 65.0, 65.0, 65.0, 66.0, 65.0, 65.0, 65.0, 65.0, 65.0, 63.0, 64.0, 65.0, 65.0, 65.0, 65.0, 64.0, 64.0, 64.0, 64.0, 63.0, 64.0, 66.0, 64.0, 63.0]

l: 24
Fitness of mutation winner: 70.0
Crossover offspring real fitness: [64.0, 63.0, 64.0, 65.0, 65.0, 63.0, 64.0, 64.0, 64.0, 64.0, 64.0, 64.0, 64.0, 64.0, 63.0, 65.0, 63.0, 66.0, 64.0, 63.0, 64.0, 65.0, 64.0, 63.0, 68.0]
Crossover offspring noisy fitness: [64.0, 63.0, 64.0, 65.0, 65.0, 63.0, 64.0, 64.0, 64.0, 64.0, 64.0, 64.0, 64.0, 64.0, 63.0, 65.0, 63.0, 66.0, 64.0, 63.0, 64.0, 65.0, 64.0, 62.0, 68.0]

l: 24
Fitness of mutation winner: 82.0
Crossover offspring real fitness: [65.0, 65.0, 65.0, 65.0, 65.0, 63.0, 66.0, 65.0, 65.0, 64.0, 64.0, 64.0, 64.0, 64.0, 64.0, 62.0, 66.0, 66.0, 64.0, 66.0, 65.0, 65.0, 64.0, 65.0, 64.0]
Crossover offspring noisy fitness: [65.0, 65.0, 66.0, 65.0, 65.0, 63.0, 66.0, 65.0, 65.0, 64.0, 64.0, 64.0, 65.0, 64.0, 63.0, 62.0, 66.0, 66.0, 64.0, 66.0, 65.0, 65.0, 63.0, 65.0, 64.0]

l: 19
Fitness of mutation winner: 73.0
Crossover offspring real fitness: [65.0, 66.0, 66.0, 64.0, 65.0, 65.0, 66.0, 64.0, 65.0, 65.0, 64.0, 63.0, 64.0, 63.0, 65.0, 66.0, 64.0, 65.0, 64.0, 64.0, 65.0, 64.0, 64.0, 63.0, 65.0]
Crossover offspring noisy fitness: [65.0, 66.0, 66.0, 64.0, 65.0, 65.0, 66.0, 64.0, 65.0, 65.0, 64.0, 63.0, 64.0, 63.0, 65.0, 66.0, 64.0, 65.0, 65.0, 64.0, 66.0, 64.0, 64.0, 63.0, 65.0]

l: 20
Fitness of mutation winner: 74.0
Crossover offspring real fitness: [64.0, 64.0, 63.0, 64.0, 64.0, 65.0, 64.0, 64.0, 64.0, 65.0, 64.0, 64.0, 64.0, 65.0, 64.0, 64.0, 65.0, 64.0, 64.0, 65.0, 64.0, 64.0, 65.0, 64.0, 64.0]
Crossover offspring noisy fitness: [64.0, 64.0, 63.0, 64.0, 64.0, 65.0, 64.0, 64.0, 64.0, 65.0, 65.0, 64.0, 64.0, 65.0, 64.0, 64.0, 65.0, 64.0, 64.0, 66.0, 64.0, 64.0, 65.0, 64.0, 64.0]

l: 24
Fitness of mutation winner: 76.0
Crossover offspring real fitness: [64.0, 64.0, 65.0, 65.0, 65.0, 68.0, 64.0, 66.0, 64.0, 64.0, 64.0, 64.0, 64.0, 65.0, 64.0, 64.0, 67.0, 63.0, 63.0, 65.0, 65.0, 64.0, 64.0, 65.0, 63.0]
Crossover offspring noisy fitness: [64.0, 64.0, 65.0, 65.0, 65.0, 68.0, 64.0, 66.0, 65.0, 65.0, 64.0, 64.0, 64.0, 65.0, 64.0, 64.0, 67.0, 63.0, 63.0, 65.0, 65.0, 64.0, 64.0, 65.0, 62.0]

l: 28
Fitness of mutation winner: 72.0
Crossover offspring real fitness: [64.0, 64.0, 65.0, 64.0, 64.0, 66.0, 64.0, 63.0, 64.0, 66.0, 63.0, 64.0, 64.0, 64.0, 66.0, 64.0, 64.0, 63.0, 64.0, 66.0, 66.0, 64.0, 64.0, 64.0, 64.0]
Crossover offspring noisy fitness: [64.0, 64.0, 65.0, 64.0, 64.0, 66.0, 64.0, 63.0, 63.0, 66.0, 63.0, 64.0, 64.0, 64.0, 66.0, 64.0, 64.0, 63.0, 64.0, 66.0, 66.0, 64.0, 63.0, 64.0, 64.0]

l: 25
Fitness of mutation winner: 71.0
Crossover offspring real fitness: [65.0, 64.0, 64.0, 64.0, 65.0, 64.0, 65.0, 65.0, 65.0, 64.0, 63.0, 64.0, 65.0, 64.0, 64.0, 64.0, 65.0, 63.0, 63.0, 62.0, 64.0, 65.0, 65.0, 65.0, 63.0]
Crossover offspring noisy fitness: [65.0, 64.0, 64.0, 64.0, 65.0, 64.0, 65.0, 65.0, 64.0, 64.0, 64.0, 64.0, 65.0, 64.0, 64.0, 64.0, 65.0, 63.0, 63.0, 62.0, 64.0, 65.0, 65.0, 65.0, 63.0]

l: 26
Fitness of mutation winner: 74.0
Crossover offspring real fitness: [66.0, 65.0, 64.0, 63.0, 64.0, 63.0, 64.0, 65.0, 64.0, 65.0, 65.0, 65.0, 65.0, 67.0, 63.0, 65.0, 64.0, 64.0, 64.0, 64.0, 65.0, 64.0, 64.0, 63.0, 63.0]
Crossover offspring noisy fitness: [66.0, 65.0, 64.0, 63.0, 64.0, 63.0, 64.0, 65.0, 64.0, 65.0, 65.0, 65.0, 65.0, 67.0, 63.0, 65.0, 64.0, 64.0, 64.0, 64.0, 65.0, 64.0, 64.0, 63.0, 63.0]

l: 23
Fitness of mutation winner: 73.0
Crossover offspring real fitness: [65.0, 64.0, 65.0, 64.0, 65.0, 66.0, 65.0, 64.0, 65.0, 64.0, 63.0, 64.0, 64.0, 65.0, 64.0, 66.0, 64.0, 63.0, 65.0, 64.0, 65.0, 64.0, 65.0, 63.0, 65.0]
Crossover offspring noisy fitness: [65.0, 64.0, 65.0, 64.0, 65.0, 66.0, 65.0, 64.0, 65.0, 64.0, 63.0, 64.0, 64.0, 65.0, 64.0, 66.0, 64.0, 62.0, 65.0, 64.0, 66.0, 64.0, 65.0, 63.0, 65.0]

l: 22
Fitness of mutation winner: 72.0
Crossover offspring real fitness: [63.0, 64.0, 64.0, 64.0, 64.0, 64.0, 63.0, 63.0, 66.0, 65.0, 64.0, 64.0, 65.0, 64.0, 63.0, 64.0, 65.0, 63.0, 64.0, 64.0, 64.0, 64.0, 63.0, 64.0, 64.0]
Crossover offspring noisy fitness: [63.0, 64.0, 63.0, 64.0, 64.0, 64.0, 63.0, 63.0, 65.0, 65.0, 64.0, 64.0, 65.0, 64.0, 63.0, 64.0, 65.0, 63.0, 64.0, 64.0, 64.0, 64.0, 63.0, 64.0, 64.0]

l: 26
Fitness of mutation winner: 73.0
Crossover offspring real fitness: [65.0, 66.0, 64.0, 66.0, 63.0, 65.0, 65.0, 66.0, 63.0, 64.0, 64.0, 65.0, 64.0, 65.0, 64.0, 65.0, 65.0, 65.0, 64.0, 65.0, 64.0, 67.0, 64.0, 64.0, 63.0]
Crossover offspring noisy fitness: [65.0, 66.0, 64.0, 66.0, 63.0, 66.0, 65.0, 66.0, 63.0, 64.0, 64.0, 65.0, 65.0, 65.0, 64.0, 65.0, 65.0, 65.0, 64.0, 65.0, 64.0, 67.0, 64.0, 64.0, 63.0]

l: 25
Fitness of mutation winner: 71.0
Crossover offspring real fitness: [63.0, 64.0, 67.0, 65.0, 65.0, 63.0, 66.0, 66.0, 66.0, 65.0, 63.0, 65.0, 64.0, 63.0, 64.0, 63.0, 63.0, 64.0, 64.0, 64.0, 64.0, 64.0, 64.0, 64.0, 64.0]
Crossover offspring noisy fitness: [63.0, 64.0, 67.0, 65.0, 65.0, 63.0, 66.0, 66.0, 66.0, 65.0, 63.0, 65.0, 64.0, 63.0, 64.0, 63.0, 63.0, 64.0, 64.0, 64.0, 64.0, 64.0, 64.0, 64.0, 64.0]

l: 28
Fitness of mutation winner: 77.0
Crossover offspring real fitness: [63.0, 65.0, 64.0, 64.0, 63.0, 61.0, 64.0, 64.0, 64.0, 64.0, 64.0, 65.0, 65.0, 64.0, 65.0, 65.0, 67.0, 66.0, 66.0, 63.0, 64.0, 65.0, 66.0, 66.0, 64.0]
Crossover offspring noisy fitness: [63.0, 65.0, 64.0, 64.0, 63.0, 61.0, 64.0, 64.0, 64.0, 64.0, 64.0, 65.0, 65.0, 64.0, 65.0, 65.0, 67.0, 66.0, 66.0, 64.0, 64.0, 65.0, 66.0, 66.0, 65.0]

l: 33
Fitness of mutation winner: 72.0
Crossover offspring real fitness: [68.0, 65.0, 63.0, 65.0, 65.0, 63.0, 63.0, 64.0, 63.0, 64.0, 66.0, 65.0, 64.0, 64.0, 64.0, 65.0, 64.0, 63.0, 65.0, 65.0, 65.0, 66.0, 64.0, 66.0, 62.0]
Crossover offspring noisy fitness: [68.0, 65.0, 64.0, 65.0, 65.0, 63.0, 63.0, 64.0, 63.0, 64.0, 66.0, 65.0, 64.0, 64.0, 64.0, 65.0, 64.0, 63.0, 65.0, 65.0, 65.0, 66.0, 64.0, 66.0, 62.0]

l: 18
Fitness of mutation winner: 74.0
Crossover offspring real fitness: [66.0, 65.0, 64.0, 65.0, 64.0, 63.0, 64.0, 66.0, 64.0, 65.0, 66.0, 63.0, 64.0, 64.0, 64.0, 66.0, 65.0, 64.0, 64.0, 65.0, 64.0, 65.0, 64.0, 64.0, 64.0]
Crossover offspring noisy fitness: [66.0, 65.0, 64.0, 65.0, 64.0, 62.0, 64.0, 66.0, 64.0, 65.0, 66.0, 63.0, 64.0, 64.0, 64.0, 66.0, 65.0, 63.0, 64.0, 65.0, 64.0, 65.0, 64.0, 64.0, 64.0]

l: 23
Fitness of mutation winner: 73.0
Crossover offspring real fitness: [64.0, 64.0, 66.0, 65.0, 64.0, 64.0, 62.0, 66.0, 65.0, 64.0, 65.0, 65.0, 65.0, 64.0, 66.0, 66.0, 64.0, 63.0, 65.0, 64.0, 64.0, 64.0, 63.0, 65.0, 64.0]
Crossover offspring noisy fitness: [64.0, 64.0, 66.0, 65.0, 64.0, 64.0, 62.0, 66.0, 65.0, 64.0, 65.0, 65.0, 65.0, 64.0, 66.0, 66.0, 64.0, 63.0, 65.0, 64.0, 64.0, 64.0, 63.0, 65.0, 64.0]

l: 25
Fitness of mutation winner: 75.0
Crossover offspring real fitness: [64.0, 65.0, 65.0, 65.0, 64.0, 64.0, 65.0, 65.0, 65.0, 63.0, 65.0, 65.0, 64.0, 65.0, 64.0, 65.0, 65.0, 64.0, 66.0, 64.0, 65.0, 66.0, 65.0, 65.0, 66.0]
Crossover offspring noisy fitness: [64.0, 65.0, 65.0, 65.0, 64.0, 64.0, 65.0, 65.0, 65.0, 63.0, 65.0, 65.0, 64.0, 64.0, 64.0, 65.0, 65.0, 64.0, 66.0, 64.0, 65.0, 66.0, 65.0, 66.0, 66.0]

l: 22
Fitness of mutation winner: 74.0
Crossover offspring real fitness: [64.0, 65.0, 63.0, 65.0, 65.0, 64.0, 64.0, 64.0, 63.0, 65.0, 63.0, 64.0, 64.0, 63.0, 64.0, 65.0, 65.0, 64.0, 64.0, 64.0, 64.0, 65.0, 63.0, 64.0, 66.0]
Crossover offspring noisy fitness: [64.0, 65.0, 63.0, 65.0, 65.0, 64.0, 64.0, 64.0, 63.0, 65.0, 63.0, 64.0, 64.0, 63.0, 64.0, 65.0, 65.0, 63.0, 64.0, 64.0, 64.0, 65.0, 63.0, 64.0, 66.0]

l: 21
Fitness of mutation winner: 71.0
Crossover offspring real fitness: [66.0, 64.0, 64.0, 64.0, 66.0, 63.0, 64.0, 65.0, 65.0, 64.0, 64.0, 64.0, 64.0, 64.0, 63.0, 63.0, 64.0, 64.0, 63.0, 63.0, 64.0, 65.0, 64.0, 64.0, 64.0]
Crossover offspring noisy fitness: [67.0, 64.0, 64.0, 64.0, 66.0, 63.0, 64.0, 65.0, 65.0, 64.0, 64.0, 64.0, 64.0, 64.0, 63.0, 63.0, 64.0, 64.0, 63.0, 63.0, 64.0, 65.0, 64.0, 64.0, 64.0]

l: 20
Fitness of mutation winner: 68.0
Crossover offspring real fitness: [65.0, 64.0, 64.0, 64.0, 66.0, 62.0, 65.0, 64.0, 64.0, 65.0, 64.0, 64.0, 64.0, 65.0, 65.0, 63.0, 64.0, 64.0, 64.0, 64.0, 65.0, 64.0, 63.0, 66.0, 64.0]
Crossover offspring noisy fitness: [65.0, 64.0, 64.0, 64.0, 66.0, 62.0, 65.0, 64.0, 64.0, 65.0, 64.0, 64.0, 64.0, 65.0, 65.0, 63.0, 64.0, 64.0, 64.0, 64.0, 65.0, 64.0, 63.0, 65.0, 64.0]

l: 16
Fitness of mutation winner: 72.0
Crossover offspring real fitness: [64.0, 65.0, 64.0, 64.0, 63.0, 64.0, 64.0, 64.0, 64.0, 65.0, 63.0, 64.0, 65.0, 64.0, 64.0, 65.0, 64.0, 65.0, 64.0, 65.0, 64.0, 64.0, 65.0, 65.0, 64.0]
Crossover offspring noisy fitness: [64.0, 65.0, 64.0, 64.0, 63.0, 64.0, 64.0, 64.0, 64.0, 65.0, 63.0, 64.0, 65.0, 64.0, 65.0, 65.0, 64.0, 65.0, 65.0, 65.0, 64.0, 64.0, 65.0, 65.0, 64.0]

l: 31
Fitness of mutation winner: 75.0
Crossover offspring real fitness: [65.0, 65.0, 64.0, 64.0, 65.0, 66.0, 64.0, 64.0, 64.0, 64.0, 63.0, 63.0, 66.0, 64.0, 65.0, 64.0, 65.0, 65.0, 64.0, 64.0, 65.0, 67.0, 64.0, 65.0, 65.0]
Crossover offspring noisy fitness: [65.0, 65.0, 64.0, 64.0, 65.0, 66.0, 64.0, 64.0, 64.0, 64.0, 63.0, 63.0, 66.0, 64.0, 65.0, 64.0, 65.0, 65.0, 64.0, 64.0, 65.0, 67.0, 64.0, 65.0, 65.0]

l: 27
Fitness of mutation winner: 73.0
Crossover offspring real fitness: [63.0, 66.0, 64.0, 64.0, 64.0, 64.0, 64.0, 64.0, 65.0, 63.0, 65.0, 65.0, 64.0, 64.0, 65.0, 64.0, 66.0, 65.0, 64.0, 65.0, 65.0, 64.0, 63.0, 64.0, 66.0]
Crossover offspring noisy fitness: [63.0, 66.0, 64.0, 64.0, 64.0, 63.0, 64.0, 64.0, 65.0, 63.0, 65.0, 65.0, 64.0, 64.0, 65.0, 64.0, 66.0, 65.0, 64.0, 65.0, 65.0, 64.0, 63.0, 64.0, 66.0]

l: 28
Fitness of mutation winner: 74.0
Crossover offspring real fitness: [67.0, 66.0, 65.0, 66.0, 64.0, 64.0, 65.0, 65.0, 64.0, 64.0, 62.0, 65.0, 63.0, 64.0, 64.0, 64.0, 64.0, 65.0, 65.0, 64.0, 65.0, 65.0, 65.0, 64.0, 65.0]
Crossover offspring noisy fitness: [67.0, 66.0, 65.0, 66.0, 64.0, 64.0, 65.0, 65.0, 64.0, 64.0, 62.0, 65.0, 63.0, 64.0, 64.0, 64.0, 64.0, 65.0, 65.0, 64.0, 65.0, 65.0, 65.0, 64.0, 65.0]

l: 23
Fitness of mutation winner: 71.0
Crossover offspring real fitness: [64.0, 66.0, 64.0, 63.0, 66.0, 64.0, 64.0, 64.0, 66.0, 65.0, 64.0, 64.0, 65.0, 66.0, 65.0, 66.0, 65.0, 65.0, 66.0, 64.0, 64.0, 64.0, 65.0, 63.0, 65.0]
Crossover offspring noisy fitness: [64.0, 66.0, 64.0, 63.0, 66.0, 64.0, 64.0, 64.0, 66.0, 65.0, 65.0, 64.0, 65.0, 66.0, 65.0, 66.0, 65.0, 65.0, 66.0, 64.0, 64.0, 64.0, 65.0, 63.0, 65.0]

l: 29
Fitness of mutation winner: 73.0
Crossover offspring real fitness: [64.0, 63.0, 64.0, 64.0, 65.0, 64.0, 65.0, 63.0, 66.0, 63.0, 63.0, 65.0, 65.0, 65.0, 64.0, 64.0, 65.0, 65.0, 64.0, 63.0, 64.0, 64.0, 63.0, 64.0, 64.0]
Crossover offspring noisy fitness: [64.0, 63.0, 64.0, 64.0, 65.0, 64.0, 65.0, 63.0, 66.0, 63.0, 63.0, 65.0, 65.0, 65.0, 64.0, 64.0, 65.0, 65.0, 64.0, 62.0, 64.0, 64.0, 62.0, 64.0, 64.0]

l: 29
Fitness of mutation winner: 71.0
Crossover offspring real fitness: [64.0, 63.0, 65.0, 65.0, 66.0, 64.0, 64.0, 65.0, 64.0, 64.0, 63.0, 64.0, 64.0, 61.0, 63.0, 65.0, 64.0, 65.0, 65.0, 64.0, 65.0, 63.0, 66.0, 64.0, 65.0]
Crossover offspring noisy fitness: [64.0, 63.0, 66.0, 65.0, 67.0, 64.0, 64.0, 65.0, 64.0, 64.0, 62.0, 64.0, 64.0, 61.0, 63.0, 65.0, 64.0, 65.0, 65.0, 64.0, 65.0, 63.0, 66.0, 64.0, 65.0]

l: 24
Fitness of mutation winner: 70.0
Crossover offspring real fitness: [64.0, 65.0, 65.0, 63.0, 64.0, 65.0, 63.0, 65.0, 64.0, 62.0, 64.0, 64.0, 65.0, 64.0, 65.0, 63.0, 64.0, 64.0, 65.0, 64.0, 65.0, 64.0, 63.0, 66.0, 63.0]
Crossover offspring noisy fitness: [64.0, 65.0, 65.0, 63.0, 64.0, 65.0, 63.0, 65.0, 63.0, 61.0, 63.0, 64.0, 65.0, 64.0, 65.0, 63.0, 64.0, 64.0, 65.0, 63.0, 65.0, 64.0, 63.0, 66.0, 63.0]

l: 22
Fitness of mutation winner: 73.0
Crossover offspring real fitness: [64.0, 65.0, 63.0, 64.0, 64.0, 64.0, 64.0, 65.0, 65.0, 64.0, 65.0, 64.0, 65.0, 64.0, 65.0, 64.0, 64.0, 64.0, 64.0, 64.0, 63.0, 64.0, 65.0, 63.0, 64.0]
Crossover offspring noisy fitness: [64.0, 65.0, 63.0, 64.0, 64.0, 64.0, 64.0, 65.0, 65.0, 65.0, 65.0, 64.0, 65.0, 64.0, 65.0, 64.0, 64.0, 64.0, 64.0, 64.0, 63.0, 64.0, 65.0, 63.0, 64.0]

l: 29
Fitness of mutation winner: 71.0
Crossover offspring real fitness: [64.0, 64.0, 66.0, 64.0, 65.0, 65.0, 64.0, 65.0, 62.0, 64.0, 64.0, 65.0, 65.0, 65.0, 65.0, 66.0, 65.0, 63.0, 64.0, 64.0, 65.0, 64.0, 63.0, 63.0, 63.0]
Crossover offspring noisy fitness: [64.0, 64.0, 66.0, 64.0, 65.0, 65.0, 64.0, 65.0, 62.0, 64.0, 64.0, 65.0, 65.0, 65.0, 65.0, 66.0, 65.0, 63.0, 64.0, 64.0, 65.0, 64.0, 63.0, 63.0, 63.0]

l: 23
Fitness of mutation winner: 73.0
Crossover offspring real fitness: [64.0, 63.0, 64.0, 66.0, 64.0, 64.0, 64.0, 65.0, 65.0, 63.0, 64.0, 64.0, 66.0, 64.0, 64.0, 63.0, 64.0, 65.0, 63.0, 66.0, 65.0, 66.0, 64.0, 64.0, 64.0]
Crossover offspring noisy fitness: [64.0, 63.0, 64.0, 66.0, 64.0, 64.0, 64.0, 65.0, 65.0, 63.0, 64.0, 64.0, 66.0, 64.0, 64.0, 63.0, 64.0, 65.0, 63.0, 66.0, 65.0, 66.0, 64.0, 64.0, 64.0]

l: 29
Fitness of mutation winner: 73.0
Crossover offspring real fitness: [64.0, 64.0, 65.0, 64.0, 65.0, 65.0, 65.0, 63.0, 64.0, 66.0, 63.0, 65.0, 66.0, 64.0, 65.0, 65.0, 64.0, 63.0, 66.0, 64.0, 66.0, 64.0, 64.0, 66.0, 64.0]
Crossover offspring noisy fitness: [64.0, 64.0, 65.0, 64.0, 65.0, 65.0, 65.0, 63.0, 64.0, 66.0, 63.0, 65.0, 66.0, 64.0, 65.0, 65.0, 65.0, 63.0, 66.0, 64.0, 66.0, 64.0, 64.0, 65.0, 64.0]

l: 34
Fitness of mutation winner: 78.0
Crossover offspring real fitness: [65.0, 65.0, 60.0, 65.0, 65.0, 64.0, 63.0, 64.0, 64.0, 63.0, 64.0, 64.0, 67.0, 64.0, 66.0, 64.0, 63.0, 65.0, 65.0, 64.0, 65.0, 64.0, 65.0, 65.0, 64.0]
Crossover offspring noisy fitness: [64.0, 65.0, 60.0, 65.0, 65.0, 64.0, 63.0, 64.0, 65.0, 63.0, 64.0, 64.0, 67.0, 64.0, 66.0, 65.0, 63.0, 66.0, 65.0, 64.0, 65.0, 64.0, 65.0, 65.0, 64.0]

l: 17
Fitness of mutation winner: 75.0
Crossover offspring real fitness: [64.0, 64.0, 63.0, 64.0, 64.0, 66.0, 65.0, 64.0, 65.0, 65.0, 63.0, 63.0, 64.0, 64.0, 66.0, 64.0, 64.0, 64.0, 64.0, 64.0, 64.0, 65.0, 64.0, 63.0, 65.0]
Crossover offspring noisy fitness: [64.0, 64.0, 63.0, 64.0, 64.0, 66.0, 65.0, 64.0, 65.0, 65.0, 63.0, 63.0, 64.0, 64.0, 67.0, 64.0, 64.0, 64.0, 64.0, 64.0, 64.0, 65.0, 64.0, 63.0, 65.0]

l: 33
Fitness of mutation winner: 75.0
Crossover offspring real fitness: [64.0, 63.0, 64.0, 63.0, 63.0, 64.0, 65.0, 66.0, 65.0, 66.0, 65.0, 63.0, 65.0, 64.0, 64.0, 65.0, 64.0, 64.0, 65.0, 65.0, 64.0, 65.0, 65.0, 64.0, 63.0]
Crossover offspring noisy fitness: [64.0, 63.0, 64.0, 63.0, 63.0, 64.0, 65.0, 66.0, 65.0, 66.0, 65.0, 63.0, 65.0, 64.0, 64.0, 65.0, 64.0, 64.0, 65.0, 65.0, 64.0, 65.0, 65.0, 64.0, 63.0]

l: 26
Fitness of mutation winner: 72.0
Crossover offspring real fitness: [63.0, 63.0, 64.0, 64.0, 65.0, 63.0, 65.0, 64.0, 64.0, 64.0, 64.0, 64.0, 64.0, 64.0, 65.0, 65.0, 63.0, 66.0, 64.0, 63.0, 65.0, 64.0, 64.0, 64.0, 65.0]
Crossover offspring noisy fitness: [63.0, 63.0, 64.0, 64.0, 65.0, 63.0, 65.0, 64.0, 64.0, 64.0, 64.0, 64.0, 64.0, 64.0, 65.0, 65.0, 63.0, 66.0, 64.0, 63.0, 65.0, 64.0, 64.0, 64.0, 65.0]

l: 18
Fitness of mutation winner: 76.0
Crossover offspring real fitness: [64.0, 64.0, 65.0, 66.0, 64.0, 65.0, 65.0, 64.0, 64.0, 65.0, 64.0, 65.0, 64.0, 64.0, 64.0, 63.0, 65.0, 65.0, 64.0, 63.0, 64.0, 66.0, 63.0, 64.0, 65.0]
Crossover offspring noisy fitness: [64.0, 64.0, 65.0, 66.0, 64.0, 65.0, 65.0, 64.0, 64.0, 65.0, 64.0, 65.0, 64.0, 64.0, 64.0, 63.0, 65.0, 65.0, 64.0, 63.0, 64.0, 66.0, 63.0, 64.0, 65.0]

l: 24
Fitness of mutation winner: 74.0
Crossover offspring real fitness: [64.0, 65.0, 63.0, 64.0, 65.0, 64.0, 66.0, 65.0, 64.0, 66.0, 66.0, 66.0, 65.0, 65.0, 67.0, 65.0, 65.0, 64.0, 64.0, 64.0, 65.0, 64.0, 62.0, 64.0, 65.0]
Crossover offspring noisy fitness: [64.0, 65.0, 63.0, 64.0, 65.0, 64.0, 66.0, 65.0, 64.0, 66.0, 66.0, 66.0, 65.0, 65.0, 67.0, 65.0, 65.0, 64.0, 64.0, 64.0, 65.0, 64.0, 62.0, 64.0, 64.0]

l: 35
Fitness of mutation winner: 77.0
Crossover offspring real fitness: [64.0, 63.0, 62.0, 64.0, 68.0, 64.0, 67.0, 63.0, 66.0, 66.0, 64.0, 63.0, 65.0, 63.0, 63.0, 65.0, 64.0, 65.0, 63.0, 64.0, 63.0, 65.0, 63.0, 64.0, 65.0]
Crossover offspring noisy fitness: [63.0, 63.0, 62.0, 64.0, 68.0, 64.0, 67.0, 63.0, 66.0, 66.0, 64.0, 63.0, 65.0, 63.0, 63.0, 65.0, 64.0, 65.0, 63.0, 64.0, 63.0, 65.0, 63.0, 64.0, 66.0]

l: 19
Fitness of mutation winner: 70.0
Crossover offspring real fitness: [64.0, 63.0, 65.0, 64.0, 65.0, 65.0, 64.0, 64.0, 63.0, 64.0, 64.0, 63.0, 64.0, 63.0, 64.0, 63.0, 64.0, 64.0, 62.0, 64.0, 64.0, 64.0, 66.0, 64.0, 64.0]
Crossover offspring noisy fitness: [64.0, 63.0, 65.0, 64.0, 65.0, 65.0, 64.0, 64.0, 63.0, 64.0, 64.0, 63.0, 64.0, 63.0, 64.0, 63.0, 64.0, 64.0, 62.0, 64.0, 64.0, 63.0, 66.0, 64.0, 64.0]

l: 24
Fitness of mutation winner: 72.0
Crossover offspring real fitness: [64.0, 63.0, 64.0, 64.0, 66.0, 66.0, 63.0, 64.0, 64.0, 64.0, 64.0, 65.0, 65.0, 64.0, 64.0, 64.0, 64.0, 65.0, 64.0, 64.0, 64.0, 65.0, 65.0, 62.0, 63.0]
Crossover offspring noisy fitness: [64.0, 63.0, 64.0, 64.0, 66.0, 66.0, 63.0, 63.0, 64.0, 64.0, 64.0, 65.0, 65.0, 65.0, 64.0, 64.0, 64.0, 64.0, 64.0, 64.0, 64.0, 65.0, 65.0, 62.0, 62.0]

l: 27
Fitness of mutation winner: 72.0
Crossover offspring real fitness: [65.0, 65.0, 64.0, 63.0, 65.0, 66.0, 65.0, 66.0, 64.0, 63.0, 65.0, 68.0, 66.0, 63.0, 64.0, 63.0, 63.0, 66.0, 67.0, 64.0, 65.0, 66.0, 66.0, 64.0, 64.0]
Crossover offspring noisy fitness: [65.0, 65.0, 64.0, 63.0, 65.0, 66.0, 65.0, 66.0, 64.0, 64.0, 65.0, 68.0, 66.0, 63.0, 64.0, 63.0, 63.0, 66.0, 67.0, 64.0, 65.0, 67.0, 66.0, 64.0, 64.0]

l: 20
Fitness of mutation winner: 68.0
Crossover offspring real fitness: [65.0, 64.0, 64.0, 64.0, 64.0, 65.0, 65.0, 64.0, 63.0, 65.0, 65.0, 65.0, 65.0, 64.0, 64.0, 64.0, 66.0, 63.0, 64.0, 64.0, 64.0, 64.0, 64.0, 66.0, 64.0]
Crossover offspring noisy fitness: [65.0, 64.0, 64.0, 64.0, 64.0, 65.0, 65.0, 64.0, 63.0, 65.0, 65.0, 65.0, 65.0, 64.0, 65.0, 64.0, 66.0, 63.0, 64.0, 64.0, 64.0, 63.0, 64.0, 66.0, 64.0]

l: 24
Fitness of mutation winner: 70.0
Crossover offspring real fitness: [64.0, 64.0, 65.0, 66.0, 63.0, 64.0, 64.0, 63.0, 64.0, 63.0, 65.0, 66.0, 64.0, 65.0, 65.0, 64.0, 64.0, 64.0, 63.0, 64.0, 64.0, 66.0, 64.0, 64.0, 64.0]
Crossover offspring noisy fitness: [64.0, 64.0, 66.0, 66.0, 63.0, 64.0, 64.0, 63.0, 64.0, 63.0, 65.0, 66.0, 64.0, 65.0, 65.0, 64.0, 64.0, 64.0, 63.0, 64.0, 64.0, 66.0, 64.0, 64.0, 64.0]

l: 19
Fitness of mutation winner: 73.0
Crossover offspring real fitness: [64.0, 66.0, 65.0, 64.0, 64.0, 65.0, 65.0, 64.0, 65.0, 64.0, 65.0, 66.0, 62.0, 66.0, 64.0, 66.0, 63.0, 66.0, 64.0, 65.0, 64.0, 65.0, 64.0, 64.0, 64.0]
Crossover offspring noisy fitness: [64.0, 66.0, 65.0, 65.0, 64.0, 65.0, 65.0, 64.0, 65.0, 64.0, 65.0, 66.0, 62.0, 67.0, 64.0, 66.0, 62.0, 66.0, 64.0, 65.0, 64.0, 65.0, 64.0, 64.0, 64.0]

l: 29
Fitness of mutation winner: 75.0
Crossover offspring real fitness: [64.0, 64.0, 64.0, 64.0, 65.0, 64.0, 64.0, 65.0, 64.0, 65.0, 64.0, 64.0, 65.0, 62.0, 65.0, 64.0, 61.0, 64.0, 66.0, 65.0, 66.0, 64.0, 64.0, 65.0, 64.0]
Crossover offspring noisy fitness: [64.0, 64.0, 64.0, 64.0, 65.0, 64.0, 64.0, 65.0, 64.0, 65.0, 64.0, 63.0, 65.0, 62.0, 65.0, 64.0, 61.0, 64.0, 66.0, 65.0, 66.0, 64.0, 64.0, 65.0, 64.0]

l: 34
Fitness of mutation winner: 74.0
Crossover offspring real fitness: [63.0, 64.0, 66.0, 65.0, 67.0, 66.0, 64.0, 64.0, 62.0, 64.0, 64.0, 65.0, 65.0, 64.0, 63.0, 65.0, 65.0, 66.0, 64.0, 64.0, 64.0, 63.0, 63.0, 65.0, 67.0]
Crossover offspring noisy fitness: [63.0, 64.0, 65.0, 65.0, 68.0, 66.0, 64.0, 64.0, 62.0, 63.0, 64.0, 65.0, 65.0, 64.0, 63.0, 65.0, 66.0, 66.0, 64.0, 64.0, 64.0, 63.0, 62.0, 65.0, 67.0]

l: 26
Fitness of mutation winner: 72.0
Crossover offspring real fitness: [64.0, 65.0, 62.0, 64.0, 64.0, 65.0, 64.0, 65.0, 66.0, 65.0, 66.0, 65.0, 64.0, 66.0, 65.0, 64.0, 64.0, 64.0, 65.0, 65.0, 63.0, 66.0, 64.0, 64.0, 64.0]
Crossover offspring noisy fitness: [64.0, 65.0, 62.0, 64.0, 64.0, 65.0, 64.0, 66.0, 66.0, 65.0, 66.0, 65.0, 64.0, 66.0, 65.0, 64.0, 64.0, 64.0, 65.0, 65.0, 63.0, 66.0, 64.0, 64.0, 64.0]

l: 26
Fitness of mutation winner: 72.0
Crossover offspring real fitness: [65.0, 63.0, 64.0, 65.0, 64.0, 65.0, 64.0, 67.0, 65.0, 64.0, 64.0, 64.0, 64.0, 66.0, 65.0, 65.0, 65.0, 64.0, 65.0, 63.0, 65.0, 64.0, 64.0, 66.0, 64.0]
Crossover offspring noisy fitness: [65.0, 63.0, 64.0, 65.0, 64.0, 65.0, 64.0, 67.0, 65.0, 64.0, 64.0, 64.0, 64.0, 66.0, 65.0, 65.0, 65.0, 64.0, 65.0, 63.0, 66.0, 64.0, 64.0, 66.0, 64.0]

l: 27
Fitness of mutation winner: 73.0
Crossover offspring real fitness: [66.0, 64.0, 64.0, 64.0, 65.0, 64.0, 64.0, 64.0, 63.0, 62.0, 64.0, 64.0, 65.0, 64.0, 66.0, 64.0, 64.0, 64.0, 65.0, 65.0, 65.0, 64.0, 66.0, 64.0, 65.0]
Crossover offspring noisy fitness: [66.0, 64.0, 65.0, 64.0, 65.0, 64.0, 64.0, 64.0, 63.0, 62.0, 64.0, 64.0, 65.0, 64.0, 66.0, 64.0, 64.0, 64.0, 65.0, 65.0, 65.0, 64.0, 66.0, 64.0, 65.0]

l: 35
Fitness of mutation winner: 71.0
Crossover offspring real fitness: [64.0, 65.0, 66.0, 65.0, 64.0, 63.0, 65.0, 66.0, 65.0, 65.0, 65.0, 65.0, 63.0, 65.0, 64.0, 65.0, 64.0, 64.0, 65.0, 64.0, 63.0, 63.0, 62.0, 63.0, 65.0]
Crossover offspring noisy fitness: [64.0, 65.0, 66.0, 65.0, 64.0, 63.0, 65.0, 66.0, 65.0, 65.0, 65.0, 65.0, 63.0, 65.0, 64.0, 65.0, 64.0, 64.0, 65.0, 64.0, 63.0, 63.0, 62.0, 63.0, 65.0]

l: 21
Fitness of mutation winner: 73.0
Crossover offspring real fitness: [64.0, 64.0, 65.0, 64.0, 64.0, 66.0, 65.0, 65.0, 66.0, 67.0, 63.0, 65.0, 64.0, 64.0, 64.0, 64.0, 65.0, 65.0, 66.0, 63.0, 65.0, 64.0, 64.0, 64.0, 63.0]
Crossover offspring noisy fitness: [64.0, 64.0, 65.0, 64.0, 64.0, 66.0, 66.0, 65.0, 66.0, 67.0, 63.0, 65.0, 64.0, 64.0, 64.0, 64.0, 65.0, 65.0, 66.0, 63.0, 65.0, 64.0, 63.0, 64.0, 63.0]

l: 18
Fitness of mutation winner: 73.0
Crossover offspring real fitness: [64.0, 66.0, 63.0, 65.0, 64.0, 64.0, 65.0, 62.0, 69.0, 64.0, 64.0, 65.0, 63.0, 64.0, 65.0, 65.0, 64.0, 64.0, 64.0, 64.0, 64.0, 64.0, 66.0, 64.0, 65.0]
Crossover offspring noisy fitness: [64.0, 66.0, 63.0, 65.0, 64.0, 64.0, 65.0, 62.0, 69.0, 64.0, 64.0, 65.0, 63.0, 64.0, 65.0, 65.0, 64.0, 64.0, 64.0, 64.0, 64.0, 64.0, 66.0, 64.0, 64.0]

l: 22
Fitness of mutation winner: 70.0
Crossover offspring real fitness: [65.0, 64.0, 64.0, 63.0, 63.0, 64.0, 64.0, 65.0, 66.0, 64.0, 65.0, 65.0, 63.0, 66.0, 64.0, 66.0, 65.0, 64.0, 63.0, 64.0, 64.0, 64.0, 65.0, 64.0, 64.0]
Crossover offspring noisy fitness: [65.0, 64.0, 64.0, 63.0, 64.0, 64.0, 64.0, 65.0, 66.0, 64.0, 65.0, 65.0, 63.0, 66.0, 64.0, 66.0, 65.0, 64.0, 63.0, 64.0, 64.0, 64.0, 65.0, 64.0, 65.0]

l: 20
Fitness of mutation winner: 72.0
Crossover offspring real fitness: [64.0, 65.0, 64.0, 65.0, 64.0, 63.0, 62.0, 64.0, 63.0, 63.0, 65.0, 64.0, 63.0, 64.0, 65.0, 64.0, 64.0, 63.0, 64.0, 62.0, 67.0, 64.0, 65.0, 63.0, 63.0]
Crossover offspring noisy fitness: [64.0, 65.0, 64.0, 65.0, 64.0, 63.0, 62.0, 64.0, 63.0, 63.0, 65.0, 64.0, 63.0, 64.0, 65.0, 64.0, 64.0, 63.0, 64.0, 62.0, 68.0, 64.0, 65.0, 63.0, 63.0]

l: 24
Fitness of mutation winner: 74.0
Crossover offspring real fitness: [64.0, 64.0, 66.0, 64.0, 64.0, 64.0, 65.0, 64.0, 64.0, 66.0, 65.0, 63.0, 64.0, 64.0, 64.0, 65.0, 65.0, 66.0, 64.0, 64.0, 62.0, 66.0, 63.0, 64.0, 64.0]
Crossover offspring noisy fitness: [64.0, 64.0, 66.0, 64.0, 64.0, 64.0, 65.0, 64.0, 64.0, 66.0, 65.0, 63.0, 64.0, 64.0, 64.0, 66.0, 65.0, 66.0, 64.0, 64.0, 63.0, 66.0, 63.0, 64.0, 64.0]

l: 25
Fitness of mutation winner: 70.0
Crossover offspring real fitness: [64.0, 66.0, 65.0, 65.0, 64.0, 64.0, 65.0, 65.0, 67.0, 66.0, 65.0, 66.0, 64.0, 66.0, 64.0, 64.0, 64.0, 65.0, 64.0, 64.0, 64.0, 64.0, 64.0, 64.0, 64.0]
Crossover offspring noisy fitness: [64.0, 66.0, 65.0, 65.0, 64.0, 64.0, 65.0, 65.0, 67.0, 65.0, 65.0, 66.0, 64.0, 66.0, 64.0, 64.0, 64.0, 65.0, 64.0, 64.0, 64.0, 64.0, 63.0, 64.0, 64.0]

l: 20
Fitness of mutation winner: 76.0
Crossover offspring real fitness: [65.0, 66.0, 65.0, 64.0, 63.0, 65.0, 65.0, 64.0, 64.0, 66.0, 66.0, 64.0, 65.0, 64.0, 64.0, 65.0, 64.0, 64.0, 64.0, 64.0, 64.0, 64.0, 65.0, 65.0, 64.0]
Crossover offspring noisy fitness: [65.0, 66.0, 65.0, 64.0, 63.0, 65.0, 65.0, 64.0, 64.0, 66.0, 66.0, 64.0, 65.0, 64.0, 64.0, 65.0, 64.0, 64.0, 63.0, 64.0, 64.0, 64.0, 65.0, 66.0, 64.0]

l: 27
Fitness of mutation winner: 74.0
Crossover offspring real fitness: [64.0, 64.0, 65.0, 66.0, 64.0, 64.0, 64.0, 64.0, 63.0, 65.0, 67.0, 65.0, 65.0, 64.0, 65.0, 67.0, 66.0, 63.0, 64.0, 63.0, 64.0, 66.0, 65.0, 63.0, 65.0]
Crossover offspring noisy fitness: [64.0, 64.0, 65.0, 66.0, 64.0, 64.0, 64.0, 64.0, 63.0, 65.0, 67.0, 65.0, 65.0, 64.0, 65.0, 67.0, 66.0, 63.0, 64.0, 63.0, 64.0, 66.0, 65.0, 63.0, 65.0]

l: 30
Fitness of mutation winner: 72.0
Crossover offspring real fitness: [65.0, 63.0, 64.0, 64.0, 66.0, 66.0, 65.0, 63.0, 63.0, 63.0, 66.0, 62.0, 64.0, 64.0, 63.0, 66.0, 65.0, 64.0, 64.0, 67.0, 64.0, 64.0, 64.0, 64.0, 65.0]
Crossover offspring noisy fitness: [65.0, 63.0, 64.0, 64.0, 66.0, 66.0, 65.0, 63.0, 63.0, 63.0, 66.0, 62.0, 64.0, 64.0, 63.0, 65.0, 65.0, 64.0, 64.0, 67.0, 64.0, 64.0, 64.0, 64.0, 65.0]

l: 30
Fitness of mutation winner: 72.0
Crossover offspring real fitness: [62.0, 64.0, 64.0, 64.0, 66.0, 64.0, 64.0, 64.0, 67.0, 64.0, 64.0, 64.0, 65.0, 62.0, 63.0, 66.0, 64.0, 65.0, 63.0, 64.0, 64.0, 64.0, 67.0, 65.0, 64.0]
Crossover offspring noisy fitness: [62.0, 63.0, 64.0, 64.0, 66.0, 64.0, 65.0, 63.0, 66.0, 64.0, 64.0, 64.0, 65.0, 62.0, 63.0, 66.0, 64.0, 65.0, 63.0, 64.0, 64.0, 64.0, 67.0, 65.0, 64.0]

l: 12
Fitness of mutation winner: 70.0
Crossover offspring real fitness: [64.0, 64.0, 64.0, 64.0, 64.0, 64.0, 65.0, 64.0, 64.0, 64.0, 64.0, 64.0, 64.0, 64.0, 65.0, 64.0, 64.0, 64.0, 65.0, 64.0, 64.0, 64.0, 64.0, 65.0, 65.0]
Crossover offspring noisy fitness: [64.0, 64.0, 64.0, 64.0, 64.0, 64.0, 65.0, 64.0, 63.0, 64.0, 64.0, 64.0, 64.0, 64.0, 65.0, 64.0, 64.0, 64.0, 65.0, 64.0, 64.0, 64.0, 63.0, 65.0, 65.0]

