l: 38
Fitness of mutation winner: 140.0
Crossover offspring real fitness: [128.0, 128.0, 128.0, 127.0, 129.0, 129.0, 129.0, 130.0, 127.0, 128.0, 129.0, 131.0, 128.0, 129.0, 127.0, 130.0, 129.0, 129.0, 128.0, 129.0, 131.0, 129.0, 129.0, 127.0, 127.0, 128.0, 128.0, 128.0, 128.0, 128.0, 130.0, 127.0, 129.0, 128.0, 129.0, 129.0, 127.0, 129.0, 129.0, 128.0]
Crossover offspring noisy fitness: [128.0, 128.0, 128.0, 127.0, 129.0, 129.0, 129.0, 130.0, 127.0, 128.0, 129.0, 131.0, 128.0, 129.0, 127.0, 130.0, 129.0, 129.0, 128.0, 129.0, 131.0, 129.0, 129.0, 127.0, 127.0, 128.0, 128.0, 128.0, 128.0, 128.0, 130.0, 127.0, 129.0, 128.0, 129.0, 129.0, 127.0, 129.0, 129.0, 128.0]

l: 45
Fitness of mutation winner: 141.0
Crossover offspring real fitness: [128.0, 129.0, 127.0, 129.0, 128.0, 127.0, 128.0, 128.0, 128.0, 127.0, 129.0, 129.0, 129.0, 128.0, 128.0, 128.0, 127.0, 131.0, 128.0, 128.0, 128.0, 127.0, 129.0, 126.0, 128.0, 128.0, 128.0, 128.0, 131.0, 129.0, 129.0, 126.0, 129.0, 129.0, 129.0, 128.0, 128.0, 129.0, 127.0, 129.0]
Crossover offspring noisy fitness: [128.0, 129.0, 127.0, 129.0, 128.0, 127.0, 128.0, 128.0, 128.0, 127.0, 129.0, 129.0, 129.0, 128.0, 128.0, 128.0, 127.0, 131.0, 128.0, 128.0, 128.0, 126.0, 129.0, 126.0, 128.0, 128.0, 128.0, 128.0, 131.0, 128.0, 129.0, 126.0, 129.0, 129.0, 129.0, 128.0, 128.0, 129.0, 126.0, 129.0]

l: 41
Fitness of mutation winner: 141.0
Crossover offspring real fitness: [129.0, 129.0, 128.0, 129.0, 128.0, 127.0, 128.0, 128.0, 129.0, 128.0, 128.0, 127.0, 128.0, 130.0, 128.0, 128.0, 130.0, 128.0, 128.0, 128.0, 128.0, 129.0, 127.0, 130.0, 129.0, 128.0, 129.0, 128.0, 128.0, 130.0, 131.0, 127.0, 128.0, 130.0, 127.0, 129.0, 128.0, 128.0, 128.0, 128.0]
Crossover offspring noisy fitness: [129.0, 129.0, 128.0, 129.0, 128.0, 127.0, 128.0, 128.0, 129.0, 129.0, 128.0, 127.0, 128.0, 130.0, 128.0, 128.0, 130.0, 129.0, 128.0, 128.0, 128.0, 129.0, 127.0, 130.0, 128.0, 128.0, 129.0, 128.0, 130.0, 130.0, 131.0, 127.0, 128.0, 130.0, 127.0, 129.0, 128.0, 128.0, 128.0, 128.0]

l: 46
Fitness of mutation winner: 142.0
Crossover offspring real fitness: [129.0, 128.0, 129.0, 129.0, 128.0, 127.0, 128.0, 130.0, 128.0, 131.0, 128.0, 129.0, 129.0, 129.0, 128.0, 130.0, 128.0, 129.0, 127.0, 129.0, 128.0, 130.0, 129.0, 128.0, 129.0, 129.0, 128.0, 130.0, 128.0, 129.0, 128.0, 130.0, 129.0, 129.0, 129.0, 130.0, 125.0, 127.0, 129.0, 129.0]
Crossover offspring noisy fitness: [129.0, 128.0, 129.0, 129.0, 128.0, 127.0, 128.0, 130.0, 128.0, 131.0, 129.0, 129.0, 129.0, 129.0, 128.0, 130.0, 128.0, 129.0, 127.0, 129.0, 128.0, 130.0, 129.0, 128.0, 129.0, 129.0, 127.0, 130.0, 128.0, 129.0, 128.0, 130.0, 129.0, 129.0, 129.0, 130.0, 125.0, 127.0, 129.0, 129.0]

l: 33
Fitness of mutation winner: 143.0
Crossover offspring real fitness: [128.0, 128.0, 130.0, 128.0, 128.0, 128.0, 129.0, 128.0, 128.0, 128.0, 128.0, 127.0, 129.0, 128.0, 128.0, 129.0, 128.0, 129.0, 129.0, 129.0, 129.0, 127.0, 127.0, 128.0, 129.0, 128.0, 129.0, 129.0, 129.0, 129.0, 128.0, 128.0, 130.0, 128.0, 129.0, 128.0, 128.0, 128.0, 129.0, 127.0]
Crossover offspring noisy fitness: [128.0, 128.0, 130.0, 128.0, 128.0, 128.0, 129.0, 128.0, 128.0, 128.0, 128.0, 127.0, 129.0, 128.0, 128.0, 129.0, 128.0, 129.0, 129.0, 129.0, 129.0, 127.0, 127.0, 128.0, 129.0, 128.0, 129.0, 129.0, 129.0, 129.0, 128.0, 128.0, 130.0, 128.0, 129.0, 128.0, 128.0, 128.0, 129.0, 127.0]

l: 28
Fitness of mutation winner: 142.0
Crossover offspring real fitness: [128.0, 128.0, 129.0, 130.0, 129.0, 129.0, 129.0, 128.0, 130.0, 128.0, 129.0, 130.0, 129.0, 128.0, 128.0, 128.0, 128.0, 127.0, 128.0, 128.0, 128.0, 129.0, 127.0, 127.0, 128.0, 128.0, 128.0, 129.0, 130.0, 128.0, 128.0, 128.0, 129.0, 131.0, 129.0, 128.0, 128.0, 128.0, 129.0, 128.0]
Crossover offspring noisy fitness: [128.0, 128.0, 129.0, 130.0, 129.0, 129.0, 129.0, 128.0, 130.0, 128.0, 129.0, 130.0, 128.0, 128.0, 128.0, 128.0, 128.0, 127.0, 128.0, 128.0, 128.0, 129.0, 127.0, 127.0, 128.0, 128.0, 128.0, 129.0, 130.0, 128.0, 128.0, 128.0, 129.0, 131.0, 129.0, 128.0, 128.0, 128.0, 129.0, 128.0]

l: 36
Fitness of mutation winner: 136.0
Crossover offspring real fitness: [127.0, 129.0, 130.0, 128.0, 129.0, 129.0, 129.0, 129.0, 129.0, 129.0, 127.0, 127.0, 128.0, 127.0, 129.0, 129.0, 127.0, 130.0, 129.0, 128.0, 128.0, 129.0, 127.0, 128.0, 128.0, 128.0, 130.0, 129.0, 127.0, 127.0, 129.0, 128.0, 129.0, 127.0, 129.0, 128.0, 127.0, 127.0, 128.0, 128.0]
Crossover offspring noisy fitness: [127.0, 129.0, 130.0, 127.0, 129.0, 129.0, 129.0, 129.0, 129.0, 129.0, 127.0, 127.0, 129.0, 127.0, 129.0, 129.0, 127.0, 130.0, 129.0, 128.0, 127.0, 129.0, 128.0, 128.0, 128.0, 128.0, 130.0, 129.0, 127.0, 127.0, 129.0, 128.0, 129.0, 127.0, 129.0, 128.0, 127.0, 127.0, 128.0, 128.0]

l: 42
Fitness of mutation winner: 140.0
Crossover offspring real fitness: [128.0, 128.0, 128.0, 129.0, 128.0, 129.0, 126.0, 129.0, 128.0, 128.0, 128.0, 128.0, 129.0, 128.0, 129.0, 129.0, 128.0, 128.0, 127.0, 128.0, 127.0, 126.0, 131.0, 129.0, 127.0, 128.0, 130.0, 129.0, 127.0, 129.0, 127.0, 130.0, 127.0, 128.0, 130.0, 129.0, 128.0, 128.0, 128.0, 129.0]
Crossover offspring noisy fitness: [128.0, 128.0, 127.0, 129.0, 128.0, 129.0, 126.0, 130.0, 128.0, 128.0, 128.0, 128.0, 129.0, 128.0, 129.0, 129.0, 128.0, 128.0, 126.0, 128.0, 127.0, 126.0, 131.0, 129.0, 127.0, 128.0, 130.0, 128.0, 127.0, 129.0, 127.0, 130.0, 127.0, 128.0, 130.0, 129.0, 128.0, 127.0, 128.0, 129.0]

l: 44
Fitness of mutation winner: 138.0
Crossover offspring real fitness: [128.0, 128.0, 129.0, 129.0, 129.0, 129.0, 130.0, 127.0, 129.0, 128.0, 128.0, 129.0, 128.0, 128.0, 128.0, 127.0, 131.0, 130.0, 128.0, 128.0, 126.0, 127.0, 128.0, 128.0, 128.0, 128.0, 129.0, 126.0, 130.0, 129.0, 128.0, 128.0, 129.0, 128.0, 129.0, 128.0, 129.0, 128.0, 130.0, 128.0]
Crossover offspring noisy fitness: [128.0, 128.0, 129.0, 129.0, 129.0, 129.0, 130.0, 127.0, 130.0, 128.0, 128.0, 129.0, 128.0, 128.0, 128.0, 127.0, 131.0, 130.0, 128.0, 128.0, 126.0, 127.0, 128.0, 128.0, 128.0, 127.0, 129.0, 126.0, 130.0, 129.0, 128.0, 128.0, 129.0, 128.0, 129.0, 128.0, 129.0, 128.0, 130.0, 127.0]

l: 41
Fitness of mutation winner: 139.0
Crossover offspring real fitness: [131.0, 127.0, 129.0, 128.0, 129.0, 128.0, 128.0, 128.0, 128.0, 129.0, 126.0, 128.0, 127.0, 127.0, 127.0, 129.0, 128.0, 128.0, 129.0, 128.0, 128.0, 128.0, 127.0, 128.0, 128.0, 129.0, 127.0, 127.0, 128.0, 129.0, 129.0, 128.0, 130.0, 128.0, 128.0, 128.0, 129.0, 127.0, 128.0, 128.0]
Crossover offspring noisy fitness: [130.0, 127.0, 128.0, 127.0, 129.0, 128.0, 128.0, 128.0, 128.0, 129.0, 126.0, 128.0, 127.0, 127.0, 127.0, 129.0, 128.0, 128.0, 129.0, 128.0, 128.0, 128.0, 127.0, 128.0, 128.0, 129.0, 127.0, 127.0, 128.0, 129.0, 129.0, 128.0, 130.0, 128.0, 128.0, 128.0, 129.0, 127.0, 128.0, 128.0]

l: 33
Fitness of mutation winner: 137.0
Crossover offspring real fitness: [128.0, 128.0, 127.0, 127.0, 129.0, 129.0, 128.0, 129.0, 129.0, 128.0, 128.0, 128.0, 129.0, 128.0, 128.0, 128.0, 128.0, 128.0, 128.0, 128.0, 129.0, 128.0, 128.0, 130.0, 129.0, 128.0, 127.0, 128.0, 127.0, 128.0, 129.0, 129.0, 128.0, 131.0, 127.0, 129.0, 128.0, 128.0, 128.0, 128.0]
Crossover offspring noisy fitness: [128.0, 128.0, 127.0, 127.0, 129.0, 129.0, 128.0, 129.0, 129.0, 128.0, 128.0, 128.0, 129.0, 128.0, 128.0, 128.0, 128.0, 128.0, 128.0, 128.0, 129.0, 128.0, 128.0, 130.0, 129.0, 128.0, 127.0, 128.0, 127.0, 128.0, 129.0, 129.0, 128.0, 131.0, 127.0, 129.0, 128.0, 128.0, 128.0, 128.0]

l: 56
Fitness of mutation winner: 138.0
Crossover offspring real fitness: [130.0, 130.0, 128.0, 129.0, 126.0, 128.0, 130.0, 128.0, 128.0, 129.0, 129.0, 128.0, 129.0, 128.0, 127.0, 129.0, 131.0, 129.0, 129.0, 129.0, 127.0, 129.0, 127.0, 127.0, 128.0, 129.0, 129.0, 128.0, 128.0, 129.0, 128.0, 128.0, 128.0, 128.0, 130.0, 127.0, 129.0, 129.0, 128.0, 129.0]
Crossover offspring noisy fitness: [130.0, 130.0, 129.0, 129.0, 126.0, 128.0, 130.0, 128.0, 128.0, 129.0, 129.0, 128.0, 129.0, 128.0, 127.0, 129.0, 131.0, 129.0, 129.0, 129.0, 127.0, 129.0, 127.0, 127.0, 128.0, 129.0, 129.0, 128.0, 128.0, 129.0, 128.0, 128.0, 128.0, 127.0, 130.0, 127.0, 129.0, 129.0, 128.0, 129.0]

l: 52
Fitness of mutation winner: 146.0
Crossover offspring real fitness: [130.0, 128.0, 130.0, 129.0, 128.0, 129.0, 128.0, 129.0, 129.0, 129.0, 129.0, 131.0, 129.0, 128.0, 129.0, 129.0, 128.0, 129.0, 128.0, 132.0, 128.0, 128.0, 126.0, 130.0, 128.0, 129.0, 128.0, 130.0, 129.0, 130.0, 129.0, 129.0, 129.0, 129.0, 126.0, 129.0, 127.0, 127.0, 128.0, 127.0]
Crossover offspring noisy fitness: [130.0, 128.0, 130.0, 129.0, 128.0, 129.0, 128.0, 129.0, 129.0, 129.0, 129.0, 131.0, 129.0, 128.0, 129.0, 129.0, 128.0, 129.0, 128.0, 132.0, 128.0, 128.0, 126.0, 130.0, 128.0, 129.0, 128.0, 129.0, 129.0, 130.0, 129.0, 129.0, 129.0, 129.0, 126.0, 129.0, 126.0, 127.0, 128.0, 127.0]

l: 45
Fitness of mutation winner: 141.0
Crossover offspring real fitness: [129.0, 131.0, 129.0, 129.0, 127.0, 129.0, 128.0, 129.0, 128.0, 129.0, 130.0, 127.0, 128.0, 128.0, 127.0, 129.0, 128.0, 129.0, 127.0, 128.0, 128.0, 127.0, 127.0, 130.0, 128.0, 127.0, 130.0, 128.0, 128.0, 128.0, 132.0, 128.0, 128.0, 129.0, 129.0, 127.0, 129.0, 129.0, 126.0, 128.0]
Crossover offspring noisy fitness: [129.0, 131.0, 129.0, 129.0, 127.0, 128.0, 128.0, 129.0, 128.0, 129.0, 130.0, 127.0, 128.0, 128.0, 127.0, 129.0, 128.0, 129.0, 126.0, 128.0, 128.0, 127.0, 127.0, 130.0, 128.0, 127.0, 130.0, 128.0, 128.0, 128.0, 132.0, 128.0, 128.0, 129.0, 129.0, 127.0, 129.0, 129.0, 126.0, 128.0]

l: 33
Fitness of mutation winner: 143.0
Crossover offspring real fitness: [129.0, 127.0, 129.0, 128.0, 129.0, 129.0, 128.0, 128.0, 128.0, 128.0, 128.0, 129.0, 128.0, 128.0, 129.0, 128.0, 127.0, 129.0, 128.0, 130.0, 128.0, 128.0, 128.0, 128.0, 129.0, 128.0, 128.0, 128.0, 128.0, 128.0, 128.0, 128.0, 128.0, 128.0, 129.0, 128.0, 130.0, 127.0, 129.0, 129.0]
Crossover offspring noisy fitness: [129.0, 127.0, 129.0, 128.0, 129.0, 129.0, 128.0, 128.0, 128.0, 128.0, 128.0, 129.0, 128.0, 128.0, 129.0, 128.0, 127.0, 129.0, 128.0, 130.0, 128.0, 128.0, 128.0, 128.0, 129.0, 128.0, 128.0, 128.0, 128.0, 128.0, 128.0, 128.0, 128.0, 128.0, 129.0, 128.0, 130.0, 127.0, 129.0, 129.0]

l: 40
Fitness of mutation winner: 140.0
Crossover offspring real fitness: [127.0, 128.0, 129.0, 128.0, 128.0, 130.0, 128.0, 127.0, 128.0, 129.0, 130.0, 128.0, 128.0, 129.0, 129.0, 128.0, 128.0, 128.0, 127.0, 128.0, 130.0, 130.0, 129.0, 130.0, 128.0, 128.0, 128.0, 128.0, 128.0, 128.0, 130.0, 128.0, 128.0, 128.0, 128.0, 128.0, 130.0, 129.0, 128.0, 128.0]
Crossover offspring noisy fitness: [127.0, 128.0, 129.0, 128.0, 128.0, 130.0, 128.0, 127.0, 128.0, 129.0, 130.0, 128.0, 128.0, 129.0, 129.0, 128.0, 128.0, 128.0, 127.0, 128.0, 130.0, 130.0, 129.0, 130.0, 128.0, 128.0, 128.0, 128.0, 128.0, 128.0, 130.0, 128.0, 128.0, 128.0, 128.0, 128.0, 130.0, 130.0, 128.0, 129.0]

l: 34
Fitness of mutation winner: 142.0
Crossover offspring real fitness: [129.0, 127.0, 129.0, 127.0, 128.0, 127.0, 129.0, 127.0, 128.0, 129.0, 129.0, 128.0, 128.0, 127.0, 129.0, 127.0, 129.0, 131.0, 128.0, 130.0, 128.0, 129.0, 128.0, 128.0, 130.0, 128.0, 129.0, 128.0, 128.0, 132.0, 130.0, 128.0, 129.0, 128.0, 128.0, 130.0, 129.0, 128.0, 129.0, 130.0]
Crossover offspring noisy fitness: [129.0, 127.0, 129.0, 127.0, 128.0, 127.0, 129.0, 127.0, 128.0, 129.0, 129.0, 127.0, 128.0, 127.0, 129.0, 127.0, 129.0, 131.0, 128.0, 130.0, 128.0, 129.0, 127.0, 128.0, 130.0, 128.0, 129.0, 128.0, 128.0, 132.0, 130.0, 128.0, 129.0, 128.0, 128.0, 130.0, 129.0, 128.0, 129.0, 130.0]

l: 44
Fitness of mutation winner: 140.0
Crossover offspring real fitness: [129.0, 128.0, 128.0, 127.0, 128.0, 129.0, 128.0, 129.0, 133.0, 128.0, 128.0, 130.0, 127.0, 128.0, 128.0, 128.0, 128.0, 128.0, 128.0, 129.0, 130.0, 127.0, 127.0, 126.0, 129.0, 127.0, 127.0, 128.0, 127.0, 130.0, 128.0, 129.0, 129.0, 128.0, 129.0, 130.0, 127.0, 128.0, 128.0, 128.0]
Crossover offspring noisy fitness: [129.0, 127.0, 128.0, 127.0, 128.0, 129.0, 129.0, 129.0, 133.0, 128.0, 128.0, 130.0, 127.0, 128.0, 128.0, 128.0, 128.0, 128.0, 128.0, 129.0, 130.0, 127.0, 127.0, 126.0, 129.0, 127.0, 127.0, 128.0, 127.0, 130.0, 128.0, 129.0, 129.0, 128.0, 129.0, 130.0, 127.0, 128.0, 128.0, 128.0]

l: 50
Fitness of mutation winner: 138.0
Crossover offspring real fitness: [127.0, 128.0, 127.0, 128.0, 128.0, 127.0, 128.0, 130.0, 128.0, 128.0, 129.0, 128.0, 127.0, 128.0, 128.0, 126.0, 129.0, 128.0, 128.0, 130.0, 128.0, 129.0, 129.0, 131.0, 128.0, 129.0, 127.0, 129.0, 128.0, 127.0, 128.0, 128.0, 129.0, 131.0, 128.0, 128.0, 128.0, 126.0, 129.0, 128.0]
Crossover offspring noisy fitness: [127.0, 127.0, 127.0, 128.0, 128.0, 127.0, 128.0, 130.0, 128.0, 128.0, 129.0, 128.0, 127.0, 128.0, 128.0, 126.0, 129.0, 128.0, 128.0, 130.0, 128.0, 129.0, 129.0, 131.0, 128.0, 129.0, 127.0, 129.0, 128.0, 127.0, 128.0, 129.0, 129.0, 131.0, 128.0, 128.0, 128.0, 126.0, 129.0, 128.0]

l: 38
Fitness of mutation winner: 142.0
Crossover offspring real fitness: [128.0, 128.0, 129.0, 127.0, 128.0, 127.0, 128.0, 127.0, 128.0, 127.0, 130.0, 128.0, 130.0, 128.0, 128.0, 128.0, 129.0, 128.0, 129.0, 128.0, 129.0, 128.0, 128.0, 129.0, 127.0, 128.0, 126.0, 126.0, 128.0, 126.0, 129.0, 128.0, 128.0, 126.0, 128.0, 128.0, 129.0, 127.0, 128.0, 129.0]
Crossover offspring noisy fitness: [128.0, 128.0, 129.0, 127.0, 128.0, 127.0, 128.0, 127.0, 128.0, 127.0, 130.0, 128.0, 130.0, 128.0, 128.0, 128.0, 129.0, 128.0, 129.0, 128.0, 129.0, 128.0, 128.0, 129.0, 127.0, 128.0, 126.0, 125.0, 128.0, 126.0, 129.0, 128.0, 128.0, 126.0, 128.0, 128.0, 129.0, 127.0, 129.0, 129.0]

l: 36
Fitness of mutation winner: 140.0
Crossover offspring real fitness: [126.0, 128.0, 128.0, 128.0, 128.0, 129.0, 127.0, 129.0, 128.0, 130.0, 129.0, 128.0, 127.0, 128.0, 128.0, 130.0, 130.0, 129.0, 127.0, 128.0, 128.0, 127.0, 129.0, 128.0, 128.0, 127.0, 129.0, 129.0, 129.0, 128.0, 128.0, 128.0, 129.0, 127.0, 129.0, 129.0, 130.0, 128.0, 129.0, 128.0]
Crossover offspring noisy fitness: [126.0, 128.0, 128.0, 128.0, 128.0, 130.0, 127.0, 129.0, 128.0, 130.0, 129.0, 128.0, 127.0, 129.0, 128.0, 130.0, 130.0, 129.0, 127.0, 128.0, 128.0, 127.0, 129.0, 128.0, 128.0, 127.0, 129.0, 129.0, 129.0, 127.0, 128.0, 128.0, 129.0, 127.0, 129.0, 129.0, 130.0, 128.0, 129.0, 128.0]

l: 34
Fitness of mutation winner: 136.0
Crossover offspring real fitness: [128.0, 129.0, 128.0, 127.0, 128.0, 128.0, 129.0, 128.0, 129.0, 128.0, 127.0, 127.0, 128.0, 128.0, 130.0, 127.0, 129.0, 127.0, 128.0, 128.0, 128.0, 127.0, 128.0, 128.0, 129.0, 130.0, 129.0, 128.0, 127.0, 129.0, 128.0, 129.0, 129.0, 128.0, 129.0, 129.0, 128.0, 128.0, 128.0, 128.0]
Crossover offspring noisy fitness: [128.0, 129.0, 128.0, 127.0, 128.0, 128.0, 129.0, 128.0, 129.0, 129.0, 127.0, 127.0, 128.0, 128.0, 130.0, 126.0, 129.0, 127.0, 128.0, 127.0, 128.0, 127.0, 128.0, 128.0, 129.0, 130.0, 130.0, 128.0, 127.0, 129.0, 128.0, 129.0, 129.0, 128.0, 129.0, 129.0, 128.0, 128.0, 127.0, 128.0]

l: 45
Fitness of mutation winner: 137.0
Crossover offspring real fitness: [129.0, 127.0, 129.0, 127.0, 128.0, 129.0, 128.0, 126.0, 129.0, 127.0, 128.0, 129.0, 128.0, 127.0, 129.0, 130.0, 129.0, 128.0, 130.0, 126.0, 128.0, 128.0, 128.0, 128.0, 129.0, 127.0, 129.0, 128.0, 127.0, 130.0, 128.0, 131.0, 129.0, 128.0, 130.0, 132.0, 126.0, 128.0, 129.0, 128.0]
Crossover offspring noisy fitness: [129.0, 127.0, 129.0, 126.0, 128.0, 129.0, 128.0, 126.0, 129.0, 127.0, 128.0, 129.0, 128.0, 127.0, 129.0, 130.0, 129.0, 128.0, 130.0, 126.0, 128.0, 128.0, 128.0, 128.0, 129.0, 127.0, 129.0, 128.0, 127.0, 130.0, 128.0, 131.0, 129.0, 128.0, 130.0, 132.0, 126.0, 128.0, 129.0, 128.0]

l: 45
Fitness of mutation winner: 143.0
Crossover offspring real fitness: [127.0, 129.0, 129.0, 128.0, 127.0, 129.0, 130.0, 129.0, 127.0, 128.0, 127.0, 127.0, 128.0, 128.0, 129.0, 131.0, 130.0, 129.0, 129.0, 128.0, 129.0, 129.0, 129.0, 128.0, 129.0, 129.0, 128.0, 128.0, 129.0, 129.0, 128.0, 129.0, 129.0, 127.0, 128.0, 129.0, 130.0, 128.0, 128.0, 131.0]
Crossover offspring noisy fitness: [127.0, 129.0, 129.0, 128.0, 127.0, 129.0, 130.0, 129.0, 127.0, 128.0, 127.0, 127.0, 128.0, 128.0, 129.0, 131.0, 130.0, 129.0, 129.0, 128.0, 129.0, 129.0, 129.0, 128.0, 129.0, 129.0, 128.0, 128.0, 129.0, 129.0, 128.0, 129.0, 128.0, 126.0, 128.0, 129.0, 130.0, 128.0, 128.0, 131.0]

l: 50
Fitness of mutation winner: 140.0
Crossover offspring real fitness: [128.0, 128.0, 128.0, 128.0, 128.0, 129.0, 128.0, 128.0, 129.0, 127.0, 131.0, 128.0, 129.0, 128.0, 130.0, 129.0, 128.0, 128.0, 129.0, 129.0, 127.0, 129.0, 127.0, 131.0, 128.0, 128.0, 128.0, 127.0, 128.0, 130.0, 128.0, 129.0, 126.0, 129.0, 129.0, 128.0, 124.0, 129.0, 128.0, 128.0]
Crossover offspring noisy fitness: [128.0, 128.0, 128.0, 128.0, 128.0, 129.0, 128.0, 128.0, 129.0, 127.0, 131.0, 128.0, 129.0, 128.0, 130.0, 129.0, 128.0, 128.0, 129.0, 128.0, 127.0, 129.0, 127.0, 132.0, 128.0, 128.0, 127.0, 127.0, 128.0, 130.0, 128.0, 129.0, 126.0, 129.0, 129.0, 129.0, 124.0, 129.0, 128.0, 128.0]

l: 40
Fitness of mutation winner: 138.0
Crossover offspring real fitness: [130.0, 128.0, 128.0, 128.0, 130.0, 128.0, 128.0, 128.0, 129.0, 128.0, 128.0, 129.0, 128.0, 130.0, 128.0, 127.0, 128.0, 128.0, 127.0, 128.0, 128.0, 129.0, 131.0, 129.0, 127.0, 128.0, 131.0, 131.0, 129.0, 128.0, 127.0, 128.0, 128.0, 128.0, 129.0, 130.0, 129.0, 127.0, 127.0, 126.0]
Crossover offspring noisy fitness: [130.0, 128.0, 128.0, 128.0, 130.0, 128.0, 128.0, 128.0, 129.0, 127.0, 128.0, 129.0, 128.0, 130.0, 128.0, 128.0, 129.0, 128.0, 127.0, 128.0, 128.0, 129.0, 131.0, 129.0, 127.0, 128.0, 131.0, 131.0, 129.0, 128.0, 127.0, 128.0, 128.0, 128.0, 129.0, 130.0, 129.0, 127.0, 127.0, 126.0]

l: 34
Fitness of mutation winner: 140.0
Crossover offspring real fitness: [129.0, 128.0, 128.0, 127.0, 128.0, 128.0, 129.0, 128.0, 129.0, 129.0, 128.0, 128.0, 129.0, 129.0, 128.0, 127.0, 127.0, 128.0, 127.0, 125.0, 129.0, 127.0, 128.0, 128.0, 128.0, 128.0, 128.0, 129.0, 127.0, 130.0, 128.0, 129.0, 129.0, 129.0, 129.0, 129.0, 128.0, 128.0, 128.0, 129.0]
Crossover offspring noisy fitness: [129.0, 128.0, 128.0, 127.0, 128.0, 128.0, 129.0, 128.0, 129.0, 129.0, 128.0, 128.0, 128.0, 130.0, 128.0, 127.0, 127.0, 128.0, 127.0, 125.0, 129.0, 127.0, 128.0, 128.0, 128.0, 128.0, 128.0, 129.0, 127.0, 130.0, 129.0, 129.0, 129.0, 129.0, 129.0, 129.0, 128.0, 128.0, 128.0, 129.0]

l: 35
Fitness of mutation winner: 141.0
Crossover offspring real fitness: [130.0, 128.0, 129.0, 130.0, 128.0, 128.0, 128.0, 128.0, 128.0, 128.0, 129.0, 129.0, 128.0, 128.0, 129.0, 130.0, 130.0, 129.0, 127.0, 129.0, 128.0, 127.0, 127.0, 129.0, 129.0, 128.0, 127.0, 130.0, 127.0, 128.0, 128.0, 129.0, 128.0, 128.0, 129.0, 128.0, 129.0, 128.0, 129.0, 128.0]
Crossover offspring noisy fitness: [130.0, 128.0, 129.0, 130.0, 128.0, 128.0, 128.0, 128.0, 128.0, 128.0, 130.0, 129.0, 128.0, 128.0, 129.0, 130.0, 130.0, 129.0, 127.0, 129.0, 128.0, 127.0, 127.0, 129.0, 129.0, 128.0, 127.0, 130.0, 126.0, 128.0, 128.0, 129.0, 128.0, 128.0, 130.0, 128.0, 129.0, 128.0, 129.0, 128.0]

l: 32
Fitness of mutation winner: 138.0
Crossover offspring real fitness: [128.0, 128.0, 127.0, 128.0, 128.0, 128.0, 129.0, 130.0, 128.0, 127.0, 129.0, 127.0, 127.0, 128.0, 129.0, 130.0, 128.0, 128.0, 128.0, 128.0, 129.0, 130.0, 128.0, 129.0, 129.0, 128.0, 128.0, 128.0, 129.0, 130.0, 128.0, 128.0, 128.0, 128.0, 129.0, 128.0, 129.0, 126.0, 128.0, 128.0]
Crossover offspring noisy fitness: [128.0, 128.0, 127.0, 128.0, 128.0, 128.0, 129.0, 130.0, 128.0, 127.0, 129.0, 127.0, 127.0, 128.0, 129.0, 130.0, 128.0, 128.0, 128.0, 128.0, 129.0, 130.0, 128.0, 129.0, 129.0, 128.0, 128.0, 128.0, 129.0, 130.0, 128.0, 128.0, 128.0, 128.0, 129.0, 129.0, 129.0, 126.0, 128.0, 129.0]

l: 43
Fitness of mutation winner: 137.0
Crossover offspring real fitness: [127.0, 128.0, 129.0, 130.0, 130.0, 128.0, 128.0, 129.0, 128.0, 127.0, 129.0, 128.0, 128.0, 127.0, 127.0, 129.0, 129.0, 129.0, 128.0, 128.0, 128.0, 129.0, 127.0, 129.0, 127.0, 130.0, 129.0, 128.0, 129.0, 129.0, 127.0, 128.0, 127.0, 128.0, 126.0, 131.0, 129.0, 128.0, 127.0, 127.0]
Crossover offspring noisy fitness: [127.0, 129.0, 129.0, 130.0, 130.0, 128.0, 129.0, 129.0, 128.0, 127.0, 130.0, 128.0, 128.0, 127.0, 127.0, 129.0, 129.0, 129.0, 128.0, 127.0, 128.0, 129.0, 127.0, 129.0, 127.0, 130.0, 129.0, 128.0, 129.0, 129.0, 127.0, 128.0, 127.0, 128.0, 127.0, 131.0, 129.0, 128.0, 127.0, 128.0]

l: 38
Fitness of mutation winner: 138.0
Crossover offspring real fitness: [130.0, 127.0, 127.0, 127.0, 128.0, 130.0, 131.0, 128.0, 129.0, 128.0, 128.0, 127.0, 129.0, 127.0, 129.0, 129.0, 129.0, 129.0, 128.0, 127.0, 128.0, 128.0, 128.0, 129.0, 128.0, 127.0, 129.0, 128.0, 129.0, 128.0, 128.0, 129.0, 128.0, 128.0, 127.0, 128.0, 129.0, 127.0, 128.0, 128.0]
Crossover offspring noisy fitness: [130.0, 127.0, 127.0, 127.0, 128.0, 130.0, 131.0, 128.0, 129.0, 128.0, 128.0, 127.0, 129.0, 127.0, 129.0, 129.0, 129.0, 129.0, 128.0, 127.0, 128.0, 128.0, 128.0, 129.0, 128.0, 127.0, 129.0, 128.0, 129.0, 128.0, 128.0, 129.0, 128.0, 128.0, 127.0, 128.0, 129.0, 127.0, 128.0, 128.0]

l: 35
Fitness of mutation winner: 139.0
Crossover offspring real fitness: [128.0, 130.0, 129.0, 127.0, 128.0, 126.0, 127.0, 128.0, 128.0, 128.0, 127.0, 128.0, 129.0, 129.0, 128.0, 128.0, 128.0, 128.0, 128.0, 128.0, 129.0, 127.0, 129.0, 130.0, 129.0, 130.0, 127.0, 129.0, 128.0, 128.0, 127.0, 127.0, 127.0, 128.0, 129.0, 128.0, 128.0, 128.0, 128.0, 128.0]
Crossover offspring noisy fitness: [128.0, 130.0, 129.0, 127.0, 128.0, 126.0, 127.0, 128.0, 128.0, 127.0, 127.0, 128.0, 129.0, 129.0, 128.0, 128.0, 128.0, 128.0, 128.0, 128.0, 128.0, 127.0, 129.0, 130.0, 129.0, 130.0, 127.0, 129.0, 128.0, 128.0, 127.0, 127.0, 127.0, 128.0, 129.0, 128.0, 128.0, 128.0, 128.0, 128.0]

l: 40
Fitness of mutation winner: 140.0
Crossover offspring real fitness: [128.0, 130.0, 128.0, 129.0, 128.0, 128.0, 129.0, 128.0, 130.0, 128.0, 128.0, 128.0, 128.0, 130.0, 129.0, 128.0, 129.0, 128.0, 128.0, 127.0, 130.0, 130.0, 127.0, 127.0, 127.0, 128.0, 131.0, 128.0, 132.0, 129.0, 128.0, 129.0, 128.0, 127.0, 127.0, 128.0, 127.0, 129.0, 127.0, 127.0]
Crossover offspring noisy fitness: [128.0, 130.0, 128.0, 129.0, 128.0, 128.0, 129.0, 129.0, 130.0, 128.0, 128.0, 128.0, 128.0, 130.0, 129.0, 128.0, 129.0, 128.0, 128.0, 127.0, 130.0, 130.0, 127.0, 127.0, 127.0, 128.0, 131.0, 128.0, 132.0, 129.0, 128.0, 129.0, 128.0, 127.0, 127.0, 128.0, 127.0, 129.0, 127.0, 127.0]

l: 42
Fitness of mutation winner: 144.0
Crossover offspring real fitness: [129.0, 129.0, 129.0, 128.0, 128.0, 128.0, 128.0, 127.0, 129.0, 129.0, 128.0, 128.0, 128.0, 130.0, 128.0, 128.0, 129.0, 130.0, 129.0, 127.0, 131.0, 128.0, 129.0, 128.0, 128.0, 130.0, 129.0, 129.0, 129.0, 127.0, 130.0, 129.0, 128.0, 128.0, 127.0, 128.0, 129.0, 129.0, 129.0, 127.0]
Crossover offspring noisy fitness: [129.0, 129.0, 129.0, 128.0, 128.0, 128.0, 128.0, 127.0, 129.0, 129.0, 128.0, 128.0, 128.0, 130.0, 128.0, 128.0, 129.0, 130.0, 129.0, 128.0, 131.0, 128.0, 129.0, 128.0, 128.0, 130.0, 129.0, 129.0, 129.0, 127.0, 130.0, 129.0, 128.0, 128.0, 127.0, 128.0, 129.0, 129.0, 129.0, 127.0]

l: 42
Fitness of mutation winner: 140.0
Crossover offspring real fitness: [130.0, 128.0, 126.0, 128.0, 127.0, 127.0, 128.0, 128.0, 129.0, 128.0, 129.0, 128.0, 128.0, 130.0, 128.0, 129.0, 127.0, 129.0, 129.0, 127.0, 129.0, 128.0, 128.0, 127.0, 129.0, 128.0, 128.0, 128.0, 128.0, 128.0, 128.0, 129.0, 128.0, 128.0, 129.0, 129.0, 128.0, 127.0, 128.0, 129.0]
Crossover offspring noisy fitness: [131.0, 128.0, 126.0, 128.0, 127.0, 127.0, 128.0, 128.0, 129.0, 128.0, 129.0, 128.0, 128.0, 130.0, 128.0, 129.0, 127.0, 129.0, 129.0, 127.0, 129.0, 128.0, 128.0, 127.0, 129.0, 128.0, 128.0, 128.0, 127.0, 128.0, 128.0, 129.0, 128.0, 128.0, 129.0, 129.0, 128.0, 127.0, 128.0, 129.0]

l: 38
Fitness of mutation winner: 139.0
Crossover offspring real fitness: [129.0, 130.0, 129.0, 128.0, 128.0, 128.0, 130.0, 130.0, 127.0, 128.0, 128.0, 128.0, 127.0, 129.0, 128.0, 130.0, 128.0, 127.0, 125.0, 128.0, 127.0, 128.0, 128.0, 129.0, 127.0, 129.0, 128.0, 128.0, 128.0, 129.0, 128.0, 126.0, 128.0, 128.0, 127.0, 127.0, 127.0, 129.0, 129.0, 128.0]
Crossover offspring noisy fitness: [129.0, 130.0, 129.0, 128.0, 127.0, 128.0, 130.0, 130.0, 127.0, 128.0, 129.0, 128.0, 127.0, 129.0, 128.0, 130.0, 128.0, 127.0, 125.0, 128.0, 127.0, 128.0, 128.0, 129.0, 127.0, 129.0, 128.0, 128.0, 128.0, 129.0, 128.0, 126.0, 128.0, 128.0, 127.0, 127.0, 128.0, 129.0, 129.0, 128.0]

l: 37
Fitness of mutation winner: 141.0
Crossover offspring real fitness: [130.0, 129.0, 128.0, 128.0, 127.0, 128.0, 128.0, 128.0, 130.0, 128.0, 128.0, 129.0, 129.0, 128.0, 130.0, 129.0, 129.0, 128.0, 128.0, 130.0, 128.0, 127.0, 127.0, 128.0, 128.0, 129.0, 127.0, 128.0, 129.0, 129.0, 128.0, 127.0, 129.0, 125.0, 129.0, 128.0, 128.0, 129.0, 129.0, 131.0]
Crossover offspring noisy fitness: [130.0, 129.0, 128.0, 128.0, 127.0, 128.0, 128.0, 128.0, 130.0, 128.0, 128.0, 129.0, 129.0, 128.0, 130.0, 129.0, 129.0, 128.0, 128.0, 130.0, 128.0, 127.0, 127.0, 128.0, 128.0, 129.0, 127.0, 128.0, 129.0, 129.0, 128.0, 127.0, 129.0, 125.0, 129.0, 128.0, 128.0, 129.0, 129.0, 131.0]

l: 45
Fitness of mutation winner: 139.0
Crossover offspring real fitness: [130.0, 129.0, 128.0, 129.0, 129.0, 129.0, 129.0, 129.0, 129.0, 129.0, 130.0, 129.0, 129.0, 129.0, 127.0, 128.0, 128.0, 129.0, 129.0, 127.0, 128.0, 127.0, 127.0, 128.0, 129.0, 128.0, 128.0, 128.0, 129.0, 127.0, 128.0, 128.0, 129.0, 128.0, 127.0, 128.0, 126.0, 128.0, 130.0, 127.0]
Crossover offspring noisy fitness: [130.0, 129.0, 128.0, 129.0, 129.0, 129.0, 129.0, 128.0, 129.0, 129.0, 130.0, 129.0, 129.0, 129.0, 127.0, 128.0, 128.0, 129.0, 129.0, 127.0, 128.0, 127.0, 127.0, 128.0, 129.0, 128.0, 128.0, 128.0, 129.0, 127.0, 128.0, 128.0, 129.0, 128.0, 127.0, 128.0, 126.0, 128.0, 130.0, 127.0]

l: 31
Fitness of mutation winner: 139.0
Crossover offspring real fitness: [128.0, 128.0, 128.0, 129.0, 129.0, 129.0, 128.0, 129.0, 128.0, 129.0, 130.0, 128.0, 129.0, 129.0, 129.0, 129.0, 127.0, 128.0, 126.0, 129.0, 127.0, 129.0, 127.0, 129.0, 128.0, 129.0, 129.0, 127.0, 128.0, 127.0, 128.0, 128.0, 129.0, 128.0, 129.0, 126.0, 128.0, 127.0, 128.0, 130.0]
Crossover offspring noisy fitness: [128.0, 128.0, 128.0, 130.0, 128.0, 129.0, 128.0, 129.0, 127.0, 129.0, 130.0, 128.0, 129.0, 131.0, 129.0, 129.0, 127.0, 128.0, 126.0, 129.0, 127.0, 129.0, 127.0, 128.0, 127.0, 129.0, 129.0, 127.0, 128.0, 127.0, 127.0, 128.0, 129.0, 128.0, 129.0, 126.0, 128.0, 127.0, 128.0, 130.0]

l: 44
Fitness of mutation winner: 138.0
Crossover offspring real fitness: [127.0, 129.0, 128.0, 129.0, 129.0, 127.0, 129.0, 130.0, 129.0, 128.0, 128.0, 127.0, 128.0, 129.0, 127.0, 129.0, 128.0, 130.0, 128.0, 130.0, 128.0, 129.0, 128.0, 128.0, 128.0, 127.0, 129.0, 130.0, 130.0, 129.0, 128.0, 128.0, 128.0, 127.0, 127.0, 131.0, 128.0, 128.0, 128.0, 127.0]
Crossover offspring noisy fitness: [127.0, 129.0, 128.0, 129.0, 129.0, 127.0, 129.0, 130.0, 129.0, 128.0, 128.0, 127.0, 128.0, 129.0, 127.0, 129.0, 128.0, 130.0, 128.0, 130.0, 128.0, 129.0, 128.0, 128.0, 127.0, 127.0, 129.0, 130.0, 130.0, 129.0, 128.0, 128.0, 128.0, 127.0, 127.0, 131.0, 128.0, 128.0, 128.0, 127.0]

l: 42
Fitness of mutation winner: 144.0
Crossover offspring real fitness: [128.0, 131.0, 127.0, 128.0, 128.0, 129.0, 130.0, 130.0, 127.0, 128.0, 128.0, 128.0, 127.0, 128.0, 129.0, 129.0, 128.0, 129.0, 126.0, 129.0, 131.0, 128.0, 129.0, 128.0, 127.0, 130.0, 128.0, 130.0, 127.0, 129.0, 128.0, 127.0, 128.0, 129.0, 128.0, 129.0, 130.0, 127.0, 127.0, 129.0]
Crossover offspring noisy fitness: [128.0, 131.0, 127.0, 128.0, 128.0, 129.0, 130.0, 130.0, 127.0, 128.0, 128.0, 128.0, 127.0, 128.0, 129.0, 129.0, 128.0, 129.0, 126.0, 129.0, 131.0, 128.0, 129.0, 128.0, 127.0, 130.0, 128.0, 130.0, 127.0, 129.0, 128.0, 127.0, 128.0, 129.0, 128.0, 129.0, 130.0, 126.0, 127.0, 129.0]

l: 36
Fitness of mutation winner: 140.0
Crossover offspring real fitness: [128.0, 129.0, 128.0, 128.0, 129.0, 128.0, 129.0, 129.0, 128.0, 129.0, 129.0, 127.0, 128.0, 128.0, 128.0, 128.0, 129.0, 127.0, 127.0, 129.0, 128.0, 129.0, 128.0, 128.0, 129.0, 130.0, 128.0, 129.0, 127.0, 127.0, 128.0, 126.0, 129.0, 128.0, 126.0, 128.0, 129.0, 128.0, 129.0, 129.0]
Crossover offspring noisy fitness: [128.0, 129.0, 128.0, 128.0, 129.0, 128.0, 129.0, 129.0, 128.0, 129.0, 129.0, 127.0, 128.0, 128.0, 128.0, 128.0, 129.0, 127.0, 127.0, 129.0, 128.0, 129.0, 128.0, 128.0, 129.0, 130.0, 128.0, 129.0, 127.0, 127.0, 128.0, 126.0, 129.0, 128.0, 126.0, 128.0, 129.0, 128.0, 129.0, 129.0]

l: 41
Fitness of mutation winner: 143.0
Crossover offspring real fitness: [128.0, 127.0, 127.0, 128.0, 130.0, 129.0, 129.0, 130.0, 130.0, 129.0, 129.0, 130.0, 126.0, 129.0, 129.0, 128.0, 129.0, 130.0, 127.0, 128.0, 127.0, 129.0, 128.0, 130.0, 129.0, 129.0, 128.0, 128.0, 126.0, 129.0, 129.0, 129.0, 128.0, 129.0, 130.0, 127.0, 128.0, 128.0, 129.0, 129.0]
Crossover offspring noisy fitness: [128.0, 127.0, 127.0, 128.0, 130.0, 129.0, 129.0, 130.0, 130.0, 129.0, 129.0, 130.0, 126.0, 129.0, 129.0, 128.0, 129.0, 130.0, 127.0, 128.0, 127.0, 129.0, 128.0, 130.0, 129.0, 129.0, 128.0, 129.0, 126.0, 129.0, 129.0, 129.0, 128.0, 129.0, 130.0, 127.0, 128.0, 128.0, 129.0, 129.0]

l: 45
Fitness of mutation winner: 142.0
Crossover offspring real fitness: [128.0, 127.0, 129.0, 130.0, 128.0, 130.0, 128.0, 127.0, 129.0, 128.0, 127.0, 127.0, 129.0, 129.0, 130.0, 129.0, 127.0, 129.0, 128.0, 128.0, 128.0, 127.0, 128.0, 131.0, 128.0, 130.0, 128.0, 129.0, 128.0, 125.0, 128.0, 130.0, 129.0, 128.0, 127.0, 128.0, 127.0, 129.0, 129.0, 129.0]
Crossover offspring noisy fitness: [128.0, 127.0, 129.0, 130.0, 128.0, 130.0, 128.0, 127.0, 128.0, 128.0, 127.0, 127.0, 129.0, 129.0, 130.0, 129.0, 127.0, 129.0, 128.0, 128.0, 128.0, 127.0, 128.0, 131.0, 127.0, 130.0, 127.0, 129.0, 128.0, 125.0, 128.0, 130.0, 129.0, 129.0, 127.0, 128.0, 127.0, 129.0, 130.0, 129.0]

l: 38
Fitness of mutation winner: 140.0
Crossover offspring real fitness: [128.0, 127.0, 128.0, 129.0, 127.0, 128.0, 128.0, 129.0, 129.0, 127.0, 128.0, 127.0, 127.0, 127.0, 128.0, 130.0, 129.0, 128.0, 129.0, 128.0, 129.0, 127.0, 130.0, 129.0, 128.0, 129.0, 128.0, 129.0, 130.0, 127.0, 128.0, 129.0, 128.0, 129.0, 128.0, 128.0, 128.0, 129.0, 128.0, 129.0]
Crossover offspring noisy fitness: [128.0, 127.0, 128.0, 129.0, 127.0, 128.0, 128.0, 129.0, 129.0, 127.0, 128.0, 127.0, 127.0, 127.0, 128.0, 129.0, 129.0, 128.0, 129.0, 128.0, 129.0, 127.0, 130.0, 129.0, 128.0, 129.0, 128.0, 129.0, 130.0, 127.0, 128.0, 129.0, 128.0, 129.0, 128.0, 128.0, 128.0, 129.0, 128.0, 129.0]

l: 47
Fitness of mutation winner: 135.0
Crossover offspring real fitness: [128.0, 129.0, 128.0, 128.0, 128.0, 127.0, 128.0, 128.0, 127.0, 128.0, 127.0, 129.0, 128.0, 128.0, 130.0, 127.0, 128.0, 129.0, 129.0, 129.0, 127.0, 128.0, 128.0, 128.0, 127.0, 127.0, 128.0, 129.0, 128.0, 127.0, 128.0, 128.0, 127.0, 129.0, 128.0, 128.0, 128.0, 128.0, 131.0, 129.0]
Crossover offspring noisy fitness: [128.0, 129.0, 128.0, 128.0, 128.0, 127.0, 128.0, 128.0, 127.0, 128.0, 127.0, 129.0, 128.0, 128.0, 130.0, 127.0, 127.0, 129.0, 129.0, 129.0, 127.0, 128.0, 128.0, 128.0, 127.0, 127.0, 129.0, 129.0, 128.0, 127.0, 128.0, 128.0, 128.0, 129.0, 128.0, 128.0, 128.0, 128.0, 132.0, 129.0]

l: 43
Fitness of mutation winner: 137.0
Crossover offspring real fitness: [131.0, 128.0, 129.0, 130.0, 128.0, 127.0, 129.0, 128.0, 129.0, 126.0, 128.0, 129.0, 128.0, 128.0, 129.0, 130.0, 129.0, 127.0, 129.0, 128.0, 129.0, 128.0, 128.0, 128.0, 129.0, 128.0, 128.0, 128.0, 129.0, 129.0, 128.0, 128.0, 128.0, 128.0, 128.0, 129.0, 128.0, 128.0, 128.0, 126.0]
Crossover offspring noisy fitness: [131.0, 128.0, 129.0, 130.0, 128.0, 127.0, 129.0, 128.0, 129.0, 126.0, 128.0, 129.0, 128.0, 128.0, 128.0, 130.0, 129.0, 127.0, 129.0, 128.0, 129.0, 128.0, 128.0, 128.0, 129.0, 128.0, 128.0, 128.0, 129.0, 129.0, 128.0, 128.0, 128.0, 128.0, 128.0, 129.0, 128.0, 128.0, 128.0, 126.0]

l: 29
Fitness of mutation winner: 136.0
Crossover offspring real fitness: [128.0, 128.0, 128.0, 128.0, 129.0, 128.0, 128.0, 128.0, 129.0, 128.0, 128.0, 127.0, 129.0, 128.0, 128.0, 128.0, 130.0, 128.0, 129.0, 127.0, 128.0, 127.0, 127.0, 128.0, 128.0, 127.0, 129.0, 126.0, 127.0, 128.0, 128.0, 130.0, 127.0, 128.0, 130.0, 128.0, 130.0, 128.0, 128.0, 128.0]
Crossover offspring noisy fitness: [128.0, 128.0, 128.0, 128.0, 129.0, 128.0, 128.0, 128.0, 129.0, 128.0, 128.0, 127.0, 129.0, 128.0, 128.0, 128.0, 130.0, 128.0, 129.0, 127.0, 128.0, 127.0, 127.0, 128.0, 128.0, 127.0, 129.0, 126.0, 127.0, 128.0, 128.0, 130.0, 127.0, 128.0, 130.0, 128.0, 130.0, 128.0, 128.0, 128.0]

l: 42
Fitness of mutation winner: 138.0
Crossover offspring real fitness: [128.0, 127.0, 129.0, 128.0, 128.0, 130.0, 127.0, 128.0, 128.0, 127.0, 129.0, 129.0, 127.0, 128.0, 129.0, 129.0, 128.0, 128.0, 130.0, 128.0, 128.0, 129.0, 127.0, 129.0, 127.0, 128.0, 130.0, 131.0, 129.0, 129.0, 129.0, 128.0, 127.0, 126.0, 128.0, 128.0, 128.0, 129.0, 129.0, 129.0]
Crossover offspring noisy fitness: [128.0, 127.0, 129.0, 128.0, 128.0, 130.0, 127.0, 128.0, 128.0, 127.0, 129.0, 129.0, 127.0, 128.0, 129.0, 129.0, 128.0, 127.0, 130.0, 128.0, 128.0, 129.0, 127.0, 129.0, 127.0, 128.0, 130.0, 131.0, 129.0, 129.0, 129.0, 128.0, 127.0, 126.0, 128.0, 128.0, 128.0, 129.0, 129.0, 129.0]

l: 38
Fitness of mutation winner: 138.0
Crossover offspring real fitness: [129.0, 128.0, 128.0, 128.0, 128.0, 128.0, 129.0, 130.0, 131.0, 128.0, 127.0, 129.0, 128.0, 128.0, 127.0, 129.0, 130.0, 129.0, 128.0, 128.0, 128.0, 129.0, 128.0, 128.0, 128.0, 127.0, 128.0, 127.0, 130.0, 128.0, 128.0, 129.0, 128.0, 130.0, 128.0, 128.0, 128.0, 128.0, 127.0, 128.0]
Crossover offspring noisy fitness: [129.0, 128.0, 128.0, 128.0, 128.0, 128.0, 129.0, 130.0, 131.0, 128.0, 127.0, 129.0, 128.0, 128.0, 127.0, 129.0, 130.0, 129.0, 129.0, 128.0, 128.0, 129.0, 128.0, 128.0, 128.0, 127.0, 128.0, 127.0, 130.0, 128.0, 128.0, 129.0, 128.0, 129.0, 128.0, 128.0, 128.0, 128.0, 127.0, 128.0]

l: 39
Fitness of mutation winner: 139.0
Crossover offspring real fitness: [128.0, 127.0, 127.0, 128.0, 128.0, 129.0, 129.0, 130.0, 128.0, 128.0, 128.0, 129.0, 129.0, 129.0, 129.0, 127.0, 128.0, 128.0, 128.0, 128.0, 128.0, 128.0, 129.0, 128.0, 129.0, 129.0, 130.0, 128.0, 128.0, 129.0, 127.0, 128.0, 128.0, 128.0, 130.0, 128.0, 128.0, 128.0, 128.0, 128.0]
Crossover offspring noisy fitness: [128.0, 127.0, 126.0, 128.0, 128.0, 129.0, 129.0, 130.0, 128.0, 128.0, 128.0, 129.0, 129.0, 129.0, 129.0, 127.0, 128.0, 128.0, 128.0, 128.0, 128.0, 128.0, 129.0, 128.0, 129.0, 129.0, 130.0, 128.0, 128.0, 129.0, 127.0, 127.0, 128.0, 128.0, 130.0, 128.0, 128.0, 128.0, 128.0, 128.0]

l: 38
Fitness of mutation winner: 140.0
Crossover offspring real fitness: [129.0, 127.0, 130.0, 130.0, 129.0, 128.0, 129.0, 128.0, 129.0, 129.0, 127.0, 128.0, 130.0, 128.0, 130.0, 128.0, 127.0, 128.0, 130.0, 131.0, 128.0, 129.0, 130.0, 127.0, 129.0, 128.0, 129.0, 127.0, 127.0, 129.0, 128.0, 128.0, 128.0, 128.0, 127.0, 128.0, 129.0, 128.0, 126.0, 128.0]
Crossover offspring noisy fitness: [129.0, 127.0, 131.0, 130.0, 129.0, 127.0, 128.0, 128.0, 129.0, 129.0, 127.0, 128.0, 130.0, 127.0, 130.0, 128.0, 127.0, 128.0, 130.0, 131.0, 128.0, 129.0, 130.0, 127.0, 129.0, 128.0, 129.0, 127.0, 127.0, 129.0, 128.0, 128.0, 128.0, 128.0, 127.0, 128.0, 129.0, 128.0, 126.0, 128.0]

l: 51
Fitness of mutation winner: 145.0
Crossover offspring real fitness: [129.0, 129.0, 129.0, 128.0, 129.0, 129.0, 129.0, 125.0, 128.0, 128.0, 127.0, 129.0, 128.0, 129.0, 128.0, 128.0, 131.0, 128.0, 130.0, 129.0, 126.0, 129.0, 130.0, 129.0, 128.0, 128.0, 128.0, 127.0, 128.0, 129.0, 126.0, 127.0, 130.0, 128.0, 130.0, 130.0, 130.0, 130.0, 129.0, 128.0]
Crossover offspring noisy fitness: [129.0, 129.0, 129.0, 128.0, 129.0, 129.0, 129.0, 125.0, 128.0, 128.0, 127.0, 129.0, 128.0, 129.0, 128.0, 128.0, 131.0, 128.0, 130.0, 129.0, 126.0, 129.0, 130.0, 129.0, 128.0, 128.0, 128.0, 127.0, 128.0, 129.0, 126.0, 127.0, 130.0, 128.0, 130.0, 130.0, 131.0, 130.0, 129.0, 128.0]

l: 36
Fitness of mutation winner: 142.0
Crossover offspring real fitness: [128.0, 130.0, 129.0, 128.0, 128.0, 127.0, 128.0, 129.0, 128.0, 127.0, 128.0, 128.0, 129.0, 129.0, 128.0, 130.0, 129.0, 129.0, 129.0, 128.0, 129.0, 127.0, 129.0, 130.0, 127.0, 130.0, 129.0, 129.0, 129.0, 129.0, 129.0, 127.0, 129.0, 129.0, 130.0, 128.0, 128.0, 129.0, 128.0, 129.0]
Crossover offspring noisy fitness: [128.0, 130.0, 129.0, 128.0, 128.0, 127.0, 128.0, 129.0, 128.0, 127.0, 128.0, 128.0, 129.0, 129.0, 128.0, 129.0, 129.0, 129.0, 129.0, 128.0, 129.0, 127.0, 129.0, 131.0, 127.0, 130.0, 129.0, 129.0, 129.0, 129.0, 129.0, 127.0, 129.0, 129.0, 130.0, 128.0, 128.0, 129.0, 128.0, 129.0]

l: 40
Fitness of mutation winner: 136.0
Crossover offspring real fitness: [127.0, 127.0, 129.0, 127.0, 126.0, 128.0, 129.0, 128.0, 128.0, 127.0, 128.0, 128.0, 128.0, 128.0, 130.0, 128.0, 125.0, 127.0, 128.0, 127.0, 128.0, 129.0, 127.0, 128.0, 129.0, 128.0, 128.0, 129.0, 130.0, 129.0, 129.0, 127.0, 127.0, 129.0, 128.0, 128.0, 130.0, 128.0, 128.0, 128.0]
Crossover offspring noisy fitness: [127.0, 127.0, 129.0, 127.0, 126.0, 128.0, 129.0, 128.0, 128.0, 127.0, 128.0, 128.0, 128.0, 128.0, 130.0, 128.0, 125.0, 127.0, 128.0, 127.0, 128.0, 129.0, 127.0, 128.0, 129.0, 128.0, 128.0, 129.0, 130.0, 129.0, 129.0, 127.0, 127.0, 129.0, 128.0, 128.0, 130.0, 128.0, 129.0, 128.0]

l: 47
Fitness of mutation winner: 143.0
Crossover offspring real fitness: [127.0, 130.0, 128.0, 129.0, 128.0, 128.0, 129.0, 130.0, 128.0, 129.0, 128.0, 128.0, 129.0, 129.0, 129.0, 131.0, 130.0, 128.0, 130.0, 128.0, 128.0, 129.0, 128.0, 129.0, 128.0, 127.0, 128.0, 129.0, 129.0, 127.0, 127.0, 126.0, 130.0, 129.0, 128.0, 130.0, 128.0, 128.0, 131.0, 127.0]
Crossover offspring noisy fitness: [127.0, 130.0, 128.0, 129.0, 128.0, 127.0, 129.0, 131.0, 128.0, 129.0, 128.0, 128.0, 129.0, 129.0, 130.0, 131.0, 130.0, 128.0, 130.0, 128.0, 128.0, 129.0, 128.0, 129.0, 128.0, 127.0, 128.0, 129.0, 129.0, 127.0, 127.0, 126.0, 130.0, 129.0, 128.0, 130.0, 128.0, 128.0, 131.0, 127.0]

l: 41
Fitness of mutation winner: 141.0
Crossover offspring real fitness: [128.0, 128.0, 130.0, 128.0, 129.0, 130.0, 128.0, 127.0, 128.0, 129.0, 128.0, 129.0, 128.0, 128.0, 131.0, 128.0, 128.0, 128.0, 129.0, 128.0, 129.0, 128.0, 127.0, 129.0, 129.0, 126.0, 130.0, 128.0, 130.0, 130.0, 128.0, 128.0, 127.0, 128.0, 129.0, 128.0, 128.0, 128.0, 129.0, 128.0]
Crossover offspring noisy fitness: [128.0, 128.0, 130.0, 128.0, 129.0, 130.0, 128.0, 127.0, 128.0, 129.0, 128.0, 129.0, 128.0, 128.0, 131.0, 128.0, 128.0, 128.0, 129.0, 128.0, 129.0, 128.0, 127.0, 129.0, 129.0, 126.0, 130.0, 128.0, 130.0, 130.0, 128.0, 128.0, 127.0, 128.0, 130.0, 128.0, 128.0, 128.0, 129.0, 128.0]

l: 43
Fitness of mutation winner: 141.0
Crossover offspring real fitness: [128.0, 127.0, 129.0, 126.0, 129.0, 129.0, 128.0, 127.0, 126.0, 127.0, 129.0, 128.0, 129.0, 128.0, 129.0, 129.0, 129.0, 128.0, 127.0, 128.0, 128.0, 128.0, 127.0, 129.0, 129.0, 127.0, 129.0, 128.0, 130.0, 128.0, 128.0, 128.0, 130.0, 127.0, 130.0, 129.0, 127.0, 128.0, 130.0, 127.0]
Crossover offspring noisy fitness: [128.0, 127.0, 129.0, 126.0, 129.0, 129.0, 128.0, 127.0, 126.0, 127.0, 129.0, 128.0, 129.0, 128.0, 129.0, 129.0, 129.0, 128.0, 127.0, 128.0, 128.0, 128.0, 128.0, 129.0, 129.0, 127.0, 129.0, 128.0, 130.0, 128.0, 128.0, 128.0, 130.0, 127.0, 130.0, 129.0, 128.0, 128.0, 130.0, 127.0]

l: 49
Fitness of mutation winner: 139.0
Crossover offspring real fitness: [131.0, 129.0, 130.0, 129.0, 126.0, 129.0, 129.0, 127.0, 127.0, 128.0, 128.0, 128.0, 128.0, 129.0, 126.0, 129.0, 129.0, 129.0, 129.0, 127.0, 129.0, 128.0, 127.0, 127.0, 130.0, 128.0, 127.0, 129.0, 127.0, 126.0, 128.0, 128.0, 129.0, 130.0, 128.0, 130.0, 128.0, 127.0, 129.0, 129.0]
Crossover offspring noisy fitness: [131.0, 129.0, 130.0, 129.0, 126.0, 130.0, 129.0, 127.0, 127.0, 128.0, 128.0, 128.0, 128.0, 129.0, 126.0, 129.0, 129.0, 129.0, 129.0, 127.0, 129.0, 128.0, 127.0, 128.0, 130.0, 128.0, 127.0, 129.0, 127.0, 126.0, 128.0, 128.0, 129.0, 130.0, 128.0, 130.0, 128.0, 127.0, 129.0, 129.0]

l: 41
Fitness of mutation winner: 135.0
Crossover offspring real fitness: [128.0, 129.0, 128.0, 130.0, 128.0, 128.0, 130.0, 130.0, 128.0, 128.0, 126.0, 127.0, 128.0, 128.0, 127.0, 128.0, 129.0, 128.0, 129.0, 128.0, 128.0, 126.0, 129.0, 129.0, 128.0, 130.0, 129.0, 130.0, 129.0, 127.0, 128.0, 127.0, 128.0, 128.0, 129.0, 129.0, 128.0, 128.0, 126.0, 128.0]
Crossover offspring noisy fitness: [128.0, 130.0, 128.0, 130.0, 128.0, 128.0, 130.0, 130.0, 128.0, 128.0, 126.0, 127.0, 128.0, 128.0, 127.0, 128.0, 129.0, 128.0, 129.0, 128.0, 129.0, 126.0, 129.0, 129.0, 128.0, 130.0, 129.0, 130.0, 129.0, 127.0, 128.0, 127.0, 128.0, 128.0, 129.0, 129.0, 128.0, 128.0, 126.0, 128.0]

l: 37
Fitness of mutation winner: 139.0
Crossover offspring real fitness: [128.0, 129.0, 128.0, 128.0, 128.0, 130.0, 128.0, 128.0, 128.0, 127.0, 128.0, 127.0, 127.0, 128.0, 129.0, 128.0, 128.0, 127.0, 129.0, 129.0, 128.0, 127.0, 128.0, 129.0, 129.0, 127.0, 128.0, 128.0, 128.0, 129.0, 129.0, 128.0, 128.0, 128.0, 129.0, 128.0, 129.0, 129.0, 128.0, 127.0]
Crossover offspring noisy fitness: [128.0, 129.0, 128.0, 128.0, 128.0, 131.0, 128.0, 128.0, 128.0, 127.0, 128.0, 127.0, 127.0, 128.0, 129.0, 128.0, 128.0, 127.0, 129.0, 129.0, 128.0, 127.0, 128.0, 129.0, 129.0, 127.0, 128.0, 128.0, 128.0, 129.0, 129.0, 128.0, 128.0, 128.0, 129.0, 128.0, 129.0, 129.0, 128.0, 127.0]

l: 33
Fitness of mutation winner: 139.0
Crossover offspring real fitness: [128.0, 129.0, 127.0, 127.0, 129.0, 128.0, 129.0, 129.0, 129.0, 127.0, 128.0, 129.0, 127.0, 129.0, 129.0, 127.0, 129.0, 127.0, 129.0, 129.0, 130.0, 128.0, 128.0, 128.0, 128.0, 129.0, 130.0, 128.0, 129.0, 130.0, 128.0, 126.0, 129.0, 128.0, 128.0, 129.0, 128.0, 129.0, 127.0, 129.0]
Crossover offspring noisy fitness: [128.0, 129.0, 127.0, 127.0, 130.0, 128.0, 129.0, 129.0, 129.0, 127.0, 128.0, 129.0, 127.0, 129.0, 129.0, 127.0, 129.0, 126.0, 129.0, 129.0, 130.0, 128.0, 128.0, 128.0, 128.0, 129.0, 130.0, 128.0, 129.0, 130.0, 128.0, 126.0, 129.0, 128.0, 128.0, 129.0, 128.0, 129.0, 127.0, 129.0]

l: 45
Fitness of mutation winner: 145.0
Crossover offspring real fitness: [130.0, 129.0, 127.0, 128.0, 129.0, 127.0, 129.0, 131.0, 128.0, 128.0, 130.0, 128.0, 128.0, 128.0, 129.0, 128.0, 130.0, 128.0, 129.0, 129.0, 129.0, 129.0, 129.0, 128.0, 127.0, 128.0, 130.0, 128.0, 128.0, 128.0, 129.0, 129.0, 128.0, 128.0, 128.0, 128.0, 128.0, 129.0, 129.0, 131.0]
Crossover offspring noisy fitness: [130.0, 129.0, 127.0, 128.0, 129.0, 127.0, 129.0, 131.0, 128.0, 128.0, 130.0, 128.0, 128.0, 128.0, 129.0, 128.0, 130.0, 128.0, 129.0, 129.0, 129.0, 129.0, 129.0, 128.0, 127.0, 128.0, 130.0, 128.0, 128.0, 129.0, 128.0, 129.0, 128.0, 128.0, 128.0, 128.0, 128.0, 129.0, 129.0, 131.0]

l: 41
Fitness of mutation winner: 143.0
Crossover offspring real fitness: [126.0, 129.0, 128.0, 127.0, 129.0, 128.0, 129.0, 128.0, 130.0, 128.0, 128.0, 128.0, 126.0, 129.0, 128.0, 128.0, 128.0, 128.0, 128.0, 128.0, 130.0, 128.0, 128.0, 128.0, 128.0, 128.0, 129.0, 128.0, 128.0, 128.0, 129.0, 129.0, 128.0, 128.0, 129.0, 127.0, 129.0, 128.0, 131.0, 130.0]
Crossover offspring noisy fitness: [126.0, 129.0, 128.0, 127.0, 129.0, 128.0, 128.0, 128.0, 130.0, 128.0, 128.0, 129.0, 126.0, 129.0, 128.0, 128.0, 128.0, 128.0, 128.0, 128.0, 130.0, 128.0, 128.0, 128.0, 128.0, 128.0, 129.0, 129.0, 128.0, 129.0, 129.0, 129.0, 128.0, 128.0, 129.0, 127.0, 129.0, 129.0, 131.0, 130.0]

l: 40
Fitness of mutation winner: 142.0
Crossover offspring real fitness: [129.0, 129.0, 128.0, 131.0, 130.0, 128.0, 128.0, 130.0, 128.0, 126.0, 129.0, 128.0, 128.0, 130.0, 128.0, 128.0, 127.0, 126.0, 128.0, 128.0, 128.0, 129.0, 127.0, 129.0, 129.0, 127.0, 129.0, 127.0, 128.0, 129.0, 128.0, 128.0, 128.0, 127.0, 128.0, 127.0, 128.0, 129.0, 130.0, 128.0]
Crossover offspring noisy fitness: [129.0, 129.0, 128.0, 131.0, 130.0, 128.0, 128.0, 130.0, 128.0, 126.0, 129.0, 128.0, 128.0, 130.0, 128.0, 128.0, 127.0, 126.0, 128.0, 128.0, 128.0, 129.0, 127.0, 129.0, 129.0, 127.0, 129.0, 127.0, 128.0, 129.0, 128.0, 128.0, 128.0, 127.0, 128.0, 127.0, 128.0, 129.0, 130.0, 128.0]

l: 46
Fitness of mutation winner: 142.0
Crossover offspring real fitness: [129.0, 128.0, 129.0, 127.0, 128.0, 130.0, 128.0, 127.0, 126.0, 129.0, 130.0, 128.0, 128.0, 129.0, 128.0, 127.0, 131.0, 127.0, 128.0, 128.0, 127.0, 127.0, 127.0, 128.0, 129.0, 127.0, 128.0, 128.0, 129.0, 128.0, 128.0, 130.0, 129.0, 127.0, 127.0, 130.0, 128.0, 132.0, 128.0, 128.0]
Crossover offspring noisy fitness: [129.0, 129.0, 129.0, 127.0, 128.0, 130.0, 128.0, 127.0, 126.0, 129.0, 130.0, 128.0, 128.0, 129.0, 128.0, 127.0, 131.0, 127.0, 128.0, 128.0, 127.0, 127.0, 127.0, 128.0, 129.0, 127.0, 128.0, 128.0, 129.0, 128.0, 128.0, 130.0, 129.0, 127.0, 127.0, 130.0, 128.0, 133.0, 128.0, 128.0]

l: 38
Fitness of mutation winner: 140.0
Crossover offspring real fitness: [130.0, 128.0, 127.0, 129.0, 129.0, 128.0, 129.0, 130.0, 129.0, 129.0, 129.0, 128.0, 128.0, 128.0, 127.0, 127.0, 128.0, 129.0, 128.0, 129.0, 128.0, 127.0, 129.0, 130.0, 127.0, 128.0, 128.0, 127.0, 129.0, 127.0, 126.0, 129.0, 127.0, 128.0, 129.0, 129.0, 128.0, 128.0, 129.0, 128.0]
Crossover offspring noisy fitness: [130.0, 128.0, 127.0, 129.0, 129.0, 128.0, 129.0, 130.0, 129.0, 129.0, 129.0, 128.0, 128.0, 128.0, 127.0, 127.0, 128.0, 129.0, 128.0, 129.0, 128.0, 127.0, 129.0, 130.0, 127.0, 128.0, 128.0, 127.0, 129.0, 127.0, 126.0, 129.0, 127.0, 128.0, 129.0, 129.0, 128.0, 128.0, 129.0, 128.0]

l: 36
Fitness of mutation winner: 141.0
Crossover offspring real fitness: [128.0, 132.0, 127.0, 129.0, 128.0, 130.0, 130.0, 127.0, 128.0, 129.0, 128.0, 130.0, 128.0, 128.0, 128.0, 128.0, 128.0, 129.0, 127.0, 127.0, 128.0, 129.0, 128.0, 128.0, 129.0, 128.0, 129.0, 127.0, 130.0, 131.0, 129.0, 129.0, 127.0, 128.0, 128.0, 129.0, 129.0, 130.0, 128.0, 129.0]
Crossover offspring noisy fitness: [128.0, 132.0, 127.0, 129.0, 128.0, 130.0, 130.0, 127.0, 128.0, 129.0, 128.0, 130.0, 128.0, 128.0, 128.0, 128.0, 128.0, 129.0, 127.0, 127.0, 128.0, 129.0, 128.0, 128.0, 129.0, 128.0, 129.0, 127.0, 130.0, 131.0, 129.0, 129.0, 127.0, 128.0, 128.0, 129.0, 129.0, 130.0, 128.0, 129.0]

l: 33
Fitness of mutation winner: 139.0
Crossover offspring real fitness: [127.0, 129.0, 128.0, 128.0, 129.0, 128.0, 129.0, 128.0, 129.0, 129.0, 128.0, 129.0, 129.0, 128.0, 128.0, 128.0, 129.0, 128.0, 129.0, 128.0, 129.0, 129.0, 128.0, 128.0, 128.0, 128.0, 128.0, 127.0, 128.0, 129.0, 128.0, 128.0, 130.0, 128.0, 128.0, 129.0, 127.0, 128.0, 130.0, 128.0]
Crossover offspring noisy fitness: [128.0, 129.0, 128.0, 128.0, 129.0, 129.0, 129.0, 129.0, 130.0, 129.0, 128.0, 129.0, 129.0, 128.0, 127.0, 128.0, 129.0, 128.0, 129.0, 128.0, 129.0, 129.0, 128.0, 128.0, 128.0, 128.0, 128.0, 127.0, 128.0, 129.0, 128.0, 128.0, 130.0, 128.0, 128.0, 129.0, 127.0, 128.0, 130.0, 128.0]

l: 37
Fitness of mutation winner: 141.0
Crossover offspring real fitness: [128.0, 128.0, 129.0, 129.0, 129.0, 129.0, 128.0, 128.0, 129.0, 128.0, 128.0, 129.0, 128.0, 127.0, 129.0, 129.0, 129.0, 128.0, 127.0, 128.0, 128.0, 129.0, 129.0, 129.0, 128.0, 127.0, 127.0, 128.0, 128.0, 128.0, 128.0, 128.0, 129.0, 128.0, 130.0, 129.0, 126.0, 128.0, 128.0, 127.0]
Crossover offspring noisy fitness: [128.0, 128.0, 129.0, 128.0, 129.0, 129.0, 128.0, 128.0, 129.0, 128.0, 128.0, 130.0, 128.0, 127.0, 130.0, 129.0, 129.0, 128.0, 127.0, 128.0, 128.0, 129.0, 129.0, 129.0, 128.0, 127.0, 128.0, 128.0, 128.0, 128.0, 128.0, 128.0, 129.0, 128.0, 130.0, 129.0, 126.0, 128.0, 128.0, 127.0]

l: 39
Fitness of mutation winner: 139.0
Crossover offspring real fitness: [127.0, 129.0, 128.0, 129.0, 129.0, 127.0, 129.0, 127.0, 128.0, 128.0, 128.0, 131.0, 128.0, 127.0, 128.0, 128.0, 128.0, 129.0, 128.0, 128.0, 130.0, 128.0, 128.0, 128.0, 129.0, 127.0, 128.0, 128.0, 130.0, 128.0, 127.0, 129.0, 128.0, 128.0, 129.0, 129.0, 126.0, 127.0, 129.0, 129.0]
Crossover offspring noisy fitness: [127.0, 129.0, 128.0, 129.0, 129.0, 127.0, 129.0, 127.0, 128.0, 128.0, 128.0, 131.0, 128.0, 127.0, 128.0, 128.0, 128.0, 129.0, 128.0, 128.0, 130.0, 128.0, 128.0, 128.0, 129.0, 127.0, 128.0, 128.0, 130.0, 128.0, 127.0, 129.0, 128.0, 128.0, 129.0, 129.0, 126.0, 127.0, 129.0, 129.0]

l: 41
Fitness of mutation winner: 139.0
Crossover offspring real fitness: [129.0, 128.0, 127.0, 129.0, 129.0, 128.0, 129.0, 130.0, 128.0, 127.0, 128.0, 127.0, 126.0, 128.0, 128.0, 128.0, 127.0, 130.0, 129.0, 129.0, 129.0, 128.0, 128.0, 130.0, 128.0, 129.0, 128.0, 133.0, 129.0, 128.0, 128.0, 127.0, 128.0, 130.0, 129.0, 127.0, 128.0, 127.0, 129.0, 127.0]
Crossover offspring noisy fitness: [130.0, 128.0, 127.0, 129.0, 129.0, 128.0, 129.0, 130.0, 128.0, 127.0, 128.0, 127.0, 125.0, 128.0, 128.0, 129.0, 127.0, 130.0, 129.0, 129.0, 129.0, 128.0, 128.0, 130.0, 128.0, 129.0, 128.0, 133.0, 129.0, 128.0, 128.0, 127.0, 127.0, 130.0, 129.0, 127.0, 128.0, 127.0, 129.0, 127.0]

l: 30
Fitness of mutation winner: 136.0
Crossover offspring real fitness: [127.0, 128.0, 126.0, 127.0, 130.0, 128.0, 129.0, 130.0, 129.0, 128.0, 128.0, 129.0, 128.0, 129.0, 128.0, 128.0, 130.0, 129.0, 128.0, 128.0, 129.0, 128.0, 128.0, 128.0, 128.0, 128.0, 129.0, 129.0, 128.0, 129.0, 129.0, 128.0, 128.0, 127.0, 127.0, 128.0, 128.0, 128.0, 130.0, 128.0]
Crossover offspring noisy fitness: [126.0, 128.0, 126.0, 127.0, 130.0, 128.0, 129.0, 130.0, 129.0, 128.0, 128.0, 129.0, 128.0, 129.0, 128.0, 128.0, 130.0, 129.0, 128.0, 127.0, 129.0, 128.0, 128.0, 128.0, 128.0, 128.0, 129.0, 129.0, 128.0, 129.0, 128.0, 128.0, 128.0, 127.0, 127.0, 128.0, 128.0, 128.0, 130.0, 128.0]

l: 41
Fitness of mutation winner: 141.0
Crossover offspring real fitness: [128.0, 129.0, 128.0, 127.0, 128.0, 127.0, 128.0, 128.0, 129.0, 129.0, 128.0, 128.0, 128.0, 128.0, 128.0, 129.0, 126.0, 127.0, 128.0, 128.0, 129.0, 130.0, 126.0, 128.0, 128.0, 128.0, 127.0, 128.0, 127.0, 130.0, 128.0, 128.0, 128.0, 130.0, 129.0, 127.0, 130.0, 128.0, 128.0, 128.0]
Crossover offspring noisy fitness: [130.0, 129.0, 128.0, 127.0, 128.0, 127.0, 128.0, 128.0, 129.0, 129.0, 128.0, 128.0, 128.0, 128.0, 128.0, 129.0, 126.0, 127.0, 128.0, 128.0, 129.0, 130.0, 126.0, 128.0, 128.0, 128.0, 127.0, 128.0, 126.0, 130.0, 128.0, 128.0, 128.0, 130.0, 129.0, 127.0, 130.0, 128.0, 128.0, 128.0]

l: 47
Fitness of mutation winner: 147.0
Crossover offspring real fitness: [127.0, 129.0, 129.0, 130.0, 130.0, 128.0, 125.0, 128.0, 129.0, 129.0, 128.0, 128.0, 129.0, 128.0, 127.0, 131.0, 128.0, 128.0, 129.0, 127.0, 129.0, 127.0, 128.0, 130.0, 128.0, 129.0, 127.0, 129.0, 128.0, 129.0, 128.0, 129.0, 128.0, 128.0, 128.0, 129.0, 128.0, 128.0, 128.0, 128.0]
Crossover offspring noisy fitness: [127.0, 129.0, 129.0, 130.0, 130.0, 128.0, 125.0, 128.0, 129.0, 130.0, 128.0, 128.0, 129.0, 128.0, 127.0, 131.0, 128.0, 128.0, 129.0, 127.0, 129.0, 128.0, 128.0, 130.0, 128.0, 129.0, 128.0, 129.0, 128.0, 129.0, 128.0, 129.0, 128.0, 128.0, 128.0, 129.0, 128.0, 128.0, 128.0, 128.0]

l: 49
Fitness of mutation winner: 141.0
Crossover offspring real fitness: [129.0, 128.0, 126.0, 127.0, 127.0, 130.0, 128.0, 127.0, 126.0, 126.0, 128.0, 128.0, 128.0, 129.0, 128.0, 126.0, 129.0, 128.0, 126.0, 129.0, 129.0, 127.0, 130.0, 129.0, 128.0, 127.0, 128.0, 127.0, 128.0, 128.0, 128.0, 126.0, 127.0, 127.0, 129.0, 128.0, 128.0, 128.0, 129.0, 129.0]
Crossover offspring noisy fitness: [129.0, 128.0, 126.0, 127.0, 127.0, 130.0, 128.0, 126.0, 126.0, 127.0, 128.0, 128.0, 128.0, 129.0, 128.0, 126.0, 128.0, 128.0, 126.0, 129.0, 129.0, 126.0, 130.0, 129.0, 128.0, 127.0, 128.0, 127.0, 128.0, 128.0, 128.0, 126.0, 128.0, 127.0, 129.0, 128.0, 128.0, 129.0, 129.0, 129.0]

l: 41
Fitness of mutation winner: 141.0
Crossover offspring real fitness: [128.0, 127.0, 128.0, 128.0, 127.0, 128.0, 128.0, 128.0, 129.0, 128.0, 129.0, 128.0, 126.0, 127.0, 128.0, 128.0, 128.0, 128.0, 129.0, 128.0, 127.0, 128.0, 128.0, 128.0, 128.0, 130.0, 128.0, 129.0, 128.0, 128.0, 129.0, 129.0, 128.0, 128.0, 127.0, 129.0, 127.0, 128.0, 128.0, 128.0]
Crossover offspring noisy fitness: [128.0, 127.0, 128.0, 128.0, 127.0, 127.0, 128.0, 128.0, 129.0, 128.0, 129.0, 128.0, 126.0, 127.0, 128.0, 128.0, 128.0, 129.0, 129.0, 128.0, 127.0, 128.0, 128.0, 127.0, 128.0, 130.0, 128.0, 129.0, 128.0, 128.0, 129.0, 129.0, 128.0, 128.0, 127.0, 129.0, 127.0, 128.0, 128.0, 128.0]

l: 36
Fitness of mutation winner: 144.0
Crossover offspring real fitness: [129.0, 127.0, 129.0, 127.0, 129.0, 128.0, 129.0, 127.0, 128.0, 128.0, 128.0, 128.0, 128.0, 129.0, 129.0, 128.0, 130.0, 128.0, 129.0, 127.0, 128.0, 129.0, 130.0, 128.0, 128.0, 129.0, 128.0, 128.0, 129.0, 127.0, 128.0, 128.0, 129.0, 128.0, 130.0, 128.0, 129.0, 127.0, 128.0, 127.0]
Crossover offspring noisy fitness: [129.0, 127.0, 129.0, 127.0, 129.0, 128.0, 129.0, 127.0, 128.0, 128.0, 127.0, 128.0, 128.0, 129.0, 128.0, 129.0, 130.0, 128.0, 129.0, 127.0, 128.0, 129.0, 130.0, 128.0, 128.0, 129.0, 128.0, 128.0, 129.0, 127.0, 128.0, 128.0, 129.0, 128.0, 130.0, 128.0, 129.0, 127.0, 128.0, 127.0]

l: 38
Fitness of mutation winner: 138.0
Crossover offspring real fitness: [129.0, 129.0, 129.0, 126.0, 128.0, 128.0, 128.0, 128.0, 128.0, 128.0, 128.0, 128.0, 128.0, 129.0, 127.0, 128.0, 128.0, 128.0, 128.0, 128.0, 128.0, 128.0, 128.0, 127.0, 126.0, 129.0, 129.0, 129.0, 129.0, 128.0, 127.0, 129.0, 127.0, 129.0, 130.0, 128.0, 128.0, 128.0, 127.0, 129.0]
Crossover offspring noisy fitness: [129.0, 129.0, 129.0, 126.0, 128.0, 128.0, 128.0, 128.0, 128.0, 128.0, 128.0, 128.0, 128.0, 129.0, 127.0, 128.0, 128.0, 128.0, 128.0, 128.0, 128.0, 128.0, 128.0, 127.0, 126.0, 129.0, 129.0, 129.0, 129.0, 128.0, 127.0, 129.0, 127.0, 129.0, 130.0, 128.0, 128.0, 128.0, 127.0, 129.0]

l: 36
Fitness of mutation winner: 144.0
Crossover offspring real fitness: [128.0, 129.0, 130.0, 128.0, 129.0, 129.0, 127.0, 128.0, 127.0, 127.0, 129.0, 127.0, 128.0, 130.0, 128.0, 129.0, 128.0, 129.0, 127.0, 128.0, 128.0, 127.0, 128.0, 128.0, 128.0, 131.0, 129.0, 129.0, 128.0, 128.0, 128.0, 128.0, 128.0, 128.0, 126.0, 128.0, 128.0, 128.0, 128.0, 126.0]
Crossover offspring noisy fitness: [128.0, 129.0, 130.0, 128.0, 129.0, 128.0, 127.0, 128.0, 127.0, 127.0, 129.0, 127.0, 128.0, 130.0, 128.0, 129.0, 129.0, 129.0, 127.0, 128.0, 128.0, 127.0, 128.0, 128.0, 128.0, 131.0, 129.0, 129.0, 128.0, 128.0, 128.0, 128.0, 128.0, 128.0, 126.0, 128.0, 128.0, 128.0, 128.0, 126.0]

l: 38
Fitness of mutation winner: 138.0
Crossover offspring real fitness: [128.0, 128.0, 128.0, 129.0, 129.0, 129.0, 128.0, 129.0, 128.0, 128.0, 126.0, 129.0, 127.0, 129.0, 129.0, 129.0, 129.0, 129.0, 128.0, 129.0, 129.0, 128.0, 129.0, 129.0, 131.0, 128.0, 128.0, 128.0, 128.0, 128.0, 126.0, 129.0, 128.0, 129.0, 129.0, 128.0, 127.0, 129.0, 128.0, 128.0]
Crossover offspring noisy fitness: [128.0, 128.0, 128.0, 129.0, 129.0, 129.0, 128.0, 129.0, 127.0, 128.0, 126.0, 129.0, 127.0, 129.0, 129.0, 129.0, 129.0, 129.0, 128.0, 129.0, 130.0, 128.0, 129.0, 129.0, 131.0, 128.0, 128.0, 128.0, 128.0, 128.0, 126.0, 129.0, 128.0, 129.0, 129.0, 128.0, 127.0, 129.0, 128.0, 128.0]

l: 29
Fitness of mutation winner: 139.0
Crossover offspring real fitness: [129.0, 128.0, 128.0, 128.0, 128.0, 128.0, 127.0, 129.0, 129.0, 128.0, 129.0, 128.0, 129.0, 129.0, 128.0, 131.0, 128.0, 129.0, 128.0, 128.0, 129.0, 131.0, 128.0, 128.0, 127.0, 128.0, 129.0, 129.0, 128.0, 130.0, 127.0, 128.0, 128.0, 128.0, 128.0, 128.0, 128.0, 129.0, 128.0, 128.0]
Crossover offspring noisy fitness: [129.0, 128.0, 128.0, 128.0, 128.0, 128.0, 127.0, 128.0, 129.0, 128.0, 129.0, 128.0, 129.0, 129.0, 128.0, 131.0, 127.0, 129.0, 128.0, 128.0, 129.0, 131.0, 128.0, 128.0, 128.0, 128.0, 129.0, 129.0, 128.0, 130.0, 127.0, 128.0, 128.0, 128.0, 128.0, 128.0, 128.0, 129.0, 128.0, 128.0]

l: 39
Fitness of mutation winner: 140.0
Crossover offspring real fitness: [128.0, 128.0, 128.0, 128.0, 128.0, 127.0, 128.0, 127.0, 128.0, 129.0, 130.0, 129.0, 129.0, 129.0, 128.0, 128.0, 128.0, 128.0, 129.0, 128.0, 126.0, 126.0, 128.0, 128.0, 128.0, 129.0, 129.0, 128.0, 128.0, 131.0, 129.0, 128.0, 130.0, 128.0, 128.0, 127.0, 128.0, 129.0, 127.0, 129.0]
Crossover offspring noisy fitness: [128.0, 128.0, 128.0, 128.0, 128.0, 127.0, 128.0, 127.0, 128.0, 129.0, 130.0, 129.0, 129.0, 129.0, 128.0, 128.0, 128.0, 128.0, 129.0, 128.0, 126.0, 126.0, 128.0, 128.0, 128.0, 129.0, 129.0, 128.0, 128.0, 131.0, 129.0, 128.0, 130.0, 128.0, 128.0, 127.0, 128.0, 129.0, 127.0, 128.0]

l: 38
Fitness of mutation winner: 146.0
Crossover offspring real fitness: [128.0, 128.0, 128.0, 128.0, 128.0, 130.0, 130.0, 128.0, 127.0, 128.0, 128.0, 127.0, 130.0, 127.0, 129.0, 129.0, 127.0, 128.0, 128.0, 128.0, 128.0, 128.0, 130.0, 128.0, 129.0, 129.0, 129.0, 128.0, 128.0, 129.0, 129.0, 129.0, 128.0, 128.0, 129.0, 129.0, 130.0, 126.0, 130.0, 129.0]
Crossover offspring noisy fitness: [128.0, 128.0, 128.0, 128.0, 128.0, 130.0, 130.0, 128.0, 127.0, 128.0, 128.0, 127.0, 130.0, 127.0, 129.0, 129.0, 127.0, 128.0, 128.0, 128.0, 128.0, 128.0, 130.0, 128.0, 129.0, 129.0, 129.0, 128.0, 128.0, 129.0, 129.0, 129.0, 128.0, 128.0, 129.0, 129.0, 130.0, 126.0, 130.0, 129.0]

l: 45
Fitness of mutation winner: 145.0
Crossover offspring real fitness: [128.0, 129.0, 131.0, 129.0, 128.0, 129.0, 128.0, 128.0, 128.0, 125.0, 131.0, 131.0, 129.0, 129.0, 128.0, 129.0, 129.0, 127.0, 129.0, 130.0, 130.0, 128.0, 128.0, 129.0, 128.0, 129.0, 128.0, 129.0, 129.0, 128.0, 128.0, 128.0, 128.0, 128.0, 128.0, 129.0, 128.0, 129.0, 129.0, 129.0]
Crossover offspring noisy fitness: [128.0, 129.0, 131.0, 129.0, 128.0, 129.0, 128.0, 128.0, 128.0, 125.0, 131.0, 131.0, 129.0, 129.0, 128.0, 128.0, 129.0, 127.0, 129.0, 130.0, 130.0, 127.0, 128.0, 129.0, 128.0, 129.0, 128.0, 129.0, 129.0, 128.0, 128.0, 128.0, 128.0, 128.0, 128.0, 129.0, 128.0, 129.0, 129.0, 129.0]

l: 35
Fitness of mutation winner: 137.0
Crossover offspring real fitness: [128.0, 128.0, 127.0, 129.0, 128.0, 130.0, 128.0, 129.0, 128.0, 128.0, 129.0, 128.0, 128.0, 128.0, 128.0, 128.0, 129.0, 129.0, 129.0, 129.0, 128.0, 129.0, 127.0, 129.0, 128.0, 126.0, 129.0, 129.0, 129.0, 127.0, 128.0, 127.0, 128.0, 129.0, 128.0, 128.0, 127.0, 127.0, 128.0, 127.0]
Crossover offspring noisy fitness: [128.0, 128.0, 127.0, 129.0, 128.0, 130.0, 128.0, 129.0, 128.0, 128.0, 129.0, 128.0, 128.0, 127.0, 128.0, 128.0, 129.0, 129.0, 128.0, 129.0, 128.0, 129.0, 127.0, 129.0, 128.0, 126.0, 129.0, 129.0, 129.0, 127.0, 128.0, 127.0, 128.0, 129.0, 128.0, 127.0, 127.0, 127.0, 128.0, 127.0]

l: 40
Fitness of mutation winner: 138.0
Crossover offspring real fitness: [128.0, 128.0, 128.0, 127.0, 127.0, 126.0, 128.0, 127.0, 129.0, 128.0, 127.0, 128.0, 128.0, 129.0, 128.0, 128.0, 130.0, 128.0, 128.0, 129.0, 129.0, 131.0, 129.0, 129.0, 129.0, 128.0, 128.0, 128.0, 128.0, 128.0, 127.0, 128.0, 127.0, 130.0, 128.0, 128.0, 127.0, 129.0, 130.0, 129.0]
Crossover offspring noisy fitness: [128.0, 128.0, 128.0, 127.0, 128.0, 126.0, 128.0, 127.0, 129.0, 128.0, 127.0, 128.0, 128.0, 129.0, 128.0, 128.0, 130.0, 128.0, 128.0, 129.0, 129.0, 131.0, 129.0, 129.0, 130.0, 128.0, 129.0, 128.0, 128.0, 128.0, 127.0, 128.0, 127.0, 130.0, 128.0, 128.0, 127.0, 130.0, 130.0, 129.0]

l: 35
Fitness of mutation winner: 139.0
Crossover offspring real fitness: [128.0, 128.0, 128.0, 129.0, 127.0, 128.0, 127.0, 128.0, 127.0, 128.0, 128.0, 128.0, 128.0, 128.0, 128.0, 129.0, 129.0, 129.0, 129.0, 128.0, 125.0, 129.0, 127.0, 128.0, 128.0, 128.0, 128.0, 129.0, 128.0, 129.0, 128.0, 128.0, 128.0, 128.0, 128.0, 127.0, 128.0, 128.0, 129.0, 128.0]
Crossover offspring noisy fitness: [128.0, 128.0, 128.0, 129.0, 127.0, 128.0, 127.0, 128.0, 127.0, 128.0, 128.0, 128.0, 128.0, 128.0, 128.0, 129.0, 129.0, 129.0, 129.0, 128.0, 124.0, 129.0, 127.0, 128.0, 128.0, 128.0, 128.0, 129.0, 128.0, 129.0, 128.0, 128.0, 128.0, 128.0, 128.0, 127.0, 128.0, 128.0, 129.0, 128.0]

l: 37
Fitness of mutation winner: 143.0
Crossover offspring real fitness: [129.0, 128.0, 129.0, 128.0, 127.0, 128.0, 129.0, 128.0, 129.0, 128.0, 127.0, 130.0, 128.0, 129.0, 129.0, 129.0, 127.0, 130.0, 129.0, 127.0, 128.0, 130.0, 128.0, 128.0, 130.0, 127.0, 128.0, 130.0, 128.0, 129.0, 128.0, 126.0, 130.0, 130.0, 129.0, 128.0, 128.0, 131.0, 127.0, 129.0]
Crossover offspring noisy fitness: [130.0, 127.0, 129.0, 128.0, 127.0, 128.0, 129.0, 128.0, 129.0, 128.0, 127.0, 130.0, 128.0, 129.0, 129.0, 129.0, 127.0, 131.0, 129.0, 127.0, 129.0, 130.0, 128.0, 128.0, 130.0, 127.0, 128.0, 130.0, 129.0, 129.0, 128.0, 126.0, 130.0, 130.0, 129.0, 129.0, 128.0, 131.0, 127.0, 129.0]

l: 30
Fitness of mutation winner: 138.0
Crossover offspring real fitness: [127.0, 128.0, 131.0, 127.0, 128.0, 127.0, 130.0, 128.0, 129.0, 130.0, 127.0, 128.0, 129.0, 128.0, 128.0, 129.0, 127.0, 129.0, 129.0, 128.0, 131.0, 126.0, 128.0, 128.0, 128.0, 128.0, 128.0, 129.0, 129.0, 128.0, 128.0, 127.0, 128.0, 129.0, 127.0, 128.0, 128.0, 128.0, 129.0, 129.0]
Crossover offspring noisy fitness: [127.0, 128.0, 131.0, 127.0, 128.0, 127.0, 130.0, 128.0, 129.0, 130.0, 127.0, 128.0, 129.0, 128.0, 128.0, 129.0, 127.0, 129.0, 129.0, 128.0, 131.0, 126.0, 128.0, 128.0, 128.0, 128.0, 128.0, 129.0, 129.0, 128.0, 128.0, 127.0, 128.0, 129.0, 127.0, 128.0, 128.0, 128.0, 129.0, 129.0]

l: 41
Fitness of mutation winner: 145.0
Crossover offspring real fitness: [128.0, 128.0, 129.0, 130.0, 128.0, 128.0, 129.0, 128.0, 129.0, 130.0, 127.0, 129.0, 129.0, 128.0, 129.0, 129.0, 128.0, 129.0, 128.0, 128.0, 130.0, 129.0, 128.0, 127.0, 129.0, 127.0, 129.0, 130.0, 127.0, 128.0, 129.0, 127.0, 128.0, 128.0, 128.0, 129.0, 130.0, 130.0, 128.0, 130.0]
Crossover offspring noisy fitness: [128.0, 128.0, 129.0, 130.0, 128.0, 128.0, 129.0, 128.0, 129.0, 130.0, 128.0, 129.0, 129.0, 128.0, 129.0, 129.0, 128.0, 129.0, 128.0, 128.0, 130.0, 129.0, 128.0, 127.0, 129.0, 127.0, 129.0, 130.0, 127.0, 128.0, 129.0, 127.0, 128.0, 128.0, 128.0, 129.0, 130.0, 130.0, 128.0, 130.0]

l: 40
Fitness of mutation winner: 140.0
Crossover offspring real fitness: [126.0, 127.0, 129.0, 128.0, 127.0, 128.0, 127.0, 127.0, 129.0, 128.0, 128.0, 131.0, 128.0, 128.0, 128.0, 129.0, 128.0, 129.0, 128.0, 129.0, 128.0, 129.0, 128.0, 127.0, 128.0, 128.0, 126.0, 128.0, 129.0, 129.0, 126.0, 130.0, 129.0, 131.0, 127.0, 130.0, 128.0, 128.0, 128.0, 130.0]
Crossover offspring noisy fitness: [126.0, 127.0, 129.0, 128.0, 127.0, 128.0, 127.0, 128.0, 129.0, 128.0, 128.0, 131.0, 128.0, 128.0, 128.0, 129.0, 128.0, 128.0, 128.0, 129.0, 128.0, 129.0, 128.0, 127.0, 128.0, 128.0, 126.0, 128.0, 130.0, 129.0, 126.0, 130.0, 129.0, 131.0, 127.0, 130.0, 128.0, 128.0, 128.0, 130.0]

l: 34
Fitness of mutation winner: 135.0
Crossover offspring real fitness: [128.0, 127.0, 128.0, 129.0, 127.0, 129.0, 129.0, 130.0, 127.0, 129.0, 128.0, 128.0, 130.0, 128.0, 131.0, 129.0, 128.0, 128.0, 128.0, 128.0, 128.0, 128.0, 127.0, 129.0, 128.0, 128.0, 128.0, 129.0, 128.0, 128.0, 131.0, 129.0, 129.0, 127.0, 129.0, 127.0, 128.0, 128.0, 128.0, 128.0]
Crossover offspring noisy fitness: [128.0, 127.0, 128.0, 129.0, 127.0, 129.0, 129.0, 129.0, 127.0, 129.0, 128.0, 128.0, 130.0, 129.0, 131.0, 129.0, 128.0, 128.0, 128.0, 128.0, 128.0, 128.0, 127.0, 129.0, 128.0, 128.0, 128.0, 129.0, 128.0, 128.0, 131.0, 129.0, 129.0, 127.0, 129.0, 127.0, 128.0, 128.0, 128.0, 128.0]

l: 45
Fitness of mutation winner: 143.0
Crossover offspring real fitness: [131.0, 128.0, 127.0, 129.0, 129.0, 127.0, 127.0, 129.0, 129.0, 127.0, 128.0, 128.0, 128.0, 128.0, 128.0, 128.0, 128.0, 128.0, 128.0, 129.0, 128.0, 129.0, 129.0, 127.0, 128.0, 128.0, 129.0, 128.0, 128.0, 128.0, 129.0, 127.0, 130.0, 129.0, 128.0, 129.0, 129.0, 129.0, 130.0, 127.0]
Crossover offspring noisy fitness: [131.0, 127.0, 127.0, 130.0, 129.0, 127.0, 127.0, 129.0, 129.0, 127.0, 128.0, 128.0, 129.0, 128.0, 128.0, 128.0, 128.0, 128.0, 128.0, 129.0, 128.0, 129.0, 129.0, 127.0, 128.0, 128.0, 129.0, 128.0, 128.0, 128.0, 129.0, 127.0, 130.0, 128.0, 128.0, 128.0, 129.0, 129.0, 130.0, 127.0]

l: 47
Fitness of mutation winner: 143.0
Crossover offspring real fitness: [130.0, 128.0, 128.0, 127.0, 128.0, 129.0, 127.0, 127.0, 128.0, 127.0, 130.0, 131.0, 128.0, 129.0, 129.0, 129.0, 129.0, 129.0, 130.0, 131.0, 129.0, 130.0, 130.0, 130.0, 129.0, 129.0, 127.0, 129.0, 130.0, 130.0, 128.0, 129.0, 128.0, 129.0, 129.0, 128.0, 128.0, 128.0, 128.0, 128.0]
Crossover offspring noisy fitness: [130.0, 128.0, 128.0, 127.0, 128.0, 129.0, 127.0, 127.0, 128.0, 127.0, 130.0, 131.0, 128.0, 129.0, 129.0, 129.0, 129.0, 130.0, 130.0, 131.0, 129.0, 130.0, 129.0, 129.0, 129.0, 129.0, 127.0, 129.0, 130.0, 130.0, 128.0, 129.0, 128.0, 129.0, 129.0, 128.0, 128.0, 128.0, 128.0, 128.0]

l: 48
Fitness of mutation winner: 140.0
Crossover offspring real fitness: [129.0, 128.0, 128.0, 130.0, 127.0, 128.0, 128.0, 128.0, 129.0, 130.0, 129.0, 128.0, 129.0, 127.0, 128.0, 130.0, 128.0, 128.0, 130.0, 129.0, 129.0, 128.0, 129.0, 129.0, 128.0, 128.0, 128.0, 128.0, 129.0, 127.0, 129.0, 126.0, 129.0, 128.0, 130.0, 130.0, 126.0, 128.0, 130.0, 127.0]
Crossover offspring noisy fitness: [129.0, 128.0, 128.0, 130.0, 127.0, 128.0, 128.0, 128.0, 129.0, 130.0, 129.0, 128.0, 129.0, 127.0, 128.0, 130.0, 128.0, 128.0, 130.0, 129.0, 129.0, 128.0, 129.0, 129.0, 128.0, 128.0, 128.0, 128.0, 129.0, 127.0, 129.0, 126.0, 129.0, 128.0, 130.0, 130.0, 126.0, 128.0, 130.0, 127.0]

l: 36
Fitness of mutation winner: 140.0
Crossover offspring real fitness: [128.0, 128.0, 127.0, 128.0, 127.0, 128.0, 128.0, 128.0, 128.0, 128.0, 128.0, 128.0, 129.0, 128.0, 126.0, 130.0, 128.0, 129.0, 128.0, 128.0, 128.0, 128.0, 128.0, 129.0, 129.0, 128.0, 129.0, 128.0, 130.0, 127.0, 129.0, 129.0, 129.0, 128.0, 127.0, 128.0, 128.0, 128.0, 128.0, 128.0]
Crossover offspring noisy fitness: [128.0, 128.0, 127.0, 128.0, 127.0, 128.0, 128.0, 128.0, 129.0, 128.0, 128.0, 128.0, 129.0, 128.0, 126.0, 131.0, 128.0, 129.0, 128.0, 128.0, 128.0, 128.0, 128.0, 129.0, 129.0, 128.0, 129.0, 128.0, 130.0, 127.0, 129.0, 129.0, 129.0, 128.0, 127.0, 128.0, 128.0, 128.0, 128.0, 128.0]

l: 31
Fitness of mutation winner: 139.0
Crossover offspring real fitness: [128.0, 128.0, 128.0, 127.0, 128.0, 128.0, 129.0, 130.0, 127.0, 128.0, 128.0, 127.0, 129.0, 128.0, 128.0, 128.0, 127.0, 128.0, 127.0, 128.0, 129.0, 128.0, 129.0, 128.0, 129.0, 128.0, 127.0, 128.0, 128.0, 127.0, 129.0, 128.0, 129.0, 130.0, 127.0, 127.0, 128.0, 128.0, 128.0, 128.0]
Crossover offspring noisy fitness: [128.0, 128.0, 128.0, 127.0, 128.0, 128.0, 129.0, 130.0, 127.0, 128.0, 128.0, 127.0, 129.0, 128.0, 128.0, 128.0, 127.0, 128.0, 127.0, 128.0, 129.0, 128.0, 129.0, 128.0, 128.0, 128.0, 127.0, 128.0, 128.0, 127.0, 129.0, 128.0, 129.0, 130.0, 127.0, 127.0, 127.0, 127.0, 128.0, 128.0]

l: 44
Fitness of mutation winner: 136.0
Crossover offspring real fitness: [129.0, 128.0, 128.0, 129.0, 129.0, 129.0, 128.0, 128.0, 126.0, 129.0, 129.0, 128.0, 128.0, 127.0, 128.0, 130.0, 127.0, 130.0, 128.0, 128.0, 130.0, 129.0, 130.0, 129.0, 129.0, 127.0, 129.0, 130.0, 130.0, 129.0, 127.0, 128.0, 128.0, 128.0, 127.0, 128.0, 130.0, 130.0, 128.0, 128.0]
Crossover offspring noisy fitness: [129.0, 128.0, 128.0, 129.0, 129.0, 129.0, 128.0, 128.0, 126.0, 129.0, 129.0, 128.0, 128.0, 127.0, 128.0, 130.0, 127.0, 130.0, 128.0, 128.0, 130.0, 129.0, 130.0, 129.0, 129.0, 127.0, 130.0, 130.0, 130.0, 129.0, 127.0, 128.0, 128.0, 128.0, 127.0, 128.0, 130.0, 131.0, 128.0, 128.0]

l: 33
Fitness of mutation winner: 139.0
Crossover offspring real fitness: [128.0, 128.0, 127.0, 127.0, 130.0, 130.0, 128.0, 128.0, 128.0, 128.0, 130.0, 127.0, 128.0, 130.0, 128.0, 129.0, 130.0, 128.0, 129.0, 129.0, 127.0, 128.0, 129.0, 129.0, 128.0, 129.0, 128.0, 128.0, 126.0, 129.0, 128.0, 127.0, 129.0, 129.0, 129.0, 128.0, 129.0, 128.0, 128.0, 128.0]
Crossover offspring noisy fitness: [128.0, 128.0, 128.0, 127.0, 130.0, 130.0, 127.0, 128.0, 128.0, 128.0, 130.0, 127.0, 128.0, 130.0, 128.0, 128.0, 130.0, 128.0, 129.0, 129.0, 127.0, 128.0, 129.0, 129.0, 128.0, 129.0, 129.0, 127.0, 126.0, 129.0, 128.0, 127.0, 129.0, 129.0, 129.0, 128.0, 129.0, 128.0, 128.0, 128.0]

l: 47
Fitness of mutation winner: 137.0
Crossover offspring real fitness: [126.0, 127.0, 130.0, 127.0, 129.0, 128.0, 128.0, 128.0, 129.0, 127.0, 129.0, 129.0, 128.0, 127.0, 130.0, 129.0, 128.0, 129.0, 129.0, 127.0, 129.0, 128.0, 128.0, 127.0, 129.0, 128.0, 129.0, 127.0, 127.0, 128.0, 128.0, 128.0, 129.0, 128.0, 131.0, 127.0, 128.0, 127.0, 129.0, 128.0]
Crossover offspring noisy fitness: [126.0, 127.0, 130.0, 127.0, 129.0, 128.0, 128.0, 128.0, 129.0, 127.0, 129.0, 129.0, 128.0, 128.0, 130.0, 129.0, 128.0, 128.0, 129.0, 127.0, 129.0, 128.0, 128.0, 127.0, 129.0, 129.0, 129.0, 127.0, 127.0, 128.0, 128.0, 128.0, 129.0, 128.0, 131.0, 127.0, 128.0, 127.0, 129.0, 128.0]

l: 31
Fitness of mutation winner: 137.0
Crossover offspring real fitness: [127.0, 128.0, 127.0, 129.0, 128.0, 128.0, 128.0, 128.0, 128.0, 128.0, 129.0, 128.0, 128.0, 128.0, 129.0, 127.0, 128.0, 130.0, 129.0, 130.0, 129.0, 129.0, 128.0, 128.0, 129.0, 128.0, 128.0, 127.0, 129.0, 129.0, 127.0, 128.0, 129.0, 127.0, 128.0, 129.0, 128.0, 128.0, 127.0, 127.0]
Crossover offspring noisy fitness: [127.0, 128.0, 127.0, 129.0, 128.0, 128.0, 128.0, 128.0, 128.0, 128.0, 129.0, 128.0, 128.0, 128.0, 129.0, 127.0, 129.0, 130.0, 129.0, 130.0, 129.0, 129.0, 128.0, 128.0, 129.0, 128.0, 128.0, 127.0, 129.0, 129.0, 127.0, 128.0, 128.0, 127.0, 128.0, 130.0, 128.0, 128.0, 127.0, 127.0]

l: 49
Fitness of mutation winner: 145.0
Crossover offspring real fitness: [128.0, 126.0, 128.0, 126.0, 128.0, 129.0, 128.0, 129.0, 129.0, 129.0, 128.0, 129.0, 128.0, 129.0, 129.0, 128.0, 127.0, 129.0, 129.0, 128.0, 127.0, 128.0, 130.0, 129.0, 128.0, 128.0, 129.0, 127.0, 126.0, 128.0, 127.0, 127.0, 130.0, 129.0, 128.0, 128.0, 130.0, 132.0, 130.0, 129.0]
Crossover offspring noisy fitness: [128.0, 126.0, 128.0, 126.0, 127.0, 129.0, 128.0, 129.0, 129.0, 129.0, 127.0, 129.0, 127.0, 129.0, 129.0, 128.0, 127.0, 128.0, 130.0, 128.0, 127.0, 128.0, 130.0, 129.0, 128.0, 128.0, 129.0, 127.0, 126.0, 128.0, 127.0, 127.0, 130.0, 130.0, 128.0, 128.0, 130.0, 132.0, 130.0, 129.0]

l: 44
Fitness of mutation winner: 142.0
Crossover offspring real fitness: [127.0, 128.0, 127.0, 128.0, 128.0, 129.0, 129.0, 128.0, 126.0, 128.0, 127.0, 128.0, 127.0, 130.0, 128.0, 130.0, 128.0, 127.0, 128.0, 127.0, 128.0, 130.0, 128.0, 128.0, 127.0, 127.0, 128.0, 129.0, 127.0, 128.0, 129.0, 128.0, 127.0, 130.0, 129.0, 127.0, 129.0, 128.0, 130.0, 128.0]
Crossover offspring noisy fitness: [127.0, 128.0, 127.0, 128.0, 128.0, 129.0, 129.0, 128.0, 126.0, 128.0, 127.0, 128.0, 127.0, 130.0, 128.0, 130.0, 128.0, 127.0, 128.0, 127.0, 128.0, 130.0, 128.0, 128.0, 127.0, 127.0, 128.0, 129.0, 127.0, 128.0, 129.0, 128.0, 127.0, 130.0, 129.0, 127.0, 129.0, 128.0, 130.0, 128.0]

l: 37
Fitness of mutation winner: 141.0
Crossover offspring real fitness: [128.0, 128.0, 127.0, 129.0, 128.0, 130.0, 129.0, 128.0, 128.0, 128.0, 127.0, 129.0, 128.0, 126.0, 129.0, 128.0, 128.0, 129.0, 129.0, 127.0, 127.0, 128.0, 129.0, 129.0, 128.0, 129.0, 131.0, 128.0, 127.0, 129.0, 129.0, 129.0, 128.0, 128.0, 129.0, 128.0, 128.0, 128.0, 127.0, 127.0]
Crossover offspring noisy fitness: [128.0, 128.0, 128.0, 128.0, 128.0, 130.0, 129.0, 128.0, 128.0, 128.0, 127.0, 129.0, 128.0, 126.0, 129.0, 127.0, 128.0, 129.0, 129.0, 127.0, 127.0, 127.0, 129.0, 129.0, 128.0, 129.0, 131.0, 128.0, 127.0, 130.0, 129.0, 129.0, 128.0, 128.0, 129.0, 128.0, 128.0, 128.0, 127.0, 127.0]

l: 33
Fitness of mutation winner: 139.0
Crossover offspring real fitness: [128.0, 128.0, 127.0, 127.0, 129.0, 128.0, 129.0, 129.0, 128.0, 129.0, 128.0, 128.0, 129.0, 128.0, 129.0, 129.0, 129.0, 128.0, 130.0, 128.0, 129.0, 129.0, 128.0, 128.0, 128.0, 128.0, 128.0, 129.0, 127.0, 128.0, 127.0, 129.0, 128.0, 128.0, 128.0, 127.0, 129.0, 128.0, 129.0, 128.0]
Crossover offspring noisy fitness: [128.0, 128.0, 127.0, 127.0, 129.0, 128.0, 129.0, 129.0, 128.0, 129.0, 128.0, 128.0, 129.0, 128.0, 129.0, 129.0, 129.0, 128.0, 130.0, 128.0, 129.0, 129.0, 128.0, 128.0, 128.0, 128.0, 128.0, 129.0, 127.0, 128.0, 127.0, 129.0, 128.0, 128.0, 128.0, 127.0, 129.0, 128.0, 129.0, 128.0]

l: 37
Fitness of mutation winner: 141.0
Crossover offspring real fitness: [128.0, 129.0, 129.0, 129.0, 130.0, 129.0, 127.0, 128.0, 130.0, 128.0, 131.0, 128.0, 128.0, 129.0, 128.0, 129.0, 128.0, 128.0, 129.0, 129.0, 127.0, 128.0, 128.0, 129.0, 128.0, 128.0, 129.0, 130.0, 129.0, 127.0, 130.0, 128.0, 129.0, 129.0, 129.0, 128.0, 128.0, 128.0, 128.0, 129.0]
Crossover offspring noisy fitness: [128.0, 129.0, 129.0, 129.0, 130.0, 129.0, 127.0, 128.0, 130.0, 128.0, 131.0, 128.0, 128.0, 129.0, 128.0, 129.0, 129.0, 128.0, 129.0, 129.0, 127.0, 128.0, 128.0, 129.0, 128.0, 128.0, 128.0, 130.0, 128.0, 127.0, 129.0, 128.0, 129.0, 129.0, 129.0, 128.0, 128.0, 128.0, 128.0, 129.0]

l: 42
Fitness of mutation winner: 144.0
Crossover offspring real fitness: [128.0, 129.0, 127.0, 129.0, 127.0, 129.0, 129.0, 128.0, 129.0, 128.0, 128.0, 129.0, 129.0, 127.0, 129.0, 128.0, 128.0, 129.0, 128.0, 130.0, 129.0, 128.0, 127.0, 129.0, 130.0, 130.0, 127.0, 130.0, 129.0, 127.0, 130.0, 129.0, 128.0, 129.0, 128.0, 127.0, 128.0, 128.0, 127.0, 130.0]
Crossover offspring noisy fitness: [128.0, 129.0, 127.0, 129.0, 126.0, 129.0, 129.0, 128.0, 129.0, 128.0, 128.0, 129.0, 129.0, 128.0, 129.0, 128.0, 128.0, 128.0, 128.0, 130.0, 129.0, 128.0, 127.0, 129.0, 130.0, 130.0, 128.0, 130.0, 129.0, 127.0, 130.0, 129.0, 128.0, 129.0, 128.0, 127.0, 128.0, 128.0, 127.0, 130.0]

l: 36
Fitness of mutation winner: 136.0
Crossover offspring real fitness: [128.0, 128.0, 128.0, 129.0, 128.0, 130.0, 128.0, 131.0, 128.0, 127.0, 128.0, 129.0, 130.0, 128.0, 128.0, 131.0, 126.0, 128.0, 127.0, 128.0, 129.0, 127.0, 129.0, 128.0, 130.0, 129.0, 129.0, 128.0, 128.0, 128.0, 128.0, 127.0, 128.0, 128.0, 128.0, 129.0, 129.0, 130.0, 129.0, 130.0]
Crossover offspring noisy fitness: [128.0, 128.0, 128.0, 129.0, 128.0, 130.0, 128.0, 131.0, 128.0, 127.0, 128.0, 129.0, 130.0, 127.0, 128.0, 131.0, 126.0, 128.0, 127.0, 128.0, 129.0, 127.0, 129.0, 128.0, 130.0, 129.0, 129.0, 128.0, 128.0, 128.0, 128.0, 127.0, 128.0, 128.0, 128.0, 129.0, 129.0, 130.0, 129.0, 130.0]

l: 45
Fitness of mutation winner: 141.0
Crossover offspring real fitness: [128.0, 128.0, 126.0, 128.0, 129.0, 128.0, 128.0, 129.0, 129.0, 126.0, 129.0, 127.0, 132.0, 128.0, 128.0, 130.0, 128.0, 130.0, 128.0, 128.0, 128.0, 127.0, 126.0, 127.0, 129.0, 128.0, 129.0, 128.0, 128.0, 128.0, 130.0, 129.0, 127.0, 128.0, 129.0, 129.0, 129.0, 131.0, 128.0, 128.0]
Crossover offspring noisy fitness: [128.0, 128.0, 126.0, 128.0, 129.0, 128.0, 128.0, 129.0, 129.0, 126.0, 129.0, 127.0, 132.0, 128.0, 128.0, 130.0, 128.0, 130.0, 128.0, 128.0, 128.0, 127.0, 126.0, 127.0, 129.0, 127.0, 129.0, 128.0, 128.0, 128.0, 130.0, 129.0, 127.0, 127.0, 129.0, 129.0, 129.0, 131.0, 128.0, 128.0]

l: 46
Fitness of mutation winner: 140.0
Crossover offspring real fitness: [127.0, 130.0, 129.0, 129.0, 129.0, 127.0, 129.0, 129.0, 130.0, 127.0, 127.0, 128.0, 130.0, 130.0, 128.0, 129.0, 129.0, 128.0, 128.0, 131.0, 127.0, 129.0, 129.0, 129.0, 129.0, 128.0, 128.0, 126.0, 127.0, 128.0, 128.0, 126.0, 129.0, 128.0, 127.0, 128.0, 128.0, 129.0, 127.0, 128.0]
Crossover offspring noisy fitness: [127.0, 130.0, 129.0, 129.0, 129.0, 127.0, 129.0, 129.0, 130.0, 126.0, 127.0, 128.0, 130.0, 129.0, 128.0, 129.0, 129.0, 128.0, 128.0, 130.0, 127.0, 129.0, 129.0, 129.0, 129.0, 128.0, 128.0, 126.0, 127.0, 128.0, 128.0, 126.0, 129.0, 128.0, 127.0, 127.0, 128.0, 129.0, 127.0, 128.0]

l: 45
Fitness of mutation winner: 143.0
Crossover offspring real fitness: [129.0, 129.0, 128.0, 127.0, 130.0, 129.0, 127.0, 128.0, 127.0, 130.0, 127.0, 130.0, 129.0, 127.0, 129.0, 127.0, 128.0, 128.0, 128.0, 128.0, 127.0, 128.0, 128.0, 129.0, 128.0, 129.0, 129.0, 129.0, 128.0, 127.0, 129.0, 128.0, 128.0, 127.0, 128.0, 129.0, 128.0, 128.0, 129.0, 129.0]
Crossover offspring noisy fitness: [129.0, 129.0, 128.0, 127.0, 131.0, 129.0, 127.0, 128.0, 127.0, 130.0, 127.0, 130.0, 129.0, 127.0, 129.0, 127.0, 128.0, 128.0, 127.0, 128.0, 127.0, 128.0, 128.0, 129.0, 128.0, 129.0, 129.0, 129.0, 128.0, 127.0, 129.0, 128.0, 128.0, 127.0, 128.0, 129.0, 128.0, 128.0, 129.0, 129.0]

l: 40
Fitness of mutation winner: 144.0
Crossover offspring real fitness: [129.0, 128.0, 129.0, 130.0, 128.0, 129.0, 128.0, 128.0, 129.0, 130.0, 129.0, 128.0, 128.0, 130.0, 127.0, 128.0, 129.0, 127.0, 130.0, 128.0, 130.0, 128.0, 128.0, 128.0, 128.0, 130.0, 129.0, 128.0, 129.0, 128.0, 129.0, 127.0, 128.0, 129.0, 128.0, 130.0, 129.0, 128.0, 128.0, 129.0]
Crossover offspring noisy fitness: [129.0, 128.0, 129.0, 130.0, 128.0, 129.0, 128.0, 128.0, 129.0, 130.0, 129.0, 127.0, 128.0, 131.0, 127.0, 128.0, 129.0, 127.0, 130.0, 128.0, 131.0, 128.0, 128.0, 128.0, 128.0, 130.0, 129.0, 128.0, 129.0, 128.0, 129.0, 128.0, 128.0, 129.0, 128.0, 130.0, 129.0, 128.0, 128.0, 128.0]

l: 32
Fitness of mutation winner: 136.0
Crossover offspring real fitness: [128.0, 128.0, 128.0, 130.0, 128.0, 128.0, 127.0, 128.0, 129.0, 129.0, 128.0, 129.0, 128.0, 128.0, 126.0, 128.0, 128.0, 128.0, 128.0, 127.0, 129.0, 128.0, 128.0, 129.0, 129.0, 128.0, 129.0, 128.0, 128.0, 126.0, 127.0, 128.0, 127.0, 128.0, 128.0, 129.0, 128.0, 129.0, 129.0, 130.0]
Crossover offspring noisy fitness: [128.0, 128.0, 128.0, 130.0, 127.0, 128.0, 127.0, 128.0, 129.0, 129.0, 128.0, 129.0, 128.0, 128.0, 126.0, 128.0, 128.0, 128.0, 128.0, 127.0, 129.0, 128.0, 128.0, 129.0, 129.0, 128.0, 129.0, 128.0, 128.0, 126.0, 127.0, 129.0, 126.0, 128.0, 128.0, 129.0, 128.0, 129.0, 129.0, 130.0]

l: 35
Fitness of mutation winner: 142.0
Crossover offspring real fitness: [129.0, 127.0, 127.0, 128.0, 127.0, 128.0, 128.0, 127.0, 128.0, 128.0, 128.0, 128.0, 128.0, 128.0, 128.0, 128.0, 128.0, 128.0, 127.0, 129.0, 129.0, 128.0, 129.0, 131.0, 128.0, 128.0, 128.0, 128.0, 129.0, 128.0, 129.0, 128.0, 130.0, 128.0, 128.0, 127.0, 128.0, 128.0, 131.0, 128.0]
Crossover offspring noisy fitness: [129.0, 127.0, 127.0, 128.0, 127.0, 128.0, 128.0, 127.0, 128.0, 128.0, 128.0, 128.0, 128.0, 128.0, 128.0, 128.0, 128.0, 128.0, 127.0, 129.0, 129.0, 128.0, 129.0, 131.0, 128.0, 128.0, 129.0, 128.0, 129.0, 128.0, 129.0, 128.0, 130.0, 128.0, 128.0, 127.0, 128.0, 128.0, 130.0, 128.0]

l: 48
Fitness of mutation winner: 138.0
Crossover offspring real fitness: [129.0, 128.0, 128.0, 128.0, 128.0, 128.0, 128.0, 128.0, 129.0, 129.0, 128.0, 128.0, 128.0, 128.0, 126.0, 128.0, 127.0, 129.0, 128.0, 127.0, 129.0, 128.0, 127.0, 129.0, 128.0, 127.0, 131.0, 128.0, 127.0, 130.0, 129.0, 128.0, 128.0, 128.0, 128.0, 130.0, 129.0, 129.0, 127.0, 128.0]
Crossover offspring noisy fitness: [129.0, 128.0, 128.0, 128.0, 128.0, 128.0, 128.0, 128.0, 130.0, 129.0, 128.0, 128.0, 128.0, 128.0, 126.0, 128.0, 127.0, 129.0, 128.0, 127.0, 129.0, 128.0, 128.0, 129.0, 128.0, 127.0, 131.0, 128.0, 127.0, 130.0, 129.0, 128.0, 128.0, 128.0, 128.0, 130.0, 129.0, 129.0, 127.0, 129.0]

l: 39
Fitness of mutation winner: 145.0
Crossover offspring real fitness: [128.0, 127.0, 129.0, 128.0, 129.0, 128.0, 128.0, 129.0, 130.0, 128.0, 128.0, 129.0, 128.0, 127.0, 128.0, 129.0, 129.0, 128.0, 129.0, 128.0, 130.0, 126.0, 128.0, 128.0, 128.0, 129.0, 128.0, 128.0, 128.0, 128.0, 130.0, 127.0, 129.0, 127.0, 127.0, 129.0, 128.0, 128.0, 130.0, 128.0]
Crossover offspring noisy fitness: [128.0, 127.0, 129.0, 128.0, 129.0, 128.0, 128.0, 129.0, 130.0, 128.0, 128.0, 129.0, 128.0, 127.0, 128.0, 129.0, 129.0, 128.0, 129.0, 128.0, 130.0, 126.0, 128.0, 128.0, 128.0, 128.0, 128.0, 128.0, 128.0, 128.0, 130.0, 127.0, 129.0, 127.0, 127.0, 129.0, 128.0, 128.0, 129.0, 128.0]

l: 38
Fitness of mutation winner: 136.0
Crossover offspring real fitness: [128.0, 129.0, 129.0, 127.0, 129.0, 130.0, 128.0, 127.0, 129.0, 129.0, 128.0, 128.0, 129.0, 128.0, 128.0, 128.0, 128.0, 129.0, 128.0, 128.0, 128.0, 128.0, 128.0, 129.0, 128.0, 128.0, 128.0, 128.0, 126.0, 129.0, 128.0, 128.0, 130.0, 128.0, 129.0, 128.0, 127.0, 128.0, 126.0, 128.0]
Crossover offspring noisy fitness: [128.0, 129.0, 129.0, 127.0, 129.0, 130.0, 128.0, 127.0, 129.0, 129.0, 128.0, 128.0, 129.0, 128.0, 128.0, 128.0, 128.0, 129.0, 128.0, 128.0, 128.0, 127.0, 128.0, 129.0, 128.0, 128.0, 128.0, 128.0, 126.0, 129.0, 128.0, 128.0, 130.0, 127.0, 129.0, 128.0, 127.0, 128.0, 126.0, 128.0]

l: 41
Fitness of mutation winner: 137.0
Crossover offspring real fitness: [127.0, 128.0, 129.0, 128.0, 128.0, 127.0, 128.0, 126.0, 127.0, 129.0, 128.0, 128.0, 128.0, 129.0, 127.0, 129.0, 129.0, 128.0, 129.0, 129.0, 129.0, 128.0, 127.0, 127.0, 126.0, 128.0, 128.0, 130.0, 129.0, 128.0, 130.0, 127.0, 130.0, 129.0, 128.0, 129.0, 127.0, 128.0, 128.0, 128.0]
Crossover offspring noisy fitness: [127.0, 128.0, 129.0, 128.0, 128.0, 126.0, 128.0, 126.0, 127.0, 129.0, 128.0, 128.0, 128.0, 129.0, 127.0, 129.0, 129.0, 128.0, 129.0, 129.0, 129.0, 128.0, 127.0, 127.0, 126.0, 128.0, 128.0, 130.0, 129.0, 128.0, 130.0, 127.0, 130.0, 129.0, 128.0, 129.0, 127.0, 128.0, 128.0, 128.0]

l: 33
Fitness of mutation winner: 137.0
Crossover offspring real fitness: [128.0, 128.0, 127.0, 131.0, 128.0, 130.0, 128.0, 126.0, 128.0, 129.0, 128.0, 128.0, 128.0, 128.0, 128.0, 129.0, 129.0, 129.0, 128.0, 126.0, 128.0, 128.0, 127.0, 128.0, 127.0, 130.0, 129.0, 127.0, 128.0, 128.0, 129.0, 128.0, 129.0, 128.0, 128.0, 129.0, 128.0, 128.0, 128.0, 128.0]
Crossover offspring noisy fitness: [129.0, 128.0, 127.0, 131.0, 128.0, 130.0, 128.0, 126.0, 128.0, 128.0, 128.0, 128.0, 128.0, 128.0, 128.0, 129.0, 129.0, 129.0, 128.0, 126.0, 128.0, 128.0, 127.0, 128.0, 127.0, 130.0, 129.0, 127.0, 128.0, 128.0, 129.0, 128.0, 129.0, 128.0, 128.0, 129.0, 128.0, 128.0, 128.0, 128.0]

l: 44
Fitness of mutation winner: 144.0
Crossover offspring real fitness: [129.0, 128.0, 130.0, 129.0, 128.0, 125.0, 129.0, 127.0, 128.0, 129.0, 128.0, 130.0, 130.0, 129.0, 131.0, 129.0, 130.0, 128.0, 128.0, 128.0, 128.0, 128.0, 129.0, 130.0, 127.0, 131.0, 128.0, 129.0, 128.0, 130.0, 129.0, 128.0, 128.0, 129.0, 126.0, 129.0, 128.0, 128.0, 128.0, 128.0]
Crossover offspring noisy fitness: [129.0, 128.0, 130.0, 129.0, 128.0, 125.0, 129.0, 127.0, 128.0, 130.0, 128.0, 130.0, 130.0, 129.0, 131.0, 129.0, 130.0, 128.0, 128.0, 128.0, 128.0, 128.0, 129.0, 129.0, 127.0, 131.0, 128.0, 129.0, 128.0, 130.0, 129.0, 128.0, 128.0, 129.0, 126.0, 129.0, 128.0, 128.0, 128.0, 128.0]

l: 35
Fitness of mutation winner: 141.0
Crossover offspring real fitness: [129.0, 128.0, 128.0, 128.0, 128.0, 129.0, 128.0, 129.0, 128.0, 127.0, 129.0, 129.0, 128.0, 128.0, 128.0, 129.0, 128.0, 128.0, 128.0, 129.0, 129.0, 128.0, 129.0, 127.0, 128.0, 128.0, 128.0, 130.0, 128.0, 129.0, 128.0, 130.0, 129.0, 128.0, 129.0, 128.0, 128.0, 128.0, 128.0, 128.0]
Crossover offspring noisy fitness: [129.0, 128.0, 128.0, 128.0, 128.0, 129.0, 128.0, 129.0, 128.0, 127.0, 129.0, 129.0, 128.0, 128.0, 128.0, 129.0, 128.0, 128.0, 128.0, 129.0, 129.0, 128.0, 129.0, 127.0, 128.0, 128.0, 128.0, 130.0, 128.0, 129.0, 128.0, 130.0, 129.0, 128.0, 129.0, 128.0, 128.0, 128.0, 128.0, 127.0]

l: 47
Fitness of mutation winner: 137.0
Crossover offspring real fitness: [129.0, 129.0, 128.0, 129.0, 128.0, 127.0, 128.0, 128.0, 130.0, 128.0, 127.0, 128.0, 128.0, 130.0, 128.0, 129.0, 127.0, 128.0, 127.0, 128.0, 126.0, 128.0, 128.0, 128.0, 127.0, 129.0, 128.0, 128.0, 129.0, 127.0, 128.0, 127.0, 128.0, 129.0, 127.0, 128.0, 128.0, 129.0, 128.0, 128.0]
Crossover offspring noisy fitness: [129.0, 129.0, 128.0, 129.0, 128.0, 127.0, 128.0, 128.0, 130.0, 128.0, 127.0, 128.0, 128.0, 130.0, 128.0, 129.0, 126.0, 128.0, 127.0, 128.0, 127.0, 128.0, 128.0, 128.0, 127.0, 129.0, 128.0, 128.0, 129.0, 127.0, 128.0, 127.0, 128.0, 129.0, 127.0, 128.0, 128.0, 129.0, 128.0, 128.0]

l: 34
Fitness of mutation winner: 142.0
Crossover offspring real fitness: [130.0, 128.0, 128.0, 131.0, 129.0, 129.0, 129.0, 127.0, 128.0, 129.0, 127.0, 129.0, 127.0, 128.0, 128.0, 128.0, 129.0, 130.0, 128.0, 129.0, 128.0, 127.0, 127.0, 129.0, 130.0, 129.0, 128.0, 129.0, 128.0, 128.0, 128.0, 127.0, 128.0, 127.0, 129.0, 127.0, 129.0, 128.0, 128.0, 127.0]
Crossover offspring noisy fitness: [130.0, 128.0, 128.0, 132.0, 129.0, 129.0, 129.0, 127.0, 128.0, 129.0, 127.0, 129.0, 127.0, 128.0, 128.0, 128.0, 129.0, 130.0, 127.0, 129.0, 128.0, 127.0, 127.0, 129.0, 130.0, 129.0, 128.0, 129.0, 128.0, 128.0, 128.0, 126.0, 128.0, 128.0, 129.0, 128.0, 129.0, 128.0, 127.0, 127.0]

l: 41
Fitness of mutation winner: 143.0
Crossover offspring real fitness: [129.0, 127.0, 129.0, 130.0, 127.0, 128.0, 130.0, 127.0, 129.0, 128.0, 129.0, 130.0, 129.0, 127.0, 128.0, 129.0, 129.0, 128.0, 130.0, 128.0, 129.0, 128.0, 128.0, 128.0, 128.0, 128.0, 127.0, 128.0, 129.0, 128.0, 129.0, 127.0, 130.0, 129.0, 129.0, 129.0, 127.0, 128.0, 128.0, 128.0]
Crossover offspring noisy fitness: [129.0, 127.0, 129.0, 130.0, 127.0, 128.0, 130.0, 127.0, 129.0, 128.0, 129.0, 130.0, 129.0, 127.0, 128.0, 129.0, 129.0, 128.0, 130.0, 128.0, 129.0, 128.0, 128.0, 128.0, 128.0, 128.0, 127.0, 128.0, 129.0, 129.0, 129.0, 127.0, 130.0, 129.0, 129.0, 129.0, 127.0, 128.0, 128.0, 128.0]

l: 26
Fitness of mutation winner: 138.0
Crossover offspring real fitness: [129.0, 128.0, 127.0, 128.0, 129.0, 128.0, 128.0, 128.0, 128.0, 128.0, 130.0, 127.0, 127.0, 127.0, 129.0, 129.0, 128.0, 128.0, 127.0, 127.0, 129.0, 126.0, 128.0, 128.0, 129.0, 128.0, 128.0, 128.0, 128.0, 127.0, 128.0, 129.0, 128.0, 128.0, 128.0, 129.0, 128.0, 128.0, 128.0, 127.0]
Crossover offspring noisy fitness: [129.0, 128.0, 127.0, 128.0, 130.0, 129.0, 128.0, 128.0, 128.0, 128.0, 130.0, 127.0, 127.0, 127.0, 129.0, 129.0, 128.0, 128.0, 127.0, 127.0, 129.0, 126.0, 128.0, 128.0, 130.0, 128.0, 128.0, 128.0, 128.0, 127.0, 128.0, 129.0, 128.0, 128.0, 129.0, 129.0, 128.0, 128.0, 128.0, 127.0]

l: 36
Fitness of mutation winner: 140.0
Crossover offspring real fitness: [129.0, 128.0, 127.0, 129.0, 127.0, 128.0, 128.0, 129.0, 128.0, 127.0, 128.0, 128.0, 129.0, 128.0, 129.0, 129.0, 129.0, 128.0, 129.0, 128.0, 128.0, 130.0, 129.0, 128.0, 128.0, 132.0, 130.0, 126.0, 127.0, 128.0, 128.0, 128.0, 127.0, 128.0, 128.0, 129.0, 130.0, 128.0, 128.0, 130.0]
Crossover offspring noisy fitness: [129.0, 128.0, 127.0, 129.0, 127.0, 128.0, 128.0, 129.0, 129.0, 127.0, 128.0, 128.0, 129.0, 128.0, 129.0, 129.0, 129.0, 128.0, 129.0, 129.0, 128.0, 130.0, 129.0, 128.0, 128.0, 131.0, 130.0, 126.0, 127.0, 128.0, 128.0, 128.0, 127.0, 128.0, 128.0, 129.0, 129.0, 128.0, 128.0, 130.0]

l: 42
Fitness of mutation winner: 142.0
Crossover offspring real fitness: [130.0, 128.0, 127.0, 129.0, 129.0, 127.0, 129.0, 129.0, 128.0, 129.0, 127.0, 128.0, 129.0, 131.0, 128.0, 127.0, 129.0, 128.0, 128.0, 128.0, 128.0, 129.0, 128.0, 128.0, 131.0, 130.0, 128.0, 128.0, 128.0, 129.0, 129.0, 127.0, 130.0, 128.0, 128.0, 130.0, 127.0, 127.0, 129.0, 129.0]
Crossover offspring noisy fitness: [130.0, 128.0, 127.0, 130.0, 129.0, 127.0, 129.0, 129.0, 128.0, 129.0, 127.0, 128.0, 129.0, 131.0, 128.0, 127.0, 129.0, 128.0, 128.0, 128.0, 128.0, 129.0, 128.0, 128.0, 131.0, 130.0, 128.0, 128.0, 128.0, 129.0, 129.0, 127.0, 130.0, 128.0, 128.0, 130.0, 127.0, 127.0, 129.0, 129.0]

