n: 128
lambda: 4
Median: 164.0
Mean: 171.1796875
Std: 43.510852380783625
Number of terminated evaluations (iters > n ^ 2): 0
[185, 138, 168, 154, 139, 157, 194, 145, 158, 175, 160, 186, 217, 165, 115,
 162, 134, 150, 139, 182, 212, 174, 138, 196, 177, 183, 155, 142, 303, 108,
 153, 143, 211, 129, 176, 189, 185, 167, 176, 144, 191, 167, 132, 126, 180,
 186, 121, 162, 108, 124, 259, 142, 139, 134, 120, 243, 114, 141, 222, 173,
 187, 172, 129, 241, 167, 164, 142, 229, 165, 144, 162, 158, 158, 167, 245,
 120, 226, 252, 200, 137, 100, 146, 176, 145, 155, 164, 193, 183, 139, 168,
 161, 285, 125, 228, 176, 194, 103, 149, 172, 205, 169, 222, 284, 160, 137,
 174, 134, 123, 141, 353, 137, 165, 135, 188, 240, 214, 151, 128, 249, 210,
 160, 108, 146, 244, 188, 148, 261, 142]