n: 2048
lambda: 161
Median: 526.0
Mean: 526.8203125
Std: 10.956899648273856
Number of terminated evaluations (iters > n ^ 2): 0
[510, 527, 506, 541, 545, 504, 542, 526, 531, 554, 517, 534, 528, 524, 513,
 545, 519, 523, 530, 528, 530, 530, 536, 535, 544, 518, 553, 518, 531, 529,
 523, 520, 518, 528, 537, 535, 538, 524, 514, 527, 528, 521, 519, 551, 525,
 551, 534, 513, 533, 535, 522, 538, 531, 522, 530, 560, 518, 550, 520, 543,
 523, 532, 546, 523, 513, 512, 525, 529, 525, 524, 535, 528, 511, 516, 521,
 516, 538, 521, 509, 529, 532, 516, 512, 528, 540, 523, 524, 528, 521, 527,
 526, 518, 526, 540, 531, 548, 522, 511, 522, 539, 522, 522, 530, 516, 504,
 533, 530, 521, 526, 511, 518, 525, 526, 522, 521, 524, 530, 522, 515, 535,
 513, 541, 512, 528, 512, 519, 533, 533]