n: 32
lambda: 3
Median: 43.0
Mean: 45.359375
Std: 17.945548880136684
Number of terminated evaluations (iters > n ^ 3): 0
[ 28,  37,  51,  26,  42,  33,  47,  35,  38,  44,  29,  45,  39,  41,  33,
  51,  42,  31,  44,  43,  45, 172,  35,  89,  46,  40,  36,  47,  36,  87,
  25,  39,  32,  58,  59,  52,  69,  40,  54,  67,  31,  43,  35,  50,  52,
  51,  38,  85,  45,  43,  32,  33,  34,  79,  29,  35,  51,  46,  59,  43,
  56,  47,  37,  44,  73,  47,  69,  44,  51,  34,  36,  49,  31,  50,  44,
  42,  48,  39,  43, 105,  39,  55,  23,  47,  52,  55,  68,  33,  47,  27,
  40,  54,  52,  33,  29,  28,  12,  58,  34,  52,  27,  54,  41,  39,  29,
  39,  31,  33,  57,  43,  39,  25,  42,  47,  44,  45,  46,  61,  40,  32,
  50,  56,  47,  59,  41,  25,  35,  31]