n: 512
lambda: 63
Median: 154.5
Mean: 154.8125
Std: 6.497295110274736
Number of terminated evaluations (iters > n ^ 2): 0
[152, 167, 156, 140, 147, 164, 162, 153, 155, 159, 156, 159, 145, 151, 160,
 159, 158, 146, 145, 156, 152, 156, 157, 160, 145, 150, 156, 144, 154, 149,
 157, 151, 158, 152, 155, 152, 151, 152, 143, 153, 149, 156, 154, 151, 161,
 144, 152, 161, 150, 165, 171, 157, 145, 163, 163, 157, 154, 144, 156, 150,
 151, 143, 157, 158, 162, 158, 162, 162, 165, 149, 153, 160, 164, 169, 161,
 165, 162, 155, 161, 153, 156, 160, 154, 160, 161, 154, 147, 155, 155, 152,
 151, 148, 150, 166, 152, 161, 172, 152, 165, 152, 158, 154, 153, 161, 150,
 139, 154, 155, 151, 159, 154, 146, 150, 165, 166, 153, 146, 148, 151, 145,
 156, 157, 148, 156, 156, 152, 148, 152]