n: 64
lambda: 15
Median: 29.0
Mean: 28.4140625
Std: 4.853361180264018
Number of terminated evaluations (iters > n ^ 3): 0
[23, 24, 31, 29, 19, 24, 32, 33, 25, 26, 22, 24, 39, 35, 23, 26, 25, 30,
 35, 28, 27, 33, 26, 30, 29, 27, 22, 25, 33, 30, 31, 17, 24, 26, 33, 41,
 30, 31, 27, 29, 37, 36, 18, 30, 30, 30, 22, 30, 30, 26, 26, 26, 35, 24,
 20, 27, 30, 24, 30, 29, 25, 33, 28, 27, 26, 26, 26, 32, 34, 26, 31, 23,
 21, 29, 33, 27, 20, 23, 24, 37, 28, 31, 32, 23, 24, 27, 26, 30, 25, 30,
 24, 35, 40, 29, 29, 26, 29, 31, 30, 33, 23, 27, 37, 30, 35, 23, 20, 35,
 25, 35, 24, 39, 33, 36, 31, 35, 20, 28, 23, 31, 31, 32, 23, 33, 30, 29,
 23, 29]