n: 64
lambda: 4
Median: 69.0
Mean: 74.0234375
Std: 20.18913106559056
Number of terminated evaluations (iters > n ^ 3): 0
[120,  87,  64,  86,  76,  79,  70,  78,  53,  75,  96,  60,  64, 103,  60,
  66,  94, 129,  65,  90,  58,  67, 109,  96,  58,  72,  64,  69,  76,  85,
  95,  95,  47,  60,  62,  69,  97,  58,  68,  75,  67,  68,  96,  82,  62,
  74,  81, 100,  64,  65,  88,  94,  65,  57,  91, 101,  81,  72,  62,  98,
  85,  57,  55,  66,  85,  62,  52,  74,  48,  61,  54,  66,  58,  56,  84,
  74,  73,  87,  68, 119,  63,  65, 100,  36,  55,  57,  86,  69,  78,  69,
  50,  92,  70,  71,  74, 150,  57,  67,  48,  45,  69,  89, 148, 109,  59,
  75,  58,  58,  45,  64,  55, 120,  83,  77,  75,  56,  87,  63,  50,  99,
  50,  68,  75,  44,  39,  83,  73,  55]