n: 1024
lambda: 101
Median: 284.5
Mean: 283.7578125
Std: 9.209154831733677
Number of terminated evaluations (iters > n ^ 2): 0
[281, 278, 286, 271, 287, 281, 274, 275, 285, 283, 285, 286, 274, 266, 287,
 280, 298, 270, 271, 268, 301, 291, 275, 285, 281, 270, 286, 277, 278, 291,
 282, 266, 273, 272, 287, 287, 279, 283, 295, 288, 274, 301, 285, 287, 281,
 275, 274, 277, 276, 285, 288, 282, 298, 286, 278, 303, 269, 278, 285, 279,
 283, 274, 279, 304, 294, 279, 285, 285, 278, 295, 286, 276, 274, 266, 286,
 297, 294, 287, 271, 263, 283, 282, 300, 263, 279, 274, 288, 284, 291, 288,
 287, 284, 299, 293, 287, 281, 275, 289, 290, 291, 276, 273, 287, 298, 279,
 279, 280, 284, 288, 286, 291, 293, 290, 280, 291, 293, 298, 286, 310, 286,
 289, 289, 281, 292, 303, 279, 299, 283]