n: 128
lambda: 25
Median: 49.0
Mean: 49.7265625
Std: 5.628769353383895
Number of terminated evaluations (iters > n ^ 2): 0
[59, 52, 51, 45, 52, 51, 40, 45, 44, 68, 63, 44, 45, 50, 46, 59, 55, 48,
 50, 56, 51, 45, 48, 44, 52, 50, 57, 46, 47, 52, 46, 47, 49, 52, 57, 53,
 49, 41, 52, 45, 43, 44, 54, 52, 60, 42, 56, 46, 53, 52, 50, 48, 42, 47,
 48, 43, 46, 49, 46, 45, 46, 52, 44, 51, 49, 52, 49, 52, 47, 57, 48, 55,
 53, 45, 60, 46, 69, 48, 50, 47, 51, 47, 40, 47, 54, 52, 50, 45, 45, 44,
 58, 45, 46, 50, 42, 48, 45, 51, 57, 52, 49, 51, 61, 47, 50, 44, 51, 48,
 46, 45, 54, 43, 55, 55, 40, 56, 45, 56, 47, 44, 47, 39, 57, 66, 51, 52,
 49, 56]