n: 256
lambda: 5
Median: 265.0
Mean: 275.0625
Std: 44.759382745408814
Number of terminated evaluations (iters > n ^ 2): 0
[227, 278, 302, 313, 260, 250, 337, 331, 293, 267, 195, 263, 303, 257, 261,
 238, 340, 304, 246, 275, 231, 210, 234, 236, 283, 233, 295, 247, 284, 259,
 234, 299, 275, 337, 239, 268, 341, 304, 289, 217, 233, 242, 316, 317, 250,
 354, 247, 321, 251, 364, 223, 248, 316, 252, 231, 230, 325, 325, 233, 260,
 332, 212, 290, 242, 254, 246, 217, 331, 270, 326, 272, 231, 328, 298, 262,
 400, 252, 234, 278, 314, 240, 227, 313, 287, 294, 288, 265, 200, 237, 309,
 239, 204, 265, 177, 287, 235, 257, 210, 231, 396, 239, 264, 270, 311, 314,
 259, 249, 273, 260, 256, 284, 262, 238, 333, 271, 323, 260, 364, 289, 245,
 308, 435, 274, 255, 291, 290, 384, 264]