n: 256
lambda: 40
Median: 85.0
Mean: 86.0
Std: 6.785784774069982
Number of terminated evaluations (iters > n ^ 2): 0
[ 88,  92,  78,  87,  92,  95,  86,  84,  87,  80,  88,  82,  89,  87,  80,
  76,  82, 108,  89, 100,  88,  90,  88,  82,  85,  85,  96,  78,  89,  93,
  87,  81,  78,  78,  75,  73, 102,  80,  82,  87,  96, 106,  84,  82,  85,
  92,  81,  84,  83,  81,  81, 100,  89,  96,  92,  84,  79,  95,  85,  75,
  84, 100,  84,  84,  89,  89,  81,  93,  81,  87,  83,  92,  84,  82,  98,
  92,  85,  78,  80,  83,  87,  86,  87,  85,  78,  88,  85,  84,  90,  90,
  85,  85,  81,  96,  84,  83,  84,  87,  77,  79,  88,  78,  83,  87,  81,
  76,  89,  84,  85,  84,  99,  92,  79,  82,  90,  88,  75,  91,  81,  81,
  99,  81,  82,  74,  90,  96,  72,  94]