n: 32
lambda: 10
Median: 15.0
Mean: 16.5
Std: 4.251837837923738
Number of terminated evaluations (iters > n ^ 2): 0
[14, 18, 12, 22, 18, 15, 15, 17, 14, 25, 18, 22, 15, 21, 12, 14, 15, 14,
 14, 12, 17, 30, 13, 23, 15, 18, 14, 15, 18, 12, 15, 19, 13, 14, 14, 21,
  9, 18, 18, 16, 15, 15, 25, 22, 17, 15, 18, 15, 17, 10, 18, 13, 17, 15,
 29, 15, 11, 22, 19, 12,  9, 11, 25, 13, 17, 23, 18, 18, 18, 13, 19, 14,
 21, 25, 14, 19, 15, 26, 13, 17, 13, 23, 25, 14, 17, 25, 14, 13, 19, 28,
 18, 19, 13, 18, 16, 14, 13, 12, 15, 14, 12, 16, 14, 13, 17, 18, 16, 11,
 20, 22, 15, 20, 10, 17, 15, 20, 16, 14, 12, 16, 19, 14, 12,  8, 14, 15,
 15, 11]