n: 512
lambda: 6
Median: 475.0
Mean: 477.2890625
Std: 61.62387832951683
Number of terminated evaluations (iters > n ^ 2): 0
[495, 612, 452, 479, 522, 526, 490, 401, 492, 409, 493, 489, 424, 500, 427,
 484, 475, 476, 492, 425, 493, 502, 505, 432, 562, 567, 422, 503, 399, 530,
 411, 403, 465, 386, 457, 573, 509, 477, 472, 614, 505, 577, 521, 484, 488,
 489, 527, 448, 451, 444, 357, 380, 420, 484, 452, 505, 486, 422, 429, 468,
 410, 465, 495, 462, 477, 593, 573, 587, 402, 472, 613, 454, 418, 468, 455,
 452, 418, 519, 368, 490, 508, 450, 428, 449, 476, 433, 446, 475, 413, 489,
 516, 433, 457, 572, 403, 428, 465, 433, 430, 591, 501, 549, 402, 515, 537,
 531, 425, 491, 695, 557, 425, 432, 563, 406, 567, 462, 456, 441, 364, 339,
 650, 484, 452, 492, 501, 530, 442, 416]