n: 16
Median: 86.5
Mean: 100.0234375
Std: 53.857953341949354
Number of terminated evaluations (iters > n ^ 3): 0
[119, 167,  53,  49, 136, 128,  76,  51, 222,  82,  89, 154, 153,  63, 114,
  42, 160, 116, 344, 121, 139, 102,  62,  79, 124, 108,  73, 110,  84, 309,
  68, 199, 137,  40, 119,  90,  55,  98,  62, 184,  15,  50,  86, 195,  72,
  73,  79, 107, 196, 146,  72,  63, 161, 123,  85,  86, 257,  91, 138, 140,
  64,  48,  55, 103,  66, 143,  48,  61,  91,  56,  84, 165, 140,  46, 130,
  49,  66, 116, 103, 100,  80,  81,  86, 101, 276,  52,  76,  86,  37, 159,
  79,  97,  91,  60,  27, 120, 100, 116,  52,  72,  62, 163,  94, 143, 101,
  86,  89, 136, 143,  85,  63,  76,  44,  39, 116,  40,  74,  99,  71,  87,
  44,  37,  99,  38,  59,  60,  57, 100]