n: 32
Median: 237.5
Mean: 259.3984375
Std: 113.54117781694266
Number of terminated evaluations (iters > n ^ 3): 0
[371, 345, 240, 376, 240, 240, 239, 328, 135, 261, 173, 274, 318, 208, 358,
 229, 285, 148, 102, 195, 234, 257, 455, 251, 303, 180, 321, 145, 272, 531,
 332, 315, 164, 312, 152, 202, 323, 142, 184, 279, 198, 198, 221, 711, 192,
 272, 160, 233, 172, 209, 362, 179, 248, 172, 234, 643, 466, 165,  95, 231,
 103, 431, 227, 342, 266, 278, 315, 256, 126, 274, 212, 132, 215, 131, 121,
 105, 209, 291, 236, 220, 408, 153, 416, 264, 431, 157, 137, 320, 248, 279,
 349, 200, 212, 159, 243, 169, 399, 240, 470, 305, 487, 242, 298, 155, 106,
 175, 152, 644, 342, 328, 392, 199, 281, 354, 217, 115, 186, 210, 207, 157,
 455, 164, 225, 303, 130, 198, 461, 191]